0
7674
542
1486
6550
7680
8101
7673
3978
6004
393
1315
7675
5574
826
4615
5073
8204
6551
5744
6149
3444
6161
4538
2791
6226
5555
1197
6001
6970
1295
3849
4924
4422
6856
5519
6407
3975
2718
2752
6225
6039
4851
3591
7727
5035
2222
895
6003
3581
796
4226
6442
8103
3137
3072
5835
3930
4820
1554
1139
4840
7522
5745
4343
853
4605
6696
6023
2689
3568
2241
7463
6523
545
6456
4229
5535
7666
825
4673
1296
2390
6405
8116
7111
3131
5840
3977
7728
4394
7174
2812
1357
7470
6153
2512
1359
2374
8163
2811
5559
7232
7516
4245
7502
3816
852
5007
851
1995
6219
4559
3548
1073
2741
2661
6022
2242
6151
3612
6150
1021
1245
2163
4520
7444
3554
3151
1991
4390
3584
6922
2799
4834
6324
3530
3593
6870
6115
3129
3136
3105
1600
2855
7486
4962
2879
3226
837
6040
4986
5221
2247
4590
2549
408
2299
887
161
1997
776
3775
5515
1959
8196
5865
2300
5873
5341
4230
6960
5584
5508
5690
5509
3197
483
7397
1752
1024
738
1035
737
1014
4999
1968
4688
6874
5417
2817
2133
5241
7402
6326
5569
5223
6851
4664
7339
4665
6783
4165
5974
7460
7757
4763
6064
4181
3443
2723
6287
395
6027
6650
6232
3925
2002
7469
4317
482
4672
1866
344
3619
4953
668
357
2135
2750
5333
6034
2130
2376
1862
413
139
4684
4945
2375
4744
5298
2132
4166
2253
2749
8181
5862
4745
2776
2382
8104
4749
8102
1187
7462
5511
5586
7723
543
1297
3362
6788
2008
6500
6132
4242
7072
2226
3371
2158
3983
6162
7253
4251
3982
4928
862
6693
200
1492
3509
1487
7
160
4534
6436
27
797
863
4931
954
2113
7484
2115
3948
2915
3364
7432
5415
6852
5222
5005
8043
2520
4397
4888
383
1230
3130
4408
5358
7422
3841
7731
6313
5982
6481
7439
3138
5867
5343
5856
6674
5858
2925
5830
2783
6844
2782
6237
6917
2880
3196
8076
5212
6118
4358
6350
2851
5981
5697
3542
2552
5980
5700
3966
7451
7753
994
4649
4675
6217
7082
8144
368
7475
5996
6130
3375
4618
6476
106
2755
8164
6380
473
4582
1116
6316
6489
351
6780
3143
2899
4660
6781
6136
1877
339
757
7488
5334
3108
3962
6798
6395
6995
5567
7083
7379
2393
4822
369
1484
4367
685
3598
149
3126
153
4418
7403
326
7756
3208
3133
2950
5833
402
6549
6126
5036
8203
5576
1482
6890
1140
4388
359
6515
4760
1056
3979
7497
3784
4607
5746
5992
6857
4503
4821
394
1058
7456
2683
5356
2136
366
2128
6913
1060
3575
3062
7455
4877
6317
1057
2160
4875
2514
1059
6012
3061
4708
2659
902
6518
4772
5058
3851
1137
5580
3819
2897
3200
6782
8039
3835
6238
3533
7487
4853
2519
390
4353
6184
7473
3774
5087
8117
2119
2951
6218
4201
4524
4205
4752
5292
70
2816
2380
374
6397
4575
1062
2828
2381
3600
74
4603
3681
4359
4542
4601
1052
5998
151
4163
4819
1990
7373
4767
2518
3585
2715
2394
1599
2926
1207
3125
1202
888
6325
6797
1205
3127
5853
5028
1844
2945
2728
7095
4179
414
5860
2864
479
6044
325
2773
7749
4319
182
6907
7760
6839
6303
995
6846
3922
7437
6201
3822
777
2827
7380
3501
6026
4176
7056
7423
884
6235
880
6236
4244
7747
4227
6355
373
1905
3372
8074
2796
4264
285
6204
4594
7766
2853
7748
327
6354
5753
7752
2000
8126
875
7768
4168
3666
7493
669
1962
3665
352
1908
3147
672
2739
756
4647
1689
3613
754
2802
6764
6915
35
362
8160
3367
6976
4170
7761
3573
2717
3213
6319
4380
6297
3436
6071
5689
1228
6861
7767
4519
4613
6113
4671
7414
3202
4827
4963
3435
4985
6796
1074
4584
2246
2151
2662
348
461
337
463
6381
6525
4164
6528
3221
1790
4219
5372
5038
2688
7067
5371
1986
7347
1011
4829
3594
6859
3484
4222
2264
6858
5347
6786
4832
6234
4253
7348
5085
7091
4152
3057
4354
4765
4221
5504
4815
2952
6787
3212
1319
1542
3470
7759
2544
2922
7073
3961
2010
5468
1973
6470
2722
6298
6871
7406
4578
2265
7427
1040
2588
3531
6391
2608
7754
4228
7732
7059
5739
3794
6242
4572
6241
4677
4409
4678
7426
879
7433
7071
7430
883
7424
2793
7334
878
3940
2775
5041
4178
5518
7520
8169
4646
2398
6791
5170
5861
3193
5568
3122
2641
6997
2771
6998
2263
4585
5541
6017
4191
5864
7092
6159
2391
4825
5029
2942
2846
5513
4243
2221
3373
4391
5006
2943
4095
5514
4769
2131
3210
4835
6972
3707
3074
3132
4602
4389
4598
5752
2813
7338
4701
370
3139
4107
5742
398
4108
338
7716
8038
5295
392
1690
7393
34
5207
667
1553
6637
8172
4771
3903
6635
4537
7720
3563
1303
5031
7719
333
4109
7450
3968
3363
6346
8128
1298
908
6013
384
5751
5970
7627
5224
2719
4676
4410
2400
2727
3980
4153
7064
1227
6863
467
6966
7176
5972
1077
4093
5332
3142
6116
6986
474
6912
5520
6379
6507
4331
1079
4662
1130
1965
1750
4507
6816
343
1078
6043
4826
1038
7441
3840
6230
5396
1604
6969
7336
4960
6239
882
7436
1365
1020
4387
4710
2251
991
5303
4217
2138
1598
2328
4396
1055
2819
7515
2790
1138
6484
5827
2792
6227
6045
4706
3106
2769
4092
7518
7479
1032
4816
2787
7429
4379
7335
5296
4324
1085
7395
855
2377
1084
6472
839
3199
78
2159
5841
6860
1115
2863
5339
5575
4526
378
961
6554
468
3792
4841
2009
4523
6904
1301
3772
6501
377
1053
6983
2669
5994
469
6315
2108
5585
5505
5225
5227
3150
2729
2155
5510
5032
7051
335
170
6985
2240
2541
854
1961
8159
4238
2660
4599
4740
2830
6667
4235
79
3927
4709
7454
774
1969
5302
356
5301
4674
1054
6876
772
2386
75
2516
2298
3494
773
2781
101
2759
1064
905
5061
4378
3190
2724
2392
5743
3123
6882
4393
6223
3773
6221
5181
6220
6965
5040
5683
3357
7477
3128
5872
3973
903
3971
2726
885
4249
904
5560
284
7443
399
7474
997
679
2515
6763
996
1373
5946
1543
992
6199
1244
8170
5740
6656
5078
2737
752
3207
755
6327
3360
4180
3376
5251
7034
1209
7374
8166
2924
485
4198
3614
3189
2283
1025
984
3523
1125
7060
4837
6185
4842
4361
6881
4682
552
6186
4355
2399
7375
7398
2537
412
2671
4564
4830
1037
3140
6651
778
4587
775
2757
3447
411
6789
3076
5871
3919
5866
990
4177
8137
4586
8136
2736
985
1985
4818
3359
3080
5850
5561
893
3141
2818
1121
6038
983
5704
1131
4679
73
3590
981
7504
147
5169
140
3071
145
4392
1123
5106
913
6982
2285
5685
1070
6455
2284
6896
7733
6318
6211
6025
1129
2012
1739
3576
1740
6971
4907
5854
2511
4611
3082
1019
687
4580
686
2857
2508
5967
5308
350
1134
5852
1133
4768
5632
933
2507
4202
477
4761
478
3582
1748
1210
1132
3583
6060
5693
6059
2859
4905
5826
2245
6675
72
347
6496
375
39
5211
5366
334
4541
4852
3429
401
6398
3120
7346
3361
5832
5180
7498
3672
1737
1966
169
6042
7499
2777
7496
6794
7503
4395
2517
3825
146
6480
8180
1031
2770
1736
4414
1735
1994
1049
5542
3456
7501
3676
6124
6655
6600
4349
4904
2785
7500
1552
3564
3545
1198
6866
1602
6482
6438
389
38
2794
37
1998
1061
2156
2686
3972
2684
8129
103
2152
2330
355
71
2756
1063
6477
7197
3366
4110
7449
7401
7458
6058
906
1742
3574
5368
2743
1943
2745
1177
6021
6664
2795
3768
2798
4727
3902
135
3219
2280
330
6073
6018
4791
6478
5750
4991
8073
3547
7419
1013
1842
6984
6117
7065
5430
6994
6392
1044
8219
2856
7750
3555
3965
4210
4088
6906
6292
3192
6293
1023
6349
3877
5627
5995
69
6676
3967
6677
6362
988
5418
2005
7407
3674
3897
280
5588
2953
1904
387
671
7396
6200
4617
1863
6485
4946
6487
1867
547
3715
2949
1859
7005
2898
6979
6768
5691
1870
3540
110
7461
4738
6873
6359
4365
109
4531
6304
3896
2301
4220
6066
2826
184
3920
3446
2004
3445
6019
6301
2543
7729
6046
7404
2789
4758
7036
6962
4204
6348
4608
6520
4670
6344
5551
4823
2149
6467
874
8220
3826
6123
3683
7478
3102
1700
1009
1483
4147
824
1987
491
282
7112
4246
5631
5694
7755
1003
3963
8100
6390
4247
4828
1992
6300
4206
8213
6918
2379
7465
2137
6919
2329
6877
102
2804
6678
6155
4739
4530
6668
5291
5304
1967
4932
2810
4921
4351
6957
4505
4919
4573
5836
2865
1361
4616
1028
2760
5837
7421
7173
7378
7513
6070
3589
6067
6652
6347
5208
3970
7453
6345
1036
5629
4536
5979
3571
6353
5037
6351
4597
185
3214
6197
5701
6072
4240
7074
1314
4846
4363
6295
5747
6341
6152
6339
5129
8212
2003
6075
5026
3449
4208
6198
5687
4792
4232
6361
5297
7758
5299
6337
7448
3714
2946
6076
1012
2293
5553
664
6133
6032
6222
666
1318
7003
3847
32
7417
1539
2854
2289
3107
2292
5397
674
989
5563
6112
4859
7416
6673
6399
3121
7715
328
7718
3489
6125
3684
8186
6993
2956
6992
6265
4954
8191
29
5155
3481
5157
761
7384
5046
3944
3069
6695
1004
4930
5048
2667
3949
2881
894
1843
4989
665
3211
4527
5993
6210
1211
6121
3529
7337
3923
4036
5209
451
7457
2625
3921
734
6894
4908
3577
4951
5971
2327
4528
1082
3487
1080
6486
4299
6862
460
2831
453
4167
465
4650
466
2809
7187
2753
5447
3488
471
8197
5448
2754
8184
6987
781
4762
457
4094
4300
6909
150
8042
739
3552
1743
4577
1120
410
4304
1970
484
6479
128
363
779
6334
2547
4172
4751
2784
2297
3370
2697
6488
2346
2546
7764
7447
3713
2788
7252
3539
836
3528
3145
4384
2772
3368
7476
30
3592
33
5033
5365
6784
6805
4199
6804
7418
3124
6154
7001
3567
2290
5565
2288
6240
2295
2747
740
3524
915
4213
6807
1026
6806
7370
7002
3823
2286
4398
1135
1017
6427
360
2296
3578
1538
5290
675
4381
673
5686
1541
3901
2107
3900
5063
6867
1229
342
1068
6889
2015
2808
4525
2725
403
4522
4596
6244
4224
4669
4150
6893
841
2388
5738
6412
7489
4369
7472
6888
1136
4322
7075
4223
6228
4634
4814
5359
4151
4239
551
3438
5357
842
2387
3433
3191
4149
6968
7405
2740
5400
376
4876
3532
5443
1317
2849
1845
5973
6847
3848
6119
4342
5628
7523
7746
3369
6657
7524
6320
4357
1869
5414
5517
6799
7195
1204
4794
540
7110
7245
4793
541
3969
2157
3146
3073
5630
544
4303
3572
6526
2800
6527
341
4301
6897
4302
3486
7170
4371
6110
379
7471
4368
4123
4992
6845
3195
2721
5374
1971
1213
5692
982
2153
136
5579
134
5130
4563
3525
979
6187
976
6552
980
3852
3740
1975
1751
5857
6524
367
4948
4350
2134
7466
8115
6054
2685
3932
5373
4370
1485
6974
6243
907
6122
4316
7490
2291
1033
6393
8044
5626
2954
6343
3441
6977
8206
3964
5869
2861
7212
6224
2778
6352
3618
6291
3434
6288
4233
6074
407
6340
7445
6342
8078
8075
3358
6790
4770
165
2958
1368
25
291
3084
3513
953
914
199
1367
4533
7601
3075
1355
420
803
4957
5154
5047
6688
4419
6687
1159
2114
3837
7007
2504
736
4959
6264
5263
1489
2972
4923
187
795
4420
2279
2957
1370
5044
2118
26
159
5822
6648
6903
158
768
4412
661
4864
5262
6576
211
6575
421
2145
762
4334
208
157
195
6649
3461
7033
760
909
3479
5156
4540
4939
1158
1162
418
3514
763
8185
44
6450
764
5042
4539
295
3943
799
188
6505
6775
5043
999
1978
213
6
3537
11
4958
3918
3477
6577
214
2309
5289
6278
957
4861
209
156
660
242
194
4863
4535
6502
2960
5888
215
2146
203
3917
422
296
2970
4936
2503
6269
1001
6273
956
801
8142
2109
948
4933
3504
1369
3950
4909
949
293
5288
300
206
12
6506
6271
191
6160
198
6268
1007
292
5050
2116
3482
4426
192
299
41
6451
42
6266
1002
1366
43
6454
3460
7175
2505
800
8119
6445
240
8054
28
1371
662
929
3070
1490
1161
6686
5051
6689
3472
6691
423
6272
3503
6274
958
5342
4431
6270
10
6276
5849
241
3512
2111
5052
168
864
13
415
7068
3511
4922
417
794
1008
2110
425
167
8145
1354
4423
166
4716
4925
202
4927
3941
6692
201
4938
2969
4937
207
4935
1
1362
3951
1854
769
2219
4961
4873
5399
2720
3194
2640
6981
3081
1016
1687
5107
7371
8068
6854
886
3809
2401
7425
3617
4155
4428
283
5001
1841
4429
840
2963
835
2868
6231
4105
2682
3820
6323
5512
2805
2252
3077
6631
993
1047
404
4234
2162
3204
2161
2011
3899
4321
4330
6629
2013
4940
1000
1046
345
8223
3209
3620
2373
1864
2961
1372
7084
1865
5413
481
3216
6697
7063
1045
4383
1048
2821
7762
3217
1200
1005
6880
2962
7191
6905
8161
3602
1360
2822
5228
8171
152
3218
4543
6885
5557
6793
4562
3601
7519
4236
4314
2847
3432
3599
5558
4612
6157
5941
1203
4237
4312
3675
4311
4663
5748
7435
4252
4813
6164
2947
4558
349
4560
5573
4707
5410
7514
7250
6156
7251
6041
6401
3466
4817
5556
3522
7517
4990
2104
4610
6694
4591
1873
2820
1356
6884
4926
7037
2105
7468
1029
3597
8064
6883
4702
3500
7172
1989
4532
3201
5870
4766
4703
3815
4929
2553
1840
4576
1363
4360
5828
4504
2767
4589
6279
24
1701
4424
3947
4421
771
3502
3952
4413
770
4411
1857
3507
2914
190
6216
4713
6503
986
6277
659
4865
947
3632
951
5206
189
4862
424
289
204
932
998
931
3678
8058
419
1030
987
155
212
416
216
2144
197
298
766
2148
2959
5
193
2147
3078
294
4430
6267
205
2665
952
934
7482
9
3480
2668
7483
930
196
6275
1006
2308
1160
5158
765
2666
767
5216
8149
3615
4934
210
154
950
910
3478
2117
5049
1221
8045
8192
7485
2112
3616
7069
7233
290
955
6690
2971
2714
8
7563
3476
798
186
1353
4425
8065
8217
1491
3510
1493
5045
4920
3506
5466
663
297
5000
802
6991
5566
1157
8057
3505
1352
2397
164
5968
6553
2223
892
6396
891
5741
4561
7420
4557
1201
2768
7508
2589
3706
7459
1220
3471
6633
364
4192
3904
3885
4518
8134
2797
7004
4218
7717
380
900
3566
4154
3227
7415
8150
6634
7464
6630
4606
6632
6865
5570
3543
3708
3544
3984
361
6356
358
4773
2825
4750
6878
6475
3148
7565
6958
6887
2143
4593
1364
6886
8062
4604
1358
2545
3765
6996
655
382
5834
4215
3741
2395
1871
6795
6963
7035
3079
1034
4104
4506
2129
3518
5794
3924
6294
4320
6296
6020
6302
3440
6289
4323
8211
7081
3898
4521
1299
7058
6338
406
6336
3439
6202
4661
7376
4987
105
3827
4737
6911
4728
8198
4741
7452
7712
3215
6229
4315
6961
3845
8175
2742
2302
386
6063
4171
6065
8037
4173
5969
1601
4364
7428
3821
3562
2006
2220
3976
4250
3222
4169
183
1999
2548
3526
6636
4344
108
2803
7194
3546
163
3224
486
5696
6114
4588
8205
3974
889
286
7192
405
2883
3929
876
3931
877
4339
6322
4241
5839
2786
1972
5571
1846
2944
3144
3586
5859
3549
6131
3587
6394
381
1488
1043
1122
1027
1124
5703
962
7509
753
6908
3839
2738
6779
6916
5079
4216
1545
3483
1551
6190
1549
4214
670
5230
1546
5997
6474
3551
1548
1022
36
332
1544
7467
1117
2973
3946
3508
3953
7442
5698
7438
4683
7188
3149
1879
5320
5838
4146
4824
5306
8141
7062
6760
1141
7372
6802
5003
6803
6850
6801
8040
3621
2852
2267
6135
5335
4211
4944
365
2282
1199
3622
1960
2287
4352
2266
5086
3541
1993
683
4148
148
3550
1481
2867
2336
3926
6402
7394
5868
3553
5093
7665
6410
4614
472
6165
4943
2850
2224
6868
5092
5824
1051
2396
5115
5825
480
5034
1351
5318
470
3569
3761
329
2670
7038
5749
372
7521
1951
2758
681
1963
1118
5321
7050
396
1747
3850
975
5695
677
5132
1749
1042
7241
5702
3499
5705
680
3814
4262
340
3682
7382
1196
2389
8224
7510
1909
2862
1906
6483
1907
2801
735
5688
5507
935
5506
4592
3838
7667
1878
2964
4139
7668
2619
1010
2306
7377
1547
7664
4263
6189
678
1974
6815
3109
475
2748
4544
3521
7217
6910
2106
1988
4918
5210
1050
4697
1734
1041
3455
2744
3738
281
5446
6989
6769
388
3737
5293
1753
1142
6848
2294
346
4567
2746
2281
4887
3673
2150
4144
1208
2858
1316
4764
4356
2860
6792
6891
6111
400
2916
4668
4175
8173
2001
2848
2882
3485
7413
4705
5577
5346
2779
6134
4145
838
5131
6468
4313
6290
385
6299
6328
3766
4417
2030
2806
2027
6875
3745
2542
2032
2815
2029
2154
721
4386
100
2829
1738
4574
2028
3939
2127
3220
3739
6921
6879
3527
6120
4382
4635
3101
1872
4984
2320
7066
1860
3103
1375
6129
1540
3104
1374
2007
1861
6785
7094
5855
5245
7480
3824
4174
2948
6163
5398
6849
6653
1944
353
3767
6654
6666
5947
1302
5319
1688
6869
1075
3100
6426
4529
3083
5715
1071
6892
2244
4207
8060
4366
2509
5863
4579
2243
7669
1072
3223
4838
4362
5062
6314
5312
7061
2262
3565
6504
4200
1745
2866
1746
5355
1076
4182
3570
7507
4345
2353
7085
6158
7088
6166
7093
1494
6033
5004
7089
7171
7090
5829
1212
6853
5300
5831
3517
890
7431
2774
6233
6973
7434
7057
7580
3677
7600
7080
1603
5953
1858
7086
2216
6967
6127
6920
7329
2385
1119
7446
7751
7087
6128
3588
7765
4212
911
4583
476
8105
912
7495
676
3771
1744
6872
6841
1018
4742
6895
104
5039
6669
2824
99
354
6671
4600
2692
6191
6670
4385
6408
3365
6840
409
2225
3928
5874
5554
6409
2923
6360
4231
5758
546
3448
3519
4112
3437
6028
4209
448
3198
449
4318
1178
6988
6959
6188
6665
3853
2250
331
5057
2807
162
6441
4836
2814
2626
4106
6471
1996
4743
1039
960
2823
7193
391
107
336
5381
4346
4874
2780
898
2751
5952
5213
8202
3374
7345
5030
2716
1015
7440
6800
2563
1113
5578
1114
8130
141
5348
959
5572
4994
1964
1733
3793
7763
3795
1741
7494
8158
4609
6321
7399
4566
371
684
6838
978
397
977
1984
682
4595
1868
6137
31
8041
6203
6864
7711
3810
7713
881
6855
2384
6312
901
4248
7676
7679
7677
3657
6050
7683
7682
1328
1322
7540
7538
7545
7546
7553
7551
7550
2211
2212
3727
3729
2213
6615
2214
3757
4514
5736
2561
3752
3755
3751
3754
7248
4844
4845
3354
4843
3356
2418
2419
6142
1707
4510
1329
6144
1705
6146
1704
4508
4509
6145
1325
1324
7672
1323
3728
7535
7539
7552
7549
7556
7557
7554
7542
7537
7543
7544
7561
7558
7555
7560
7559
7548
7547
7536
6616
5283
7178
1702
6215
2204
2206
2205
2208
2210
4162
6214
2207
7572
6213
2209
7358
7189
2217
2218
6385
4653
4652
4651
1856
5944
1855
6388
2215
6389
4654
6387
6386
7364
7363
7359
7361
7362
7367
7295
7368
7343
7360
7365
7369
7344
7366
7342
6449
7296
7340
7341
7320
2064
7319
6419
4515
6418
6416
6617
6417
6415
6414
6413
7318
5284
4715
7321
7317
2063
2062
2061
6608
2057
5285
2058
4516
7237
7236
7239
7240
7238
5286
6047
2059
7312
7299
7300
7309
7310
7308
7307
7305
7304
7306
556
4872
7294
7292
6448
7293
4871
555
7332
7313
7314
7315
7297
6609
7324
7356
554
553
550
549
7330
7331
548
7328
7355
7327
7326
7325
6612
7353
6611
7354
6610
7350
6613
5754
7352
7351
7349
2065
7333
7323
7322
7316
7311
7298
7303
7301
7302
7262
7267
7266
2056
7269
3651
4400
4630
6108
6109
4632
4399
6107
4631
6106
5729
5728
7291
7288
7287
7289
7290
7285
2060
7286
7271
7268
7270
7264
7265
5521
1447
7272
1448
6607
7234
7235
5522
7273
7282
7263
7283
7281
7280
7279
7278
7277
7275
7276
7284
7274
1446
5440
7256
7261
3352
4513
6618
4111
3442
7255
7260
7259
7257
5730
7258
7211
6619
5441
6741
431
6740
4648
7254
6604
6605
6606
7199
7198
3559
5218
2556
3560
3561
3558
6738
3557
6739
2055
3556
7206
7205
7204
7202
3650
3606
7215
7203
4717
2053
5226
7201
7200
2052
7136
7137
7131
7132
7133
7134
7130
2558
2557
2054
3259
7129
5217
7135
5966
4255
2492
1713
1715
2493
6105
5219
2495
7124
7123
7138
7125
3662
5432
2494
5963
5964
3686
6255
1714
3687
5965
6104
6103
5431
2496
7628
7631
7629
7630
7632
4120
7828
7827
7829
3464
7834
7634
7633
7635
7835
5350
5349
5762
8151
8154
8153
6746
2499
3393
8152
6745
2497
7830
7097
7950
2498
7825
7869
7875
7874
439
5416
7872
7873
7836
3462
3463
7871
7856
5159
7855
7866
7865
7867
7863
7858
7864
7868
7862
7857
7410
7832
7411
2733
2732
3652
2525
4258
7618
7621
7619
7616
7620
7623
7622
7210
5927
3469
5898
2526
5901
5562
6101
6100
5921
3252
5920
7575
7574
5919
5918
5917
5916
5915
3261
3263
3264
7568
7567
7569
5145
7570
3265
7177
5141
7564
4309
5732
3266
4699
7566
5778
3267
4310
7562
3268
3269
3270
7571
5147
3271
6466
7573
3272
7246
5146
3262
5913
5914
3251
5214
6284
5215
6285
6283
6282
6280
558
7165
3253
3389
7153
7116
7213
7115
5851
3390
5593
5539
7113
5823
3388
7161
7160
7159
6435
3465
557
7249
7154
7164
7162
4719
7163
7114
7166
7169
6281
6286
6369
6370
6373
6371
3258
6372
6374
5220
6247
6248
3245
6250
6251
6252
6253
3246
1717
6249
6245
1698
3609
1699
3610
1720
1719
6246
3242
3243
3244
1718
6254
4256
3247
3298
4714
3260
5810
5148
5149
5150
5151
3248
7626
3249
3250
5954
5956
3273
3283
3281
3276
3277
3301
7140
7139
7141
7143
7151
7152
7150
7149
5008
4718
7148
5538
6954
7144
7147
7146
7142
7145
3279
3280
5961
3278
1716
5962
3282
3300
3288
3285
3284
7638
8067
3286
5958
3287
5955
5957
3274
3303
5960
5959
5152
3302
7636
4119
7637
3299
7624
3275
7625
6102
5894
5892
5891
5893
5896
5897
5895
5902
6521
5900
5229
7242
6458
7579
3426
7578
6457
3425
3423
2731
5665
5977
5978
5664
5666
4254
5976
5975
7583
7588
7576
7577
7589
7582
7581
7587
7585
7168
7586
7584
3424
7591
7590
3454
3453
5991
2730
3538
7595
7594
3516
7592
7593
7597
7598
5660
7599
3515
7596
5907
6078
6079
6080
3623
3624
6081
5774
3475
5642
5646
5635
5790
5345
5949
562
561
560
5616
5617
7096
5619
5620
7607
5618
7606
5621
3834
7608
5789
5791
5793
2530
5647
5792
5643
3473
3625
3474
5645
5644
2529
5651
3535
3536
3534
5650
5648
3636
2528
5899
5889
5890
2527
6727
3635
5649
7605
7615
7617
5788
5636
6517
3628
6516
3629
3627
3631
5677
5674
559
563
5668
5669
3634
5679
5670
5676
5672
566
4333
565
567
5675
5716
5673
568
5678
564
3626
4257
5671
3630
4886
4885
7610
7611
7612
569
7609
7808
7806
7813
7814
571
7812
7613
7614
7809
7810
7807
7811
1721
5795
5796
570
5798
5797
1722
1724
1723
4947
6368
7816
7817
7820
7818
7819
572
7822
7850
5940
6459
7844
4259
7209
5246
7815
6024
7843
7837
7838
7839
7848
7845
7849
7854
7853
3421
7412
7831
7859
7860
7861
2734
7833
5160
5737
440
7870
7876
7826
2500
2501
7230
2524
2521
2522
7821
2523
7852
7851
7847
7846
7841
7840
7842
7964
7894
3172
7893
7895
7960
7963
7962
7958
5771
7947
7949
7945
7970
7971
7972
7959
7965
7966
3171
2039
7896
6363
7892
3414
3170
3415
4118
7897
7898
3417
3168
3392
743
744
7918
8016
8015
2041
7997
8013
8014
8017
8021
8024
5768
7881
6382
5760
3156
7879
7905
6383
7906
7907
7908
7911
7913
7914
7916
7917
7903
7902
529
2045
7773
2538
5503
7772
7777
7774
2513
7776
7775
7771
3418
7770
532
531
530
3689
2046
3633
7780
6964
7779
7778
533
534
7901
535
7915
539
3451
538
537
536
2049
7684
8031
8033
3155
2048
4833
8027
8030
8026
8029
7887
8034
8036
8028
8035
8032
2044
5759
7886
7885
7884
7882
7883
7880
3154
4746
5877
5878
4748
5881
5879
5880
3383
3385
7878
3384
2502
7932
7931
7930
7927
7926
7925
7936
7937
7938
3165
6999
7943
7941
7939
7942
7940
7924
7935
7934
3164
3163
3162
7933
3416
3391
7877
7946
7956
7944
7979
7957
7978
7977
7976
2038
7948
2036
7961
7973
7967
7968
7969
7974
2037
745
7987
3846
7988
7990
8001
3169
8000
7984
7985
7986
8002
8006
8010
8011
8007
8008
8005
8004
7980
7899
8003
7998
7999
7983
7981
7900
7982
7991
7996
7993
7995
7994
4101
7989
7923
7922
7920
7919
7921
4099
7992
4100
7824
7823
4102
1725
4103
5800
5799
5803
5804
3422
1726
2086
1727
5802
5801
7646
7647
7652
7653
7648
7654
7650
7655
7651
7649
3844
3843
3680
3842
5783
1728
5809
3430
1729
6620
6621
5808
5806
7803
7799
7800
7658
7660
5733
7661
7659
7657
7656
5734
7643
7641
7640
7642
7644
7645
7639
7662
7663
495
2051
7802
7805
7801
3431
7804
5807
5785
5805
5784
5782
7782
7795
3981
1730
7797
7789
7787
7796
7786
7792
7788
7791
7798
7785
7790
7794
7793
7781
3419
751
7784
7783
3167
8009
3166
750
7231
3420
749
7769
5999
6000
748
747
746
7888
2043
7912
7910
5731
2042
5735
7909
6384
3409
7904
7954
7955
7953
7952
7951
8022
8025
8023
8012
8020
8019
8018
6365
7975
6364
741
7891
5767
2040
3386
7890
742
7889
3387
5875
5882
4747
5876
3382
5756
4689
7929
3157
6366
3378
6367
3377
7928
5766
6306
5757
6307
3158
1712
6308
6256
3159
6309
1709
7109
6257
3160
1710
1711
3161
6258
6259
435
433
434
7122
7118
7117
437
438
7127
7126
7128
2559
5344
7119
7120
3881
3882
7121
432
3748
3749
3884
5945
3750
3747
3746
7107
7108
442
436
5540
7103
7104
6614
7100
441
7247
3883
3756
7105
8079
3959
5718
5719
7106
5720
5722
5721
5717
5723
3753
3380
1703
3381
4517
3355
3379
3353
446
443
7102
7101
2050
7099
2560
445
444
6262
3152
6263
3153
2047
6260
1708
6261
1706
1330
6143
6147
7531
6548
1326
2383
1327
1331
2539
7671
7670
7700
1332
2555
7678
7705
7708
7706
7707
7704
7703
1305
1445
7701
7702
6378
6377
7687
7694
7693
7689
7688
2540
7696
7695
7691
3712
7690
7692
7685
7686
7697
7698
7699
2554
6376
6375
1304
6522
7741
7742
7737
7735
7738
493
7736
5143
494
7740
7739
7744
7743
7745
492
7726
2506
5071
5072
7724
7725
1300
7730
7722
7721
7734
6002
6014
4754
3095
3097
6068
6069
2551
1826
1292
4788
1293
4785
1294
2337
4338
4757
4337
1290
1291
2698
2699
1289
7603
6429
6430
4756
4581
4790
6431
7681
3789
4789
6433
6432
3790
3791
4142
8066
7604
4839
6428
3642
3098
3094
4786
3096
4755
6015
4787
5775
5776
4759
6990
7709
2673
2675
7710
2674
8133
5467
8132
4996
4782
5777
846
5667
3427
4879
6403
921
6006
6007
1146
3888
2532
4995
4998
5352
5354
6358
5353
6357
6978
4860
4997
2533
2534
2535
2239
2629
6421
6422
4783
2237
2628
2238
2627
1145
3889
6010
1147
3206
6011
3892
3893
6009
3891
3806
3805
3895
3685
3894
3205
5625
6008
6005
4878
8156
6975
2705
3886
6736
920
919
6406
789
6980
1148
2231
788
2230
2229
1851
785
917
2232
5450
918
2101
784
2228
1852
1853
2268
2234
1849
2708
1153
1848
1152
2270
2707
1155
5055
2269
2271
5056
1151
822
5474
7167
792
5476
5475
3134
5471
5472
1149
8167
5473
2274
1150
8168
8063
848
1154
1847
791
4037
8210
790
6404
8209
847
3611
6400
490
6446
6447
845
844
1956
843
2676
2677
1957
6914
2678
2679
489
2681
2680
5922
488
2227
2338
5469
487
3656
7070
6051
2277
4849
6770
2278
5470
6771
6772
6773
4848
4847
4850
1811
823
2709
829
828
830
2710
831
827
3099
1812
833
793
3135
832
8131
820
819
2275
2276
818
821
928
1206
926
927
923
8059
3725
1810
2711
3726
7196
1809
816
2712
817
834
925
924
2713
6956
180
5482
181
5481
179
5484
5483
5480
2103
5479
178
5478
176
5477
6955
1850
2236
175
1838
1839
2272
2102
2273
2706
174
2235
5485
5486
5449
5451
5340
5053
5094
5095
177
1760
459
4980
4982
3058
4983
3960
456
1083
7006
4857
6645
462
4720
3468
4141
4988
464
7040
4306
7039
4305
4308
4307
1143
1144
783
4950
7041
7042
2100
5054
2099
7043
5096
780
7044
7046
7045
7047
5444
7049
7048
447
5445
450
171
1755
3579
1754
4981
4979
1732
1756
6646
6647
3580
1731
455
5336
452
5337
5338
454
1126
1761
1127
1128
173
172
5097
458
3887
5098
782
4949
3890
787
786
2233
3428
3818
3817
7219
6425
922
6424
4812
6423
4811
3878
899
2303
8221
3467
3174
77
76
7491
6305
6469
4810
7492
849
2014
3173
897
896
2248
2249
6016
4899
6437
4906
5305
850
5317
6603
5307
5310
5311
5309
2510
2536
5314
5313
5315
5316
1069
6832
6833
3111
6834
125
1086
5950
1087
1827
1791
7530
6835
124
6836
1089
6837
123
122
4121
1093
1092
1091
6099
6098
2633
5367
6097
7156
1067
2331
2695
2696
5264
5065
2491
3110
2489
1214
2490
7155
1090
2634
1094
4122
121
5360
5361
114
1789
127
5362
1081
3059
1088
1818
5066
6530
4203
6529
5375
5376
5088
7229
1758
1757
1759
5377
1111
2635
1112
689
688
6758
1828
2639
1786
5069
1787
1788
1785
6751
6752
6750
1784
7214
6753
6754
691
1783
1821
1820
6443
1822
1782
1824
6755
6756
6757
6759
5378
690
6491
4890
6493
6492
6490
6535
6495
6494
6531
6533
6532
6536
963
6534
964
1825
965
968
969
972
7532
970
971
1830
974
7228
973
6698
967
6699
137
144
4892
4894
138
53
3667
51
1916
3668
4266
4265
50
5253
1918
6497
1917
5499
6541
6766
1321
3664
6765
6767
3663
1903
1685
5074
1684
1683
1682
1911
1913
3603
3604
1912
1914
4893
1915
3605
1320
4891
54
3669
6540
3813
4897
4895
6539
1829
966
5089
143
142
4896
6537
6538
5438
1819
5070
1823
83
867
866
1800
1803
2624
1801
1804
1802
6828
4556
2621
2620
2622
2623
82
1778
52
4655
14
15
5497
1256
8174
6701
6700
1780
5495
1779
5496
7528
7527
5123
5128
1640
1781
732
6703
6704
733
1771
1642
1772
1773
1641
636
1774
1794
1796
5136
1797
1799
1808
1798
1795
1793
1792
693
692
130
5135
5134
1833
1831
133
1832
1834
81
1102
1103
1108
1109
1106
1104
1105
1110
694
1107
1835
1836
6831
5091
6830
6829
5090
5364
5363
6749
696
5138
5327
7381
2259
2261
5324
113
5325
5326
2630
2260
2632
3694
2258
3412
2257
112
2631
7529
5351
3695
111
2896
2895
4901
2256
4902
1097
1095
1065
2348
1066
6440
6439
40
4903
2347
916
5059
2332
2333
5060
637
658
2255
2694
7525
2254
1099
7481
3411
118
119
2672
1100
115
6735
4964
6733
6731
4967
6729
6730
6732
6734
116
4969
117
6031
63
61
8157
4976
4978
129
4975
4977
3734
4974
4970
4971
120
4432
4900
695
4972
3736
3735
3733
4973
126
6725
1813
3693
2638
1816
1815
131
80
5133
1817
132
1814
731
1902
1901
2664
2663
4968
4965
2833
1895
1894
6473
62
2590
60
1897
1896
2564
5266
2565
1887
1888
1889
1900
1648
1647
3722
3721
3724
3723
5002
3720
2832
66
67
65
64
3450
68
656
657
717
5330
5331
716
3760
1646
1645
3719
2426
2370
3759
3770
720
2031
722
1179
3742
3743
2125
2122
2123
1952
1946
2120
2126
2368
2343
2124
6728
2369
2344
718
1584
1580
1579
2342
2341
2340
2339
2345
6672
1954
1947
1953
2121
1948
1191
1189
3044
1188
1190
3045
3046
3047
1185
1184
1173
1174
4097
4098
1176
2421
2321
2422
1181
1175
4795
3769
1183
1186
1182
3730
2423
3731
2322
3055
3054
3053
3056
3052
3764
3762
2425
2424
1180
3763
1192
3049
4096
3804
4797
4803
1193
1194
1195
1593
2366
2364
2362
2927
3048
1594
4800
1958
2940
3051
3050
5452
2938
2939
4798
1592
2596
6658
2597
2594
1591
1590
1589
2365
2363
1588
1955
2367
1586
2359
2361
2593
2355
2354
1578
6762
6761
2598
2357
1587
2599
2360
2358
1574
5436
2595
1573
8077
7400
6444
2356
6208
1572
4784
6037
7179
1569
1570
2581
1555
1556
1558
1575
1576
3717
1581
1583
719
714
715
5433
2566
2567
711
709
710
3732
2026
2693
1649
1650
1891
2578
4856
1890
2573
2575
2574
2568
713
5380
1582
3718
3716
2372
2371
1585
712
4855
5379
707
1893
1892
706
705
2402
2690
2691
1557
2403
1571
1577
2601
2600
2602
2586
704
7511
2587
1884
1882
2318
1883
699
23
6679
58
1239
7533
2016
6680
4854
698
18
5265
2415
2570
728
2569
2023
1763
1762
726
6036
6035
729
1764
1639
1644
2411
2571
2406
2024
3060
59
2407
5267
22
2579
2580
2019
427
2577
426
7223
6057
2021
2604
428
2020
5144
697
723
2576
2416
21
724
20
2413
2022
19
2412
727
2414
725
7526
2417
2658
1769
2606
5127
1775
6077
6055
5124
5502
1242
1243
5501
16
4656
1837
869
6702
5500
2034
5116
8218
5118
4657
55
4658
4659
2033
2616
429
1777
5498
8183
2615
8182
430
6052
6053
868
2637
1776
2636
1806
17
5126
1807
1805
4190
2607
2605
1635
1634
1768
1767
4565
1766
2025
1637
1765
730
3933
1770
2408
1636
1643
2410
2572
2405
1638
2409
2591
2592
2404
4966
1898
3914
3913
2603
1899
1886
2834
2835
2836
3915
3758
7512
2585
2317
708
703
1885
8118
702
2305
700
3744
3776
701
5153
2582
2584
2583
6434
5009
2314
1238
4019
4018
1237
1931
4021
2018
4020
1925
1924
2017
6681
1236
1926
2311
2313
2312
1235
6683
6682
6684
1333
3117
3118
3119
1334
2837
2202
5177
5178
8121
8122
1335
2838
1336
858
860
861
857
859
856
1349
7158
7157
865
1413
2843
6085
1412
1471
4332
5821
5819
5818
5820
6685
1880
1234
2315
2194
2195
2196
4620
4621
2197
2198
2199
4569
1423
1422
3777
1436
3778
1421
1414
1415
1416
6093
6094
1420
4023
1425
2933
1930
1419
6092
1417
2935
1418
6095
1434
2936
1435
1440
1439
1441
6096
1424
2934
3779
3780
3783
3782
3781
5395
6091
1438
1444
90
4898
4730
4734
4733
4735
3808
6174
1934
3912
1935
1936
1937
3698
3699
3705
3704
3703
3702
3701
4799
1939
6660
3710
1933
3700
1932
4017
5437
3711
3911
1938
3909
6662
6661
5137
4022
1563
1562
1442
1443
3785
2432
7357
2430
2431
2932
1559
1560
1561
2531
7534
2928
2930
2929
2931
6663
3910
1941
4415
4416
1940
1596
5439
5238
1595
5236
5179
2937
2687
5239
6659
5237
5165
5167
4796
5240
4802
1597
2941
5166
4883
1219
4882
1942
5168
4801
4884
3908
6642
6641
1217
1945
6643
1950
1949
4881
3905
3907
2323
6819
3691
6817
5461
3786
3697
5103
5545
5100
5552
3692
6818
574
6825
3696
573
5099
6824
575
6822
6821
576
3688
5528
584
587
594
7227
7226
5533
586
585
596
6826
604
606
3690
3916
5523
5544
5755
5527
5524
5526
5525
5707
5706
7225
597
5531
598
600
599
601
605
5708
5709
5711
5710
5712
5537
5536
583
5104
582
589
588
592
593
5105
5699
3802
595
602
3800
3801
3803
3798
3799
3797
612
8113
5102
3796
8072
8114
611
610
8111
8112
608
609
8107
8108
8110
8109
607
603
613
614
617
5532
5530
5534
3452
616
615
5203
590
591
6820
581
618
5370
620
5546
623
622
5547
621
5369
619
3811
3812
5204
579
580
578
3788
5101
7383
577
6823
4700
5205
5548
3787
3906
1218
3496
5411
3495
7186
3492
3493
3498
3491
2325
2326
6644
3497
6623
6624
6622
3490
2324
5412
6625
4731
2433
4729
4732
2434
5383
2443
5385
5388
5386
5384
5387
2435
2437
2438
6138
2439
2440
5460
5455
5456
5464
5465
5458
5457
4775
2441
3638
3639
4005
3640
4091
5459
4090
4089
3256
3335
3255
5663
3254
5404
5405
5661
3333
3334
5662
3257
6514
3318
3317
3314
3313
3320
3336
3312
3311
3319
1216
3327
3326
3316
3315
6638
3322
3323
5252
5453
3321
5454
6513
3324
3325
4831
6639
6640
2378
1215
3328
4031
4032
5608
5609
5659
5657
5658
4030
4029
6601
4028
6602
98
6411
3329
4328
4327
4326
5637
5611
5652
5639
5640
5681
6148
4325
4329
6580
5638
5680
3330
4013
3332
3331
4012
6056
4014
2350
6581
6582
2351
2352
4006
2349
4870
4868
4867
4869
4866
4015
4016
5633
5634
8155
4075
4076
84
5603
3349
3348
3351
85
3344
3345
3346
6212
3347
3350
3395
3397
3398
3394
3396
3404
3403
3402
3405
5607
6170
5604
5605
3401
5606
3400
3399
6168
6169
3410
3406
2487
2181
2488
3309
3310
2319
4070
4071
3237
3238
3240
4051
4050
4049
4055
4048
4053
4054
4056
3671
3239
6173
1697
6175
1696
4052
6172
6171
3670
3009
3008
6176
4074
3872
6167
5011
3007
6180
3006
3005
3002
3854
3001
3003
3004
5202
3857
6181
3000
6178
2999
2998
3856
3936
5027
3855
1695
4073
6177
1694
1692
4066
4067
5075
6179
1693
4068
2483
5077
2481
3993
4027
4026
8083
3992
3995
4069
3994
5064
2482
4024
4025
4642
2478
2479
4641
5247
2480
4643
4644
2485
4645
2486
3858
5382
2484
2477
5076
2476
5018
2459
6946
2463
5020
5021
2460
7021
2464
7022
5015
2991
7023
7024
2989
2990
2993
2994
2992
4555
2465
7025
2469
2466
2467
2468
2907
4704
2908
2909
5938
4712
1390
1387
4553
4554
2910
5939
1274
1275
5924
1276
2900
812
5931
1495
815
4551
4552
1388
2904
5923
1389
1391
2905
2906
5068
1392
5067
7026
7028
2901
7029
7027
4004
7031
2996
6463
2471
2470
5937
5925
2472
5909
6460
6462
6461
6464
6465
4035
7030
4083
5926
2902
3859
2997
2995
2903
5911
5912
4034
4082
5908
3231
7016
5815
7015
7014
1499
1498
4627
4628
4629
5933
7017
1500
5816
5817
5280
5595
1496
7018
7019
1497
4625
4626
5934
5935
5200
4159
8194
8193
1393
1394
7032
527
1395
2874
2891
1980
1981
1982
1983
1567
1568
8096
1453
1566
1564
1565
5786
5787
4698
263
5780
5781
264
8095
265
267
5811
1398
1397
1396
1399
1400
8187
2884
2873
2877
2871
2872
5779
268
269
524
525
1402
5812
1401
2893
526
5272
5281
5276
5268
1405
1403
1404
1406
5323
2869
2870
7098
5322
2841
5773
5529
1278
1277
8189
8188
528
5270
5279
5271
7013
2886
2885
1679
1451
1452
4680
1449
1450
8098
8097
2887
4695
2878
8099
2889
2890
4131
7505
2888
2892
5936
8214
7506
1680
1681
7020
2894
2427
4057
4124
4125
4127
4129
5814
5813
4687
4686
4128
4130
4126
628
629
627
1282
4115
4685
626
7207
5951
7208
4753
630
945
946
4913
4916
7389
7392
7390
7391
5904
4915
4912
4914
4917
7182
3871
3203
4188
7388
4189
4044
5903
3870
4047
3868
3866
3864
3863
3862
3861
3865
3867
8071
3869
4078
4079
5843
4080
4081
4045
4046
5842
2429
4087
4061
3860
3873
3874
4116
7077
7076
5905
7078
7079
5884
4062
4063
4064
5885
5883
5886
4065
5887
4681
2428
5844
5845
5846
3233
4084
5848
4085
5906
4033
624
625
3232
3880
5596
4185
4184
4187
4183
4186
943
944
4042
4038
4039
7386
7185
7184
7183
7385
7387
4077
4086
4040
4041
4043
4117
8106
2766
7181
2764
2765
2763
2762
2967
2761
3655
8179
2965
2966
3520
6061
3595
2735
498
499
3035
3034
8176
8177
3112
7055
3113
501
500
8051
8200
8199
502
503
3458
3457
8050
504
3114
505
3116
3115
8046
3092
8049
8047
4140
8048
3093
3086
3087
3085
3043
3036
8052
8053
4955
3042
3037
3039
3038
3649
5684
3648
5294
3647
3646
3645
5592
3644
3643
3091
3090
3089
3088
8056
4711
8055
3040
8080
3014
4377
3015
4889
3016
3041
3017
3879
3018
3596
3019
3407
3408
4114
5601
8085
5600
5516
3293
3294
5549
5598
4195
4197
4196
4340
4341
8081
5594
5550
4374
8084
5597
5599
4194
3228
3295
3297
3296
4137
4160
4135
4134
4133
4132
4638
5602
4158
5591
8082
5589
4156
4157
5590
6579
4193
4571
3291
3292
3290
8088
8087
8086
3230
4136
7602
4138
1633
3229
8090
8089
3289
8091
1651
631
4058
3986
4060
5847
4059
7052
6062
7053
7054
6724
3234
1283
1285
1284
1286
1287
1288
1379
1380
4003
6195
6717
1653
1652
1654
1668
1667
1671
1655
6194
1656
1657
1658
1659
1660
1661
4002
4113
4001
1662
3990
3988
3989
3987
1664
1665
6196
6193
4549
4161
1663
2475
4550
4000
6452
1670
1669
1666
6192
1676
4619
1673
1672
1674
6716
6715
6714
3985
6713
6712
4666
1675
1677
5248
6952
3236
6953
6951
6949
5929
6710
5928
2473
3937
5172
3938
4406
3991
3996
2474
3997
3998
3999
5930
6711
6948
6950
5231
6182
6183
6947
6453
5014
5013
5012
2461
6945
2462
6944
6943
6942
6941
2175
3026
3027
3025
3032
3033
3028
3029
3030
3031
6940
6939
2190
6938
2174
6937
2912
5024
3023
3021
5016
3020
5025
3022
3024
6936
2189
8120
2188
5434
2187
2186
3183
3182
1476
1475
1474
2457
3186
2458
6082
6084
3184
6083
3185
2184
3181
3188
1477
2185
1479
3187
1478
1480
2173
2172
2562
3607
3175
3179
2455
3178
2456
3177
3180
3608
6593
6590
6592
4779
4781
4780
4778
4011
6591
4777
2176
2988
89
4335
4336
6589
2178
2179
4774
4010
3010
2183
3011
4776
4008
2177
2180
4009
6588
6587
6586
6585
3304
3305
3306
3679
2182
5615
4072
5725
5726
5727
5724
88
3307
6584
86
6583
4007
3308
6335
87
5613
5614
6141
3343
5682
3338
3339
3340
3342
3341
3337
5612
5641
5610
5654
5655
5910
5656
5653
4911
3637
4910
5408
5407
3641
2451
2450
5406
2449
3012
5463
2448
2447
5401
5402
5403
3013
2446
2452
2453
5442
6726
2445
5462
2444
2454
2442
2987
5389
2436
5198
5287
2985
3413
2986
5199
5391
5390
5392
5393
5394
1437
1430
1426
1427
1428
1429
2983
2982
2978
2980
2981
2979
2984
1433
1432
1431
91
6090
6627
6628
5420
5421
5419
6626
5422
3225
5423
5424
5425
5428
5427
5429
5426
5010
2169
2171
6594
6595
2170
2193
2975
2977
2976
1473
6089
1472
4225
3176
2191
4568
2192
4570
5543
2168
4880
6933
2165
2167
6934
6935
2166
5017
6088
5435
2316
1232
6596
1233
6597
6598
1881
5244
5242
5243
6599
1231
1407
2876
7216
5987
5988
1267
5989
5990
1260
1261
804
1281
5023
5019
5022
2911
1264
808
1272
809
1271
806
2875
805
807
5942
5943
810
2913
811
813
814
5201
1385
1378
1376
1377
8195
1383
7409
5932
6420
1382
1386
1270
1266
872
873
1381
1384
1268
5985
5984
1269
870
5983
5986
871
1262
1263
1273
6087
1265
1258
1259
1279
1280
1409
1410
6086
2844
2845
6029
1408
2842
94
1411
1350
2200
2839
2840
5176
7011
7012
2201
93
648
645
646
1337
1338
7218
1339
1340
1343
1347
8190
1342
1341
4691
647
649
4692
4693
92
7010
7009
57
7222
56
1345
1346
8135
1344
7221
7220
8124
8139
8138
8140
1240
8123
8125
5122
5119
1241
5120
5121
1254
1509
1253
1348
1508
8127
7180
8222
5110
5112
4809
4808
5113
279
1505
278
1511
277
276
2613
5142
1503
1502
1504
1510
5139
5140
1512
5125
2035
4993
5117
1250
5111
5114
6898
5108
5109
1251
1252
2614
1166
1170
1171
1167
1165
1686
1164
1163
1168
5163
1169
1172
1501
274
6329
273
1521
1520
272
6331
4942
6742
1928
7008
4941
1929
644
6333
641
643
1307
6555
1308
4275
4276
5491
1306
650
635
507
513
511
634
633
632
6030
512
514
2646
2653
2647
2648
8069
2645
2644
2643
2649
2652
2651
2650
6900
6899
638
639
4281
6332
4287
4282
642
4278
4279
4280
3833
4804
520
521
5275
4725
4690
4726
270
5269
5278
4667
522
5273
5277
95
5274
2164
6140
6139
96
97
4952
2656
2657
8162
5282
523
516
518
4285
519
517
640
6330
4286
4372
7541
4373
271
6573
6570
4427
6572
6571
6574
5233
4806
4807
4805
6737
5232
266
8094
8093
5196
3064
3063
6723
2203
4444
5189
6926
6709
4468
4464
4459
4482
4475
5249
4484
4474
4479
4480
4481
4477
6708
4487
4473
4472
4483
4478
4485
1678
4502
5195
4501
4434
4440
4442
6930
6928
4438
4443
4439
4435
4436
6722
4441
6925
6924
4476
4486
4455
4456
8070
4451
4465
4446
4466
4433
4457
4498
5182
4492
5183
5184
4500
4497
4493
6311
4496
4488
5185
6923
4490
4499
4491
4489
4494
6310
4495
4469
6929
6932
4462
4460
4458
6707
4470
4471
4437
6931
4467
4454
4452
4463
5186
4461
7243
6927
3065
3066
3067
5250
3068
1469
4453
5187
4448
4450
7244
4449
4545
6706
6705
4445
4447
5188
4548
4546
4547
6718
6719
6720
6721
260
262
261
253
1470
1457
1455
1456
1458
1463
1462
255
1454
1461
252
254
1460
250
1466
247
246
1467
2655
5190
1468
515
1465
1464
1459
508
506
4640
4639
4723
4724
509
258
2139
2140
5770
2703
510
2702
2700
2701
4143
4407
2704
4721
2141
4284
4283
6902
5772
4736
259
8165
6901
2142
2921
257
4512
4511
1223
1224
1225
4722
5769
1226
1632
3241
8201
6827
4637
4636
1631
1630
256
233
232
235
1605
1606
1627
1628
5764
1625
5763
5765
1626
1629
1624
8092
5713
5714
2919
2917
2920
1623
5761
1622
1621
497
496
3945
3934
5258
5260
5255
5257
3955
3954
3956
3957
3958
5254
5259
5256
217
2068
2069
2918
218
5261
220
219
221
2070
222
225
2089
2066
4403
4402
4401
2067
4405
8143
3935
1618
1613
1610
1617
1614
1619
1620
4404
2090
1616
1615
224
229
1611
1612
230
231
2084
1608
1607
1609
5622
5624
5623
234
239
238
2087
2088
236
2076
2077
2078
5194
2079
2080
2083
2082
237
5192
5191
251
248
249
6209
5409
6743
5193
2081
2085
6744
243
244
3459
4694
245
2334
651
4272
4271
2335
5494
6557
6564
2304
6561
1309
3235
2075
2071
5161
2072
2074
2073
2091
2092
223
226
227
228
303
5234
5235
3828
6568
6569
6566
6565
6558
6563
1310
6567
6562
6559
6560
6556
4376
2618
2095
2094
314
1976
3709
1536
1534
1535
2611
4624
306
305
2609
4277
307
2098
1532
1533
1923
2097
5080
4290
4267
4268
4288
6509
48
6512
6842
6510
3829
6508
6843
6511
6778
4289
4291
4269
308
3831
5083
1979
3832
3830
6747
6748
5082
8061
6777
6776
1875
1311
4270
1874
1876
5081
1550
4261
4260
1927
5581
5582
5583
4292
3807
324
3876
4348
1919
6499
1910
3875
4347
6498
322
1920
6542
323
1257
3653
3654
7224
8216
8215
1518
1255
1514
1513
1515
275
1517
2550
2612
1507
1506
1519
939
940
941
942
1516
1921
1922
8208
316
5487
5171
6543
6544
5489
317
5488
6545
5173
6546
6547
315
310
321
312
1530
5164
1525
313
936
937
938
2654
5162
1522
5197
1523
1528
1524
1526
1527
1529
1531
2420
320
2610
318
4622
319
1537
5587
309
311
5175
5490
1222
4623
5492
652
4274
4273
5493
2093
2617
3836
5948
1977
8207
304
5174
2096
6774
4375
2642
4858
6578
654
2307
653
758
46
759
3658
5084
47
6814
49
6813
6812
4296
6048
7714
3659
4297
4298
6049
1096
4294
301
302
2955
7408
1691
7190
4696
45
4633
6810
4295
6811
3660
6809
5564
6808
3661
1098
6519
1248
1247
4293
1249
1313
1312
287
5328
288
5329
1246
8178
6205
7000
2974
6206
1101
8146
6207
8147
8148
3942
3
2968
1156
2310
4956
2
4
0
