0
7299
7858
5996
2498
2813
5752
4598
4389
4602
3132
3074
3707
6972
4835
3210
2131
4769
5514
4095
2943
5006
4391
3373
2221
4243
5513
2846
2942
5029
4825
2391
6159
7092
5864
4191
6017
5541
4585
2263
6998
2771
6997
2641
3122
5568
3193
5861
5170
5736
5994
2669
6983
1053
377
469
6315
2108
5585
5505
5225
5227
3150
2729
2155
5510
5032
7051
1138
6449
4250
1368
5560
7871
6609
7866
7333
3463
6414
2526
6415
7307
5562
7374
8166
2924
485
4198
3614
3189
2283
1025
984
3523
1125
7060
4837
6185
7865
6186
7835
6789
3469
7301
6100
900
7621
7398
7836
7326
7857
5286
7868
380
7717
2822
1360
3602
8161
6905
6103
4842
2494
412
2671
4564
7575
7291
3252
7339
4830
1037
3140
6651
778
4587
775
2757
3447
411
1714
2399
3393
7375
7950
5222
7832
881
7713
3810
7711
6864
6203
8041
31
6137
1868
4595
682
1984
977
397
978
6838
684
371
4566
7399
6321
4609
8158
7494
1741
3795
7763
3793
1733
1964
4994
5572
959
5348
141
8130
1114
5578
1113
2563
6800
7440
1549
6190
1551
3483
1545
6854
7872
7309
7318
6122
2013
6629
4330
5283
4588
6142
7452
4741
8198
4728
6911
4737
3827
105
4987
8154
3566
5762
3976
2220
2006
3562
3821
7539
4248
1855
5571
1846
2944
3144
3586
5859
3549
8153
8173
3652
7265
7210
7238
7616
7239
7874
7475
7873
4630
5416
553
8151
4665
6783
4165
5974
7460
7757
4763
6064
4181
3443
2723
6287
395
6027
6650
2496
904
7097
6917
2880
3196
8076
5212
3462
2063
2499
6117
5431
4664
6746
1601
7830
8043
5005
4258
5729
2497
6243
8136
4586
8137
4408
5831
3517
3687
7317
4355
7138
3359
4818
1985
985
2736
6745
3809
2733
7284
7623
550
8152
2062
7869
890
431
6132
2158
3983
6162
7253
4251
3982
4928
862
6693
200
1492
3509
1487
7
160
4534
6436
27
797
863
4931
954
2113
7484
2115
3948
2915
3364
7303
5415
4399
7486
7198
7425
1538
5290
675
4381
673
5686
1541
3901
2107
3900
5063
6867
1229
342
1068
6889
2015
2808
4525
2725
1446
4234
5512
6323
7305
7442
3953
3508
3946
2973
1117
7467
1544
7507
2775
7319
903
7341
1209
4515
7034
6417
4361
6881
4682
4715
1600
6617
3128
5872
3973
6416
7480
7236
4677
6418
7477
7340
3357
7320
3971
7271
6237
4255
7415
7131
7487
7200
7473
3557
990
5866
3919
5871
3076
6612
325
6610
4179
7352
4649
7133
4767
2055
4353
3650
2519
4717
2518
7206
3585
2715
2394
3558
1990
4819
4163
151
5998
1052
4601
4542
4359
3681
4603
74
3600
2381
2828
1062
4575
6397
374
2380
2816
70
5292
4752
4205
4524
4201
6218
2951
2119
8117
5087
3774
7204
6184
7215
390
5226
4853
7373
7136
3533
6448
1602
2495
548
2492
6118
1448
6852
7234
2520
2060
3375
4618
6476
106
2755
8164
6380
473
4582
1116
6316
6489
351
6780
3143
2899
4660
6781
6136
1877
339
757
7488
5334
3108
3962
6798
6395
6995
5567
7083
7379
2393
4822
369
1484
4367
685
3598
149
3126
153
4418
7403
326
7756
3208
3133
2950
5833
402
6549
6126
5036
8203
5576
1482
6890
1140
4388
359
6515
4760
1056
3979
7497
3784
4607
5746
5992
6857
4503
4821
394
1058
7456
2683
5356
2136
366
2128
6913
1060
3575
3062
7455
4877
6317
1057
2160
4875
2514
1059
6012
3061
4708
2659
902
6518
4772
5058
3851
1137
5580
3819
2897
3200
6782
8039
3835
6238
2557
552
7130
5850
7292
7479
7325
6785
1861
2007
1374
3104
1540
6129
1375
3103
1860
7066
2320
4984
1872
3101
6145
2741
3755
2948
6163
5398
2661
6022
2242
1245
1073
3548
6219
1995
851
5007
852
3816
3657
4174
5535
7666
825
4673
1296
2390
7516
7232
5559
2811
8163
2374
1359
2512
6153
7470
1357
2812
7174
4394
7728
3977
5840
3131
7111
8116
6405
7522
3727
4559
7676
5574
7675
6550
7680
8101
7673
5073
8204
1021
6151
3612
6150
6456
2001
2848
2882
3485
6231
3899
7560
5995
69
6676
3967
6677
6362
988
5418
2005
7407
3674
3897
280
5588
2953
1904
387
671
7396
6200
4617
1863
6485
4946
6487
1867
547
3715
2949
1859
7005
2898
6979
6768
5691
1870
3540
110
7461
4738
6873
6359
4365
109
4531
6304
3896
2301
4220
6066
2826
184
3920
3446
2004
3445
6019
6301
2543
7537
3974
7336
4960
2419
3222
7549
4315
6961
3845
8175
2742
2302
386
6063
8037
6065
4171
7715
3121
6399
6673
7308
2150
7293
7056
2065
4176
6026
3501
7380
2827
777
3822
6201
7437
7298
6866
1198
3545
556
6845
7350
1552
7500
2785
4904
4349
6600
6655
6124
3676
7501
3456
5542
1049
1994
1735
4414
1736
2770
1031
8180
6480
146
3825
2517
4395
7503
6794
7496
2777
7499
6042
169
1966
1737
3672
7498
5180
5832
3361
7346
3120
6398
401
3429
4852
4541
334
5366
5211
39
375
6496
347
72
6675
2245
5826
4905
2859
6059
5693
6060
3583
1132
1210
1748
3582
478
4761
477
4202
2507
933
5632
4768
1133
5852
1134
350
5308
5967
2508
2857
686
4580
687
1019
3082
4611
2511
5854
4907
6971
1740
3576
1739
2012
1129
6025
6211
6318
7294
3684
8186
6993
2956
6992
6265
4954
8191
29
5155
3481
5157
761
7384
5046
3944
3069
6695
1004
4930
5048
2667
3949
2881
894
1843
4989
665
3211
4527
5993
6210
1211
6121
3529
7337
3923
4036
4173
7677
4245
7540
4312
7508
4311
3354
4227
7747
4244
7431
7289
4832
7285
4765
554
5223
5569
6326
7402
5241
2133
2817
5417
6874
4688
1968
4999
1014
737
1035
738
1024
1752
7397
483
3197
5509
5690
5508
5584
6960
4230
5341
5873
2300
5865
8196
1959
5515
3775
776
1997
161
887
2299
408
2549
2855
2247
4590
7124
4354
7091
4152
3057
4221
5504
4815
2952
7286
5347
7288
4671
6113
4613
7269
327
6354
5753
7752
2000
8126
875
7768
4168
3666
7493
669
1962
3665
352
1908
3147
672
2739
756
4647
1689
3613
754
2802
6764
6915
35
362
8160
3367
6976
4170
7761
3573
2717
3213
6319
4380
6297
3436
6071
5689
1228
6861
7767
4519
7748
2853
7766
4594
6204
285
4264
2796
8074
3372
1905
373
6355
6859
6108
3594
4829
1011
7347
1986
5371
7067
2688
5038
5372
4219
1790
3221
6528
4164
6525
6381
463
6796
4985
2264
1074
4584
2246
2151
2662
348
461
337
4871
3138
5867
5343
5856
6674
5858
2925
5830
2783
7351
6844
7257
4239
4151
5359
4814
4634
6228
4223
7075
4322
1136
6888
7472
4369
7489
6412
5738
2388
841
6893
4150
4669
4224
7322
6791
7354
6244
2208
3617
4155
4428
7316
7423
884
6235
880
7429
667
1553
6637
8172
4771
3903
6635
4537
7538
901
7502
4324
1085
7395
855
2377
1084
6472
839
3199
78
2159
1328
6501
1322
6904
4523
2009
4841
3772
5841
6860
1115
2863
5339
5575
4526
378
961
6554
468
3792
1301
2376
2130
6034
5333
7436
882
6239
34
7393
1690
392
5295
8038
7716
4701
7683
4709
7682
3927
79
4235
6667
2830
4740
4599
2660
4238
8159
1961
854
2541
2240
6985
170
335
3729
3980
4153
7064
1227
6863
467
6966
7176
5972
1077
4093
5332
3142
6116
6986
474
6912
5520
6379
6507
4331
1079
4662
1130
1965
1750
4507
6816
343
1078
6043
4826
1038
7550
338
4108
398
5742
4107
3139
370
7311
6233
3442
6481
5982
6313
7731
3841
7268
6157
6114
1203
6229
4314
7199
7434
2052
3683
6123
3826
8220
874
6467
2149
4823
5551
6344
4670
6520
4608
6348
4204
6962
7036
4758
2789
7404
6046
7729
330
2280
3219
135
3902
4727
2798
3768
2795
6664
6021
1177
2745
1943
2743
5368
3574
1742
906
6058
7458
7401
7449
7359
6973
7132
7422
7134
3824
2209
7459
3706
2589
1704
3675
1323
6653
1944
353
3767
6654
6666
2847
6146
5947
1324
2768
2211
3840
4510
283
1329
5748
6144
4663
1705
542
7672
4557
7420
4561
5741
891
6396
892
2223
6553
5968
164
2397
1352
3505
8057
1157
5566
6991
802
5000
297
663
5466
3506
4920
5045
1493
3510
1491
8217
8065
4425
1353
186
798
3476
7563
8
2714
2971
6690
955
290
7233
7069
3616
2112
7485
8192
8045
1221
5049
2117
3478
910
950
154
210
4934
3615
8149
5216
767
2666
765
5158
1160
2308
1006
6275
196
930
7483
2668
3480
9
7482
934
952
2665
205
6267
4430
294
3078
2147
193
5
2959
2148
766
298
197
2144
216
416
212
155
987
1030
419
8058
3678
931
998
932
204
289
424
4862
189
5206
951
3632
947
4865
659
6277
986
6503
4713
6216
190
2914
3507
1857
4411
770
4413
3952
3502
771
4421
3947
4424
1701
24
3728
7453
6345
1036
5629
8205
3970
5208
6347
6652
6067
3589
6070
7513
7378
7173
7421
5837
2760
1028
4616
1361
2865
5836
4573
4919
4505
6957
4351
4921
2810
4932
1967
5304
5291
6668
4530
4739
6155
6678
2804
102
6877
2329
6919
2137
7465
2379
6918
8213
4206
6300
1992
4828
4247
6390
8100
3963
1003
7755
5694
5631
4246
7112
282
491
1987
824
4147
1483
1009
1700
3102
7323
995
6303
6839
7254
6849
5085
7348
4253
7414
4562
3601
6619
7519
7264
6325
5521
3432
8134
4169
183
1999
2548
3526
6636
4344
108
6883
8064
3597
1029
7468
2105
7037
4926
4591
1873
2820
6694
4610
2104
4990
7517
3522
5556
4817
3466
6401
6041
7279
6236
2556
2728
1202
6613
414
5860
3125
1207
2926
479
2864
7760
6907
182
2773
6740
7095
7749
4319
7277
2945
1844
5028
5853
3127
1205
6797
7276
3794
5739
7059
7732
4228
7754
2608
6391
3531
2588
1040
7235
2806
2030
4417
3766
4145
838
5131
6468
6793
2027
6875
3745
2542
2032
2815
2029
2154
721
4386
100
2829
1738
4574
2028
3939
2127
3220
3739
6921
6879
5941
2418
286
7192
405
2883
3929
876
4508
3931
877
4339
7544
6969
7542
4364
7554
6322
7281
7427
2265
4578
7406
6871
6298
2722
6470
1973
5468
2010
3961
7073
2922
2544
7759
3470
1542
1319
7137
7430
883
6853
4509
5696
486
3224
163
3546
7194
2803
7205
4676
2719
5224
7627
5970
5751
384
6615
5209
451
7457
2625
3921
734
6894
4908
3577
4951
5971
2327
4528
1082
3487
1080
6486
4299
6862
460
2831
453
4167
465
4650
466
2809
7187
2753
5447
3488
471
8197
5448
2754
8184
6987
781
4762
457
4094
4300
6909
150
8042
739
3552
1743
4577
1120
410
4304
1970
484
6479
128
363
779
6334
2547
4172
4751
2784
2297
3370
2697
6488
2346
2546
7556
4536
5979
3571
6353
5037
6351
4597
185
3214
6197
5701
6072
4240
7074
1314
4846
4363
6295
5747
6341
6152
6339
5129
8212
2003
6075
5026
3449
4208
6198
545
6523
6023
6696
4605
853
4343
5745
1554
4820
3930
5835
2689
3568
2241
7463
7552
1005
1200
3217
7762
2821
7712
3215
6605
6130
6738
6790
6741
8150
6634
7464
6630
4606
6632
6865
5570
3543
3708
3544
3984
361
6356
358
4773
2825
4750
6878
6475
3148
7565
6958
6887
2143
4593
1364
6886
8062
4604
1358
2545
3765
6996
655
382
5834
4215
3741
2395
1871
6795
6963
7035
3079
1034
4104
4506
2129
3518
5794
3924
6294
4320
6296
6020
6302
3440
6289
4323
8211
7081
3898
4521
1299
7058
6338
406
6336
3439
6202
4661
6739
7376
6482
6438
389
38
2794
37
1998
1061
2156
2686
3972
2684
8129
103
2152
2330
355
71
2756
1063
6477
7197
3366
4110
5413
481
3216
6697
7063
1045
4383
1048
6880
7201
7428
3620
4236
8223
7438
1865
7084
1372
2961
1864
7435
5558
3599
1356
6884
4702
3500
7172
1989
5828
4504
2767
4360
1363
4576
1840
2553
6279
4589
4929
3815
4703
4766
5870
3201
4532
349
4560
5573
4707
5410
7514
7250
6156
7251
3212
3686
4154
6104
7355
7123
4962
2879
3226
837
6040
4986
5221
4631
4222
3484
4400
3435
4963
4827
3202
4632
6858
6107
4678
6106
6125
5728
6786
7304
3564
7733
6896
2284
6455
1070
5685
2285
6982
913
5106
1123
4392
145
3071
140
5169
147
7504
981
3590
73
4679
1131
5704
983
6038
1121
2818
3141
893
5754
7424
7260
5358
7129
7331
3259
7426
7258
6787
5217
549
5284
4317
6413
2002
1715
7469
482
4672
1866
4409
5966
3360
2054
7580
7314
8170
5740
6656
5078
2737
752
3207
755
6327
2558
551
7135
7328
2493
4358
6350
2851
5981
5697
3542
2552
5980
5700
3966
7451
7753
994
7356
6232
2056
3530
3593
6870
6115
3129
3136
3105
7240
6131
7267
399
2059
1244
6199
992
1543
5946
1373
996
6763
2515
679
997
3651
2724
4242
7302
7474
7237
3362
1297
6965
5285
2008
2057
4393
6223
7072
2226
3371
6220
5181
6221
3773
6882
3123
5743
2392
4516
6788
2061
3190
2058
6500
6109
6127
4513
6328
4111
4356
7278
6891
7255
6792
7259
6111
5730
7329
6105
4596
7315
4888
7312
4675
6217
7082
8144
368
7297
1603
6807
1026
6806
7370
7002
3823
2286
4398
1135
1017
6427
360
2296
3578
4162
2401
2215
3081
6389
6974
1485
4370
5373
3932
2685
6054
8115
7466
2134
4350
4948
367
6524
5857
1751
1975
3740
3852
980
6552
976
6187
979
3525
4563
5130
134
5579
136
2153
982
5692
1213
1971
5374
2721
5944
5698
2218
6324
4834
2799
6922
3584
4390
1991
3151
3554
7366
7443
7300
3130
1230
383
7324
3925
1447
4397
1713
7330
5432
6920
7275
403
4654
886
2206
4217
2138
4396
1055
2819
2328
1598
5303
991
2251
4710
4387
1020
1365
2727
7515
3752
2400
3757
1972
3751
7441
6385
5953
1858
7086
2216
6967
5440
1208
7282
7065
5430
6994
6392
1044
8219
2856
7750
3555
3965
4210
1856
3677
7600
7080
4652
3587
6394
381
1488
1043
1122
1027
1124
5703
962
7509
753
6908
3839
2738
6779
6916
5079
1201
4940
1000
1046
345
6213
4216
7178
2786
5839
4241
7558
4522
6386
7432
5218
400
2916
4668
7306
4887
2281
2746
4567
346
2294
6848
1142
1753
5293
3737
388
6769
6989
5446
281
3738
2744
3455
1041
1734
4697
1050
5210
4918
1988
2106
6910
7217
3521
4544
2748
475
3109
6815
1974
678
6189
4263
7664
1547
7377
2306
1010
2619
7668
4139
2964
1878
7667
3838
4592
5506
935
5507
5688
735
2801
1907
6483
1906
2862
1909
7510
8224
2389
1196
7382
3682
340
4262
3814
680
5705
3499
5702
7241
1042
1749
5132
677
5695
975
3850
1747
396
7050
5321
1118
1963
681
2758
1951
7521
372
5749
7038
2670
329
3761
3569
470
5318
1351
5034
480
5825
5115
2396
1051
5824
5092
6868
2224
2850
4943
6165
472
4614
6410
7665
5093
3553
5868
7394
6402
3926
2336
2867
1481
3550
148
4148
683
1993
3541
5086
2266
4352
2287
1960
3622
1199
2282
365
4944
4211
5335
6135
2267
2852
3621
8040
6801
6850
6803
5003
6802
7372
1141
6760
7062
8141
5306
4824
4146
5838
5320
1879
3149
7188
3673
6215
6013
2205
5300
6047
2726
6419
3940
1546
5997
6474
3551
1548
1022
36
2353
670
5230
2210
332
6388
4345
7189
5041
7342
5518
7520
6847
885
6608
4249
7296
4992
4123
4368
7343
2398
7365
8169
7344
4646
7362
379
6110
5973
1845
2849
1317
5443
3532
4876
376
5400
2740
7405
6968
4149
3191
3433
7310
3195
7364
7444
2207
4683
4635
1016
1687
5107
7371
8068
5441
889
7543
6906
2561
3072
3137
8103
6442
4175
6050
5035
7727
3591
4851
6039
6225
2163
4514
4229
3754
5396
2213
4226
796
3581
6003
895
2222
2752
2718
3975
6407
5519
6856
4422
4924
3849
1295
6970
6001
1197
5555
6226
2791
4538
6161
3444
6149
5744
6551
826
393
6004
3978
7674
1315
1486
4615
7679
4520
6073
6018
4791
6478
5750
4991
8073
3547
4648
4764
4088
3209
5627
3877
6349
1023
6293
3192
6292
4144
6290
385
6299
2858
7283
1316
7280
4177
5522
2860
7321
2537
6604
6230
7875
6855
2295
6240
2288
5565
2290
3567
7001
6154
3124
7418
6804
4199
6805
6784
5365
5033
33
3592
30
7476
7825
6851
6606
1013
1842
6984
2053
5296
7553
6312
7545
2384
7546
4378
5061
905
1064
2759
101
2781
773
3494
2298
2516
75
2386
772
6876
1054
4674
5301
356
5302
1969
774
7454
2212
908
1298
8128
6346
3363
3968
7450
4109
5207
7720
3563
1303
5031
7719
333
7358
5561
7557
5969
6616
2162
7559
3820
2682
4105
7547
5001
1841
4429
840
2963
835
2868
6214
3570
4845
4214
5827
3565
6504
4200
1745
2866
1746
5355
1076
4182
1302
5319
1688
6869
1075
3100
6426
4529
3083
5715
1071
6892
2244
4207
8060
4366
2509
5863
2262
7061
5312
4579
2243
7669
1072
3223
4838
4362
5062
6314
7248
2747
740
3524
915
4213
7490
2291
1033
6393
8044
5626
2954
6343
3441
6977
8206
3964
5869
2861
7212
6224
2778
6352
3618
6291
3434
6288
4233
6074
407
6340
7445
6342
8078
8075
3358
7202
6044
7263
3376
3606
4180
7628
7471
3848
6119
4342
5628
7523
7746
3369
6657
7524
6320
4357
1869
5414
5517
6799
7195
1204
4794
540
7110
7245
4793
541
3969
2157
3146
3073
5630
544
4303
3572
6526
2800
6527
341
4301
6897
4302
3486
7170
4371
7629
7057
7632
1015
2716
5030
7862
4558
2947
6164
4813
4252
7535
7447
3713
2788
7411
7272
2373
7764
4518
3885
3904
4192
4612
1220
3471
6633
364
1702
404
1047
993
6631
3077
2252
2805
3356
4382
6120
3527
4313
6134
4218
7004
2797
1707
4237
7273
2779
5346
5577
4705
7561
5557
5964
888
5963
907
165
5683
7633
7413
6255
3218
4543
6885
152
8171
5228
2962
7191
1599
7855
6611
4653
5251
7295
4120
4572
7630
7338
6101
7290
5898
7266
1325
7448
6337
5299
7758
5297
6361
4232
4792
5687
4935
3714
2946
6076
1012
2293
5553
664
6133
6032
6222
666
1318
7003
3847
32
7417
1539
2854
2289
3107
2292
5397
674
989
5563
6112
4859
7416
7618
4937
3080
7620
7332
7619
7270
5901
555
7828
7419
879
7433
3559
7478
5350
7349
7834
1212
5829
7090
7171
7089
5004
6033
1494
7093
6166
7088
6158
7085
7572
344
2214
1032
4816
2787
4840
1139
1604
5965
7071
7829
4379
7551
357
2135
2750
4844
3227
7635
4872
5159
6241
3619
4953
668
6242
1862
413
139
4684
4945
2375
4744
5298
2132
4166
2253
2749
8181
5862
4745
2776
2382
8104
4749
8102
1187
7462
5511
5586
7723
543
4651
7313
439
2782
5219
7327
3662
7345
7125
3374
8202
5213
5952
2751
898
2780
4874
4346
5381
336
107
391
7193
2823
960
1039
4743
1996
6471
4106
2626
2814
4836
6441
162
2807
5057
331
2250
3853
6665
6188
6959
6988
1178
4318
449
3198
448
4209
6028
3437
4112
3519
3448
546
5758
4231
6360
2923
6409
5554
5874
3928
2225
409
6840
3365
6408
4385
6670
6191
2692
4600
6671
354
99
2824
6669
5039
104
6895
4742
1018
6841
6872
1744
3771
676
7495
912
8105
476
4583
911
4212
7765
3588
6128
7087
7751
7446
1119
2385
7863
7262
7867
2792
6227
7203
6045
3352
2011
3561
7252
7211
3438
5357
842
2387
7410
3539
836
3528
3145
4384
2772
3368
7261
5040
6607
3489
7718
328
3560
6234
3556
7439
7827
7353
7548
3922
7631
2793
7334
878
2064
4178
7256
4706
3106
2769
4092
7518
7335
3464
6846
7536
2161
7555
7094
5855
5245
4843
4321
7274
3204
6618
2774
914
4770
291
7360
25
7368
2958
7369
3084
2217
2790
7363
4316
2732
5399
1362
4961
4873
2720
7622
284
2525
1854
3194
4938
2969
7864
1
7856
207
7634
3951
2219
769
5349
201
6692
3941
4927
202
4925
4716
166
4423
1354
8145
167
425
2110
1008
794
417
4922
3511
7068
415
13
864
168
5052
2111
3512
241
5849
6276
10
6270
4431
5342
958
6274
3503
6272
423
6691
3472
6689
5051
6686
1161
1490
3070
929
662
1371
28
8054
240
6445
8119
800
2505
7175
3460
6454
43
1366
1002
6266
42
6451
41
299
192
4426
3482
2116
5050
292
1007
6268
198
6160
191
6271
6506
12
206
300
5288
293
949
4909
3950
1369
3504
4933
948
2109
8142
801
956
6273
1001
6269
2503
4936
2970
296
422
3917
203
2146
215
5888
2960
6502
4535
4863
194
242
660
156
209
4861
957
6278
5289
2309
214
6577
3477
3918
4958
11
3537
6
213
1978
999
5043
6775
6505
188
799
3943
295
4539
5042
764
6450
44
8185
763
3514
418
1162
1158
4939
4540
5156
3479
909
760
7033
3461
6649
195
157
208
4334
762
2145
421
6575
211
6576
5262
4864
661
4412
768
158
6903
6648
5822
159
26
2118
5044
1370
2957
2279
4420
795
187
4923
2972
1489
5263
6264
4959
736
2504
7007
3837
2114
1159
6687
4419
6688
5047
5154
4957
803
420
1355
3075
7601
4533
6387
953
7361
3513
7367
199
1367
6981
2640
5921
2204
5920
6484
5927
4410
7287
7574
5919
5918
5917
5916
5915
3261
3263
3264
7568
7567
7569
5145
7570
3265
7177
5141
7564
4309
5732
3266
4699
7566
5778
3267
4310
7562
3268
3269
3270
7571
5147
3271
6466
7573
3272
7246
5146
3262
5913
5914
3251
5214
6284
5215
6285
6283
6282
6280
558
7165
3253
3389
7153
7116
7213
7115
5851
3390
5593
5539
7113
5823
3388
7161
7160
7159
6435
3465
557
7249
7154
7164
7162
4719
7163
7114
7166
7169
6281
6286
6369
6370
6373
6371
3258
6372
6374
5220
6247
6248
3245
6250
6251
6252
6253
3246
1717
6249
6245
1698
3609
1699
3610
1720
1719
6246
3242
3243
3244
1718
6254
4256
3247
3298
4714
3260
5810
5148
5149
5150
5151
3248
7626
3249
3250
5954
5956
3273
3283
3281
3276
3277
3301
7140
7139
7141
7143
7151
7152
7150
7149
5008
4718
7148
5538
6954
7144
7147
7146
7142
7145
3279
3280
5961
3278
1716
5962
3282
3300
3288
3285
3284
7638
8067
3286
5958
3287
5955
5957
3274
3303
5960
5959
5152
3302
7636
4119
7637
3299
7624
3275
7625
6102
5894
5892
5891
5893
5896
5897
5895
5902
6521
5900
5229
7242
6458
7579
3426
7578
6457
3425
3423
2731
5665
5977
5978
5664
5666
4254
5976
5975
7583
7588
7576
7577
7589
7582
7581
7587
7585
7168
7586
7584
3424
7591
7590
3454
3453
5991
2730
3538
7595
7594
3516
7592
7593
7597
7598
5660
7599
3515
7596
5907
6078
6079
6080
3623
3624
6081
5774
3475
5642
5646
5635
5790
5345
5949
562
561
560
5616
5617
7096
5619
5620
7607
5618
7606
5621
3834
7608
5789
5791
5793
2530
5647
5792
5643
3473
3625
3474
5645
5644
2529
5651
3535
3536
3534
5650
5648
3636
2528
5899
5889
5890
2527
6727
3635
5649
7605
7615
7617
5788
5636
6517
3628
6516
3629
3627
3631
5677
5674
559
563
5668
5669
3634
5679
5670
5676
5672
566
4333
565
567
5675
5716
5673
568
5678
564
3626
4257
5671
3630
4886
4885
7610
7611
7612
569
7609
7808
7806
7813
7814
571
7812
7613
7614
7809
7810
7807
7811
1721
5795
5796
570
5798
5797
1722
1724
1723
4947
6368
7816
7817
7820
7818
7819
572
7822
7850
5940
6459
7844
4259
7209
5246
7815
6024
7843
7837
7838
7839
7848
7845
7849
7854
7853
3421
7412
7831
7859
7860
7861
2734
7833
5160
5737
440
7870
7876
7826
2500
2501
7230
2524
2521
2522
7821
2523
7852
7851
7847
7846
7841
7840
7842
7964
7894
3172
7893
7895
7960
7963
7962
7958
5771
7947
7949
7945
7970
7971
7972
7959
7965
7966
3171
2039
7896
6363
7892
3414
3170
3415
4118
7897
7898
3417
3168
3392
743
744
7918
8016
8015
2041
7997
8013
8014
8017
8021
8024
5768
7881
6382
5760
3156
7879
7905
6383
7906
7907
7908
7911
7913
7914
7916
7917
7903
7902
529
2045
7773
2538
5503
7772
7777
7774
2513
7776
7775
7771
3418
7770
532
531
530
3689
2046
3633
7780
6964
7779
7778
533
534
7901
535
7915
539
3451
538
537
536
2049
7684
8031
8033
3155
2048
4833
8027
8030
8026
8029
7887
8034
8036
8028
8035
8032
2044
5759
7886
7885
7884
7882
7883
7880
3154
4746
5877
5878
4748
5881
5879
5880
3383
3385
7878
3384
2502
7932
7931
7930
7927
7926
7925
7936
7937
7938
3165
6999
7943
7941
7939
7942
7940
7924
7935
7934
3164
3163
3162
7933
3416
3391
7877
7946
7956
7944
7979
7957
7978
7977
7976
2038
7948
2036
7961
7973
7967
7968
7969
7974
2037
745
7987
3846
7988
7990
8001
3169
8000
7984
7985
7986
8002
8006
8010
8011
8007
8008
8005
8004
7980
7899
8003
7998
7999
7983
7981
7900
7982
7991
7996
7993
7995
7994
4101
7989
7923
7922
7920
7919
7921
4099
7992
4100
7824
7823
4102
1725
4103
5800
5799
5803
5804
3422
1726
2086
1727
5802
5801
7646
7647
7652
7653
7648
7654
7650
7655
7651
7649
3844
3843
3680
3842
5783
1728
5809
3430
1729
6620
6621
5808
5806
7803
7799
7800
7658
7660
5733
7661
7659
7657
7656
5734
7643
7641
7640
7642
7644
7645
7639
7662
7663
495
2051
7802
7805
7801
3431
7804
5807
5785
5805
5784
5782
7782
7795
3981
1730
7797
7789
7787
7796
7786
7792
7788
7791
7798
7785
7790
7794
7793
7781
3419
751
7784
7783
3167
8009
3166
750
7231
3420
749
7769
5999
6000
748
747
746
7888
2043
7912
7910
5731
2042
5735
7909
6384
3409
7904
7954
7955
7953
7952
7951
8022
8025
8023
8012
8020
8019
8018
6365
7975
6364
741
7891
5767
2040
3386
7890
742
7889
3387
5875
5882
4747
5876
3382
5756
4689
7929
3157
6366
3378
6367
3377
7928
5766
6306
5757
6307
3158
1712
6308
6256
3159
6309
1709
7109
6257
3160
1710
1711
3161
6258
6259
435
433
434
7122
7118
7117
437
438
7127
7126
7128
2559
5344
7119
7120
3881
3882
7121
432
3748
3749
3884
5945
3750
3747
3746
7107
7108
442
436
5540
7103
7104
6614
7100
441
7247
3883
3756
7105
8079
3959
5718
5719
7106
5720
5722
5721
5717
5723
3753
3380
1703
3381
4517
3355
3379
3353
446
443
7102
7101
2050
7099
2560
445
444
6262
3152
6263
3153
2047
6260
1708
6261
1706
1330
6143
6147
7531
6548
1326
2383
1327
1331
2539
7671
7670
7700
1332
2555
7678
7705
7708
7706
7707
7704
7703
1305
1445
7701
7702
6378
6377
7687
7694
7693
7689
7688
2540
7696
7695
7691
3712
7690
7692
7685
7686
7697
7698
7699
2554
6376
6375
1304
6522
7741
7742
7737
7735
7738
493
7736
5143
494
7740
7739
7744
7743
7745
492
7726
2506
5071
5072
7724
7725
1300
7730
7722
7721
7734
6002
6014
4754
3095
3097
6068
6069
2551
1826
1292
4788
1293
4785
1294
2337
4338
4757
4337
1290
1291
2698
2699
1289
7603
6429
6430
4756
4581
4790
6431
7681
3789
4789
6433
6432
3790
3791
4142
8066
7604
4839
6428
3642
3098
3094
4786
3096
4755
6015
4787
5775
5776
4759
6990
7709
2673
2675
7710
2674
8133
5467
8132
4996
4782
5777
846
5667
3427
4879
6403
921
6006
6007
1146
3888
2532
4995
4998
5352
5354
6358
5353
6357
6978
4860
4997
2533
2534
2535
2239
2629
6421
6422
4783
2237
2628
2238
2627
1145
3889
6010
1147
3206
6011
3892
3893
6009
3891
3806
3805
3895
3685
3894
3205
5625
6008
6005
4878
8156
6975
2705
3886
6736
920
919
6406
789
6980
1148
2231
788
2230
2229
1851
785
917
2232
5450
918
2101
784
2228
1852
1853
2268
2234
1849
2708
1153
1848
1152
2270
2707
1155
5055
2269
2271
5056
1151
822
5474
7167
792
5476
5475
3134
5471
5472
1149
8167
5473
2274
1150
8168
8063
848
1154
1847
791
4037
8210
790
6404
8209
847
3611
6400
490
6446
6447
845
844
1956
843
2676
2677
1957
6914
2678
2679
489
2681
2680
5922
488
2227
2338
5469
487
3656
7070
6051
2277
4849
6770
2278
5470
6771
6772
6773
4848
4847
4850
1811
823
2709
829
828
830
2710
831
827
3099
1812
833
793
3135
832
8131
820
819
2275
2276
818
821
928
1206
926
927
923
8059
3725
1810
2711
3726
7196
1809
816
2712
817
834
925
924
2713
6956
180
5482
181
5481
179
5484
5483
5480
2103
5479
178
5478
176
5477
6955
1850
2236
175
1838
1839
2272
2102
2273
2706
174
2235
5485
5486
5449
5451
5340
5053
5094
5095
177
1760
459
4980
4982
3058
4983
3960
456
1083
7006
4857
6645
462
4720
3468
4141
4988
464
7040
4306
7039
4305
4308
4307
1143
1144
783
4950
7041
7042
2100
5054
2099
7043
5096
780
7044
7046
7045
7047
5444
7049
7048
447
5445
450
171
1755
3579
1754
4981
4979
1732
1756
6646
6647
3580
1731
455
5336
452
5337
5338
454
1126
1761
1127
1128
173
172
5097
458
3887
5098
782
4949
3890
787
786
2233
3428
3818
3817
7219
6425
922
6424
4812
6423
4811
3878
899
2303
8221
3467
3174
77
76
7491
6305
6469
4810
7492
849
2014
3173
897
896
2248
2249
6016
4899
6437
4906
5305
850
5317
6603
5307
5310
5311
5309
2510
2536
5314
5313
5315
5316
1069
6832
6833
3111
6834
125
1086
5950
1087
1827
1791
7530
6835
124
6836
1089
6837
123
122
4121
1093
1092
1091
6099
6098
2633
5367
6097
7156
1067
2331
2695
2696
5264
5065
2491
3110
2489
1214
2490
7155
1090
2634
1094
4122
121
5360
5361
114
1789
127
5362
1081
3059
1088
1818
5066
6530
4203
6529
5375
5376
5088
7229
1758
1757
1759
5377
1111
2635
1112
689
688
6758
1828
2639
1786
5069
1787
1788
1785
6751
6752
6750
1784
7214
6753
6754
691
1783
1821
1820
6443
1822
1782
1824
6755
6756
6757
6759
5378
690
6491
4890
6493
6492
6490
6535
6495
6494
6531
6533
6532
6536
963
6534
964
1825
965
968
969
972
7532
970
971
1830
974
7228
973
6698
967
6699
137
144
4892
4894
138
53
3667
51
1916
3668
4266
4265
50
5253
1918
6497
1917
5499
6541
6766
1321
3664
6765
6767
3663
1903
1685
5074
1684
1683
1682
1911
1913
3603
3604
1912
1914
4893
1915
3605
1320
4891
54
3669
6540
3813
4897
4895
6539
1829
966
5089
143
142
4896
6537
6538
5438
1819
5070
1823
83
867
866
1800
1803
2624
1801
1804
1802
6828
4556
2621
2620
2622
2623
82
1778
52
4655
14
15
5497
1256
8174
6701
6700
1780
5495
1779
5496
7528
7527
5123
5128
1640
1781
732
6703
6704
733
1771
1642
1772
1773
1641
636
1774
1794
1796
5136
1797
1799
1808
1798
1795
1793
1792
693
692
130
5135
5134
1833
1831
133
1832
1834
81
1102
1103
1108
1109
1106
1104
1105
1110
694
1107
1835
1836
6831
5091
6830
6829
5090
5364
5363
6749
696
5138
5327
7381
2259
2261
5324
113
5325
5326
2630
2260
2632
3694
2258
3412
2257
112
2631
7529
5351
3695
111
2896
2895
4901
2256
4902
1097
1095
1065
2348
1066
6440
6439
40
4903
2347
916
5059
2332
2333
5060
637
658
2255
2694
7525
2254
1099
7481
3411
118
119
2672
1100
115
6735
4964
6733
6731
4967
6729
6730
6732
6734
116
4969
117
6031
63
61
8157
4976
4978
129
4975
4977
3734
4974
4970
4971
120
4432
4900
695
4972
3736
3735
3733
4973
126
6725
1813
3693
2638
1816
1815
131
80
5133
1817
132
1814
731
1902
1901
2664
2663
4968
4965
2833
1895
1894
6473
62
2590
60
1897
1896
2564
5266
2565
1887
1888
1889
1900
1648
1647
3722
3721
3724
3723
5002
3720
2832
66
67
65
64
3450
68
656
657
717
5330
5331
716
3760
1646
1645
3719
2426
2370
3759
3770
720
2031
722
1179
3742
3743
2125
2122
2123
1952
1946
2120
2126
2368
2343
2124
6728
2369
2344
718
1584
1580
1579
2342
2341
2340
2339
2345
6672
1954
1947
1953
2121
1948
1191
1189
3044
1188
1190
3045
3046
3047
1185
1184
1173
1174
4097
4098
1176
2421
2321
2422
1181
1175
4795
3769
1183
1186
1182
3730
2423
3731
2322
3055
3054
3053
3056
3052
3764
3762
2425
2424
1180
3763
1192
3049
4096
3804
4797
4803
1193
1194
1195
1593
2366
2364
2362
2927
3048
1594
4800
1958
2940
3051
3050
5452
2938
2939
4798
1592
2596
6658
2597
2594
1591
1590
1589
2365
2363
1588
1955
2367
1586
2359
2361
2593
2355
2354
1578
6762
6761
2598
2357
1587
2599
2360
2358
1574
5436
2595
1573
8077
7400
6444
2356
6208
1572
4784
6037
7179
1569
1570
2581
1555
1556
1558
1575
1576
3717
1581
1583
719
714
715
5433
2566
2567
711
709
710
3732
2026
2693
1649
1650
1891
2578
4856
1890
2573
2575
2574
2568
713
5380
1582
3718
3716
2372
2371
1585
712
4855
5379
707
1893
1892
706
705
2402
2690
2691
1557
2403
1571
1577
2601
2600
2602
2586
704
7511
2587
1884
1882
2318
1883
699
23
6679
58
1239
7533
2016
6680
4854
698
18
5265
2415
2570
728
2569
2023
1763
1762
726
6036
6035
729
1764
1639
1644
2411
2571
2406
2024
3060
59
2407
5267
22
2579
2580
2019
427
2577
426
7223
6057
2021
2604
428
2020
5144
697
723
2576
2416
21
724
20
2413
2022
19
2412
727
2414
725
7526
2417
2658
1769
2606
5127
1775
6077
6055
5124
5502
1242
1243
5501
16
4656
1837
869
6702
5500
2034
5116
8218
5118
4657
55
4658
4659
2033
2616
429
1777
5498
8183
2615
8182
430
6052
6053
868
2637
1776
2636
1806
17
5126
1807
1805
4190
2607
2605
1635
1634
1768
1767
4565
1766
2025
1637
1765
730
3933
1770
2408
1636
1643
2410
2572
2405
1638
2409
2591
2592
2404
4966
1898
3914
3913
2603
1899
1886
2834
2835
2836
3915
3758
7512
2585
2317
708
703
1885
8118
702
2305
700
3744
3776
701
5153
2582
2584
2583
6434
5009
2314
1238
4019
4018
1237
1931
4021
2018
4020
1925
1924
2017
6681
1236
1926
2311
2313
2312
1235
6683
6682
6684
1333
3117
3118
3119
1334
2837
2202
5177
5178
8121
8122
1335
2838
1336
858
860
861
857
859
856
1349
7158
7157
865
1413
2843
6085
1412
1471
4332
5821
5819
5818
5820
6685
1880
1234
2315
2194
2195
2196
4620
4621
2197
2198
2199
4569
1423
1422
3777
1436
3778
1421
1414
1415
1416
6093
6094
1420
4023
1425
2933
1930
1419
6092
1417
2935
1418
6095
1434
2936
1435
1440
1439
1441
6096
1424
2934
3779
3780
3783
3782
3781
5395
6091
1438
1444
90
4898
4730
4734
4733
4735
3808
6174
1934
3912
1935
1936
1937
3698
3699
3705
3704
3703
3702
3701
4799
1939
6660
3710
1933
3700
1932
4017
5437
3711
3911
1938
3909
6662
6661
5137
4022
1563
1562
1442
1443
3785
2432
7357
2430
2431
2932
1559
1560
1561
2531
7534
2928
2930
2929
2931
6663
3910
1941
4415
4416
1940
1596
5439
5238
1595
5236
5179
2937
2687
5239
6659
5237
5165
5167
4796
5240
4802
1597
2941
5166
4883
1219
4882
1942
5168
4801
4884
3908
6642
6641
1217
1945
6643
1950
1949
4881
3905
3907
2323
6819
3691
6817
5461
3786
3697
5103
5545
5100
5552
3692
6818
574
6825
3696
573
5099
6824
575
6822
6821
576
3688
5528
584
587
594
7227
7226
5533
586
585
596
6826
604
606
3690
3916
5523
5544
5755
5527
5524
5526
5525
5707
5706
7225
597
5531
598
600
599
601
605
5708
5709
5711
5710
5712
5537
5536
583
5104
582
589
588
592
593
5105
5699
3802
595
602
3800
3801
3803
3798
3799
3797
612
8113
5102
3796
8072
8114
611
610
8111
8112
608
609
8107
8108
8110
8109
607
603
613
614
617
5532
5530
5534
3452
616
615
5203
590
591
6820
581
618
5370
620
5546
623
622
5547
621
5369
619
3811
3812
5204
579
580
578
3788
5101
7383
577
6823
4700
5205
5548
3787
3906
1218
3496
5411
3495
7186
3492
3493
3498
3491
2325
2326
6644
3497
6623
6624
6622
3490
2324
5412
6625
4731
2433
4729
4732
2434
5383
2443
5385
5388
5386
5384
5387
2435
2437
2438
6138
2439
2440
5460
5455
5456
5464
5465
5458
5457
4775
2441
3638
3639
4005
3640
4091
5459
4090
4089
3256
3335
3255
5663
3254
5404
5405
5661
3333
3334
5662
3257
6514
3318
3317
3314
3313
3320
3336
3312
3311
3319
1216
3327
3326
3316
3315
6638
3322
3323
5252
5453
3321
5454
6513
3324
3325
4831
6639
6640
2378
1215
3328
4031
4032
5608
5609
5659
5657
5658
4030
4029
6601
4028
6602
98
6411
3329
4328
4327
4326
5637
5611
5652
5639
5640
5681
6148
4325
4329
6580
5638
5680
3330
4013
3332
3331
4012
6056
4014
2350
6581
6582
2351
2352
4006
2349
4870
4868
4867
4869
4866
4015
4016
5633
5634
8155
4075
4076
84
5603
3349
3348
3351
85
3344
3345
3346
6212
3347
3350
3395
3397
3398
3394
3396
3404
3403
3402
3405
5607
6170
5604
5605
3401
5606
3400
3399
6168
6169
3410
3406
2487
2181
2488
3309
3310
2319
4070
4071
3237
3238
3240
4051
4050
4049
4055
4048
4053
4054
4056
3671
3239
6173
1697
6175
1696
4052
6172
6171
3670
3009
3008
6176
4074
3872
6167
5011
3007
6180
3006
3005
3002
3854
3001
3003
3004
5202
3857
6181
3000
6178
2999
2998
3856
3936
5027
3855
1695
4073
6177
1694
1692
4066
4067
5075
6179
1693
4068
2483
5077
2481
3993
4027
4026
8083
3992
3995
4069
3994
5064
2482
4024
4025
4642
2478
2479
4641
5247
2480
4643
4644
2485
4645
2486
3858
5382
2484
2477
5076
2476
5018
2459
6946
2463
5020
5021
2460
7021
2464
7022
5015
2991
7023
7024
2989
2990
2993
2994
2992
4555
2465
7025
2469
2466
2467
2468
2907
4704
2908
2909
5938
4712
1390
1387
4553
4554
2910
5939
1274
1275
5924
1276
2900
812
5931
1495
815
4551
4552
1388
2904
5923
1389
1391
2905
2906
5068
1392
5067
7026
7028
2901
7029
7027
4004
7031
2996
6463
2471
2470
5937
5925
2472
5909
6460
6462
6461
6464
6465
4035
7030
4083
5926
2902
3859
2997
2995
2903
5911
5912
4034
4082
5908
3231
7016
5815
7015
7014
1499
1498
4627
4628
4629
5933
7017
1500
5816
5817
5280
5595
1496
7018
7019
1497
4625
4626
5934
5935
5200
4159
8194
8193
1393
1394
7032
527
1395
2874
2891
1980
1981
1982
1983
1567
1568
8096
1453
1566
1564
1565
5786
5787
4698
263
5780
5781
264
8095
265
267
5811
1398
1397
1396
1399
1400
8187
2884
2873
2877
2871
2872
5779
268
269
524
525
1402
5812
1401
2893
526
5272
5281
5276
5268
1405
1403
1404
1406
5323
2869
2870
7098
5322
2841
5773
5529
1278
1277
8189
8188
528
5270
5279
5271
7013
2886
2885
1679
1451
1452
4680
1449
1450
8098
8097
2887
4695
2878
8099
2889
2890
4131
7505
2888
2892
5936
8214
7506
1680
1681
7020
2894
2427
4057
4124
4125
4127
4129
5814
5813
4687
4686
4128
4130
4126
628
629
627
1282
4115
4685
626
7207
5951
7208
4753
630
945
946
4913
4916
7389
7392
7390
7391
5904
4915
4912
4914
4917
7182
3871
3203
4188
7388
4189
4044
5903
3870
4047
3868
3866
3864
3863
3862
3861
3865
3867
8071
3869
4078
4079
5843
4080
4081
4045
4046
5842
2429
4087
4061
3860
3873
3874
4116
7077
7076
5905
7078
7079
5884
4062
4063
4064
5885
5883
5886
4065
5887
4681
2428
5844
5845
5846
3233
4084
5848
4085
5906
4033
624
625
3232
3880
5596
4185
4184
4187
4183
4186
943
944
4042
4038
4039
7386
7185
7184
7183
7385
7387
4077
4086
4040
4041
4043
4117
8106
2766
7181
2764
2765
2763
2762
2967
2761
3655
8179
2965
2966
3520
6061
3595
2735
498
499
3035
3034
8176
8177
3112
7055
3113
501
500
8051
8200
8199
502
503
3458
3457
8050
504
3114
505
3116
3115
8046
3092
8049
8047
4140
8048
3093
3086
3087
3085
3043
3036
8052
8053
4955
3042
3037
3039
3038
3649
5684
3648
5294
3647
3646
3645
5592
3644
3643
3091
3090
3089
3088
8056
4711
8055
3040
8080
3014
4377
3015
4889
3016
3041
3017
3879
3018
3596
3019
3407
3408
4114
5601
8085
5600
5516
3293
3294
5549
5598
4195
4197
4196
4340
4341
8081
5594
5550
4374
8084
5597
5599
4194
3228
3295
3297
3296
4137
4160
4135
4134
4133
4132
4638
5602
4158
5591
8082
5589
4156
4157
5590
6579
4193
4571
3291
3292
3290
8088
8087
8086
3230
4136
7602
4138
1633
3229
8090
8089
3289
8091
1651
631
4058
3986
4060
5847
4059
7052
6062
7053
7054
6724
3234
1283
1285
1284
1286
1287
1288
1379
1380
4003
6195
6717
1653
1652
1654
1668
1667
1671
1655
6194
1656
1657
1658
1659
1660
1661
4002
4113
4001
1662
3990
3988
3989
3987
1664
1665
6196
6193
4549
4161
1663
2475
4550
4000
6452
1670
1669
1666
6192
1676
4619
1673
1672
1674
6716
6715
6714
3985
6713
6712
4666
1675
1677
5248
6952
3236
6953
6951
6949
5929
6710
5928
2473
3937
5172
3938
4406
3991
3996
2474
3997
3998
3999
5930
6711
6948
6950
5231
6182
6183
6947
6453
5014
5013
5012
2461
6945
2462
6944
6943
6942
6941
2175
3026
3027
3025
3032
3033
3028
3029
3030
3031
6940
6939
2190
6938
2174
6937
2912
5024
3023
3021
5016
3020
5025
3022
3024
6936
2189
8120
2188
5434
2187
2186
3183
3182
1476
1475
1474
2457
3186
2458
6082
6084
3184
6083
3185
2184
3181
3188
1477
2185
1479
3187
1478
1480
2173
2172
2562
3607
3175
3179
2455
3178
2456
3177
3180
3608
6593
6590
6592
4779
4781
4780
4778
4011
6591
4777
2176
2988
89
4335
4336
6589
2178
2179
4774
4010
3010
2183
3011
4776
4008
2177
2180
4009
6588
6587
6586
6585
3304
3305
3306
3679
2182
5615
4072
5725
5726
5727
5724
88
3307
6584
86
6583
4007
3308
6335
87
5613
5614
6141
3343
5682
3338
3339
3340
3342
3341
3337
5612
5641
5610
5654
5655
5910
5656
5653
4911
3637
4910
5408
5407
3641
2451
2450
5406
2449
3012
5463
2448
2447
5401
5402
5403
3013
2446
2452
2453
5442
6726
2445
5462
2444
2454
2442
2987
5389
2436
5198
5287
2985
3413
2986
5199
5391
5390
5392
5393
5394
1437
1430
1426
1427
1428
1429
2983
2982
2978
2980
2981
2979
2984
1433
1432
1431
91
6090
6627
6628
5420
5421
5419
6626
5422
3225
5423
5424
5425
5428
5427
5429
5426
5010
2169
2171
6594
6595
2170
2193
2975
2977
2976
1473
6089
1472
4225
3176
2191
4568
2192
4570
5543
2168
4880
6933
2165
2167
6934
6935
2166
5017
6088
5435
2316
1232
6596
1233
6597
6598
1881
5244
5242
5243
6599
1231
1407
2876
7216
5987
5988
1267
5989
5990
1260
1261
804
1281
5023
5019
5022
2911
1264
808
1272
809
1271
806
2875
805
807
5942
5943
810
2913
811
813
814
5201
1385
1378
1376
1377
8195
1383
7409
5932
6420
1382
1386
1270
1266
872
873
1381
1384
1268
5985
5984
1269
870
5983
5986
871
1262
1263
1273
6087
1265
1258
1259
1279
1280
1409
1410
6086
2844
2845
6029
1408
2842
94
1411
1350
2200
2839
2840
5176
7011
7012
2201
93
648
645
646
1337
1338
7218
1339
1340
1343
1347
8190
1342
1341
4691
647
649
4692
4693
92
7010
7009
57
7222
56
1345
1346
8135
1344
7221
7220
8124
8139
8138
8140
1240
8123
8125
5122
5119
1241
5120
5121
1254
1509
1253
1348
1508
8127
7180
8222
5110
5112
4809
4808
5113
279
1505
278
1511
277
276
2613
5142
1503
1502
1504
1510
5139
5140
1512
5125
2035
4993
5117
1250
5111
5114
6898
5108
5109
1251
1252
2614
1166
1170
1171
1167
1165
1686
1164
1163
1168
5163
1169
1172
1501
274
6329
273
1521
1520
272
6331
4942
6742
1928
7008
4941
1929
644
6333
641
643
1307
6555
1308
4275
4276
5491
1306
650
635
507
513
511
634
633
632
6030
512
514
2646
2653
2647
2648
8069
2645
2644
2643
2649
2652
2651
2650
6900
6899
638
639
4281
6332
4287
4282
642
4278
4279
4280
3833
4804
520
521
5275
4725
4690
4726
270
5269
5278
4667
522
5273
5277
95
5274
2164
6140
6139
96
97
4952
2656
2657
8162
5282
523
516
518
4285
519
517
640
6330
4286
4372
7541
4373
271
6573
6570
4427
6572
6571
6574
5233
4806
4807
4805
6737
5232
266
8094
8093
5196
3064
3063
6723
2203
4444
5189
6926
6709
4468
4464
4459
4482
4475
5249
4484
4474
4479
4480
4481
4477
6708
4487
4473
4472
4483
4478
4485
1678
4502
5195
4501
4434
4440
4442
6930
6928
4438
4443
4439
4435
4436
6722
4441
6925
6924
4476
4486
4455
4456
8070
4451
4465
4446
4466
4433
4457
4498
5182
4492
5183
5184
4500
4497
4493
6311
4496
4488
5185
6923
4490
4499
4491
4489
4494
6310
4495
4469
6929
6932
4462
4460
4458
6707
4470
4471
4437
6931
4467
4454
4452
4463
5186
4461
7243
6927
3065
3066
3067
5250
3068
1469
4453
5187
4448
4450
7244
4449
4545
6706
6705
4445
4447
5188
4548
4546
4547
6718
6719
6720
6721
260
262
261
253
1470
1457
1455
1456
1458
1463
1462
255
1454
1461
252
254
1460
250
1466
247
246
1467
2655
5190
1468
515
1465
1464
1459
508
506
4640
4639
4723
4724
509
258
2139
2140
5770
2703
510
2702
2700
2701
4143
4407
2704
4721
2141
4284
4283
6902
5772
4736
259
8165
6901
2142
2921
257
4512
4511
1223
1224
1225
4722
5769
1226
1632
3241
8201
6827
4637
4636
1631
1630
256
233
232
235
1605
1606
1627
1628
5764
1625
5763
5765
1626
1629
1624
8092
5713
5714
2919
2917
2920
1623
5761
1622
1621
497
496
3945
3934
5258
5260
5255
5257
3955
3954
3956
3957
3958
5254
5259
5256
217
2068
2069
2918
218
5261
220
219
221
2070
222
225
2089
2066
4403
4402
4401
2067
4405
8143
3935
1618
1613
1610
1617
1614
1619
1620
4404
2090
1616
1615
224
229
1611
1612
230
231
2084
1608
1607
1609
5622
5624
5623
234
239
238
2087
2088
236
2076
2077
2078
5194
2079
2080
2083
2082
237
5192
5191
251
248
249
6209
5409
6743
5193
2081
2085
6744
243
244
3459
4694
245
2334
651
4272
4271
2335
5494
6557
6564
2304
6561
1309
3235
2075
2071
5161
2072
2074
2073
2091
2092
223
226
227
228
303
5234
5235
3828
6568
6569
6566
6565
6558
6563
1310
6567
6562
6559
6560
6556
4376
2618
2095
2094
314
1976
3709
1536
1534
1535
2611
4624
306
305
2609
4277
307
2098
1532
1533
1923
2097
5080
4290
4267
4268
4288
6509
48
6512
6842
6510
3829
6508
6843
6511
6778
4289
4291
4269
308
3831
5083
1979
3832
3830
6747
6748
5082
8061
6777
6776
1875
1311
4270
1874
1876
5081
1550
4261
4260
1927
5581
5582
5583
4292
3807
324
3876
4348
1919
6499
1910
3875
4347
6498
322
1920
6542
323
1257
3653
3654
7224
8216
8215
1518
1255
1514
1513
1515
275
1517
2550
2612
1507
1506
1519
939
940
941
942
1516
1921
1922
8208
316
5487
5171
6543
6544
5489
317
5488
6545
5173
6546
6547
315
310
321
312
1530
5164
1525
313
936
937
938
2654
5162
1522
5197
1523
1528
1524
1526
1527
1529
1531
2420
320
2610
318
4622
319
1537
5587
309
311
5175
5490
1222
4623
5492
652
4274
4273
5493
2093
2617
3836
5948
1977
8207
304
5174
2096
6774
4375
2642
4858
6578
654
2307
653
758
46
759
3658
5084
47
6814
49
6813
6812
4296
6048
7714
3659
4297
4298
6049
1096
4294
301
302
2955
7408
1691
7190
4696
45
4633
6810
4295
6811
3660
6809
5564
6808
3661
1098
6519
1248
1247
4293
1249
1313
1312
287
5328
288
5329
1246
8178
6205
7000
2974
6206
1101
8146
6207
8147
8148
3942
3
2968
1156
2310
4956
2
4
0
