0
2541
6863
5855
1988
6118
3548
7580
3677
7600
5697
6110
4371
544
3572
6132
8198
6500
3571
6202
4417
5863
3359
5866
7470
3578
2400
6849
4507
6790
3358
7476
3368
2772
2867
4211
7469
2375
5037
3197
6441
4836
2393
1599
2394
2715
3585
6115
6870
3593
3530
4226
3554
6324
3584
3151
1991
4818
4596
6875
2398
4701
2952
6787
2812
6857
3544
6856
3849
543
399
7443
284
5560
904
4249
885
2726
3971
903
3973
5872
3128
7477
3357
5683
5040
542
3190
6313
3194
2724
4673
839
4577
6116
2810
7378
8171
4210
164
3601
7414
4604
6401
4574
6848
4672
4829
8173
6130
5996
4248
901
6312
4987
4154
6887
2222
3218
5058
2819
6789
5992
6394
3587
6131
3549
5859
3586
3144
2392
6965
6039
552
4682
2004
5574
826
393
6871
7467
3562
2006
2220
3976
4250
3581
3137
6885
2626
4580
7488
4418
5740
4575
7373
1990
6218
4201
4819
4163
6397
6861
7415
4602
7339
4664
6851
4665
6783
5223
1601
2817
7197
4599
6786
4613
6845
6012
4378
902
7413
3583
4888
3582
7446
3191
4149
4671
6232
6968
7191
1989
3140
5410
4830
4092
8161
6890
1602
3366
5750
6045
6227
880
7437
884
7439
2792
5827
3373
6159
4591
6113
3208
4367
1484
369
2373
348
5413
7468
5414
3200
3809
886
6854
2776
2749
5687
2831
3130
1230
2773
7451
3555
6392
5106
5852
6860
5967
2846
5211
3821
7428
5358
933
1482
6864
7441
6043
2727
6966
2588
368
4649
6897
7170
3486
5826
2512
2718
5969
5696
2848
2882
3485
2750
3367
6319
3361
7346
7073
547
906
6322
2159
5841
6970
5695
8076
5212
4228
3841
7422
3222
900
3131
3810
4661
7376
4572
837
6040
2830
5693
2805
3523
7374
5039
2824
3219
7337
5972
6391
2822
8203
3597
5742
398
7450
4398
6841
3576
7447
3575
6409
3565
6504
4200
370
3139
4366
7480
3824
2000
2823
4213
8068
283
5001
1841
2963
840
6895
7425
2401
4155
6883
6393
2820
835
2868
7445
1016
1687
5107
7371
5170
6231
3820
2682
4612
5857
4697
281
397
2746
5703
2801
353
359
2799
1970
2800
1959
357
360
5292
7466
365
5685
361
3543
358
6865
2825
4208
2751
5686
2850
6129
4660
4227
3845
836
4585
838
2007
6785
4166
4635
4165
3146
5290
7232
3822
7416
6054
6229
4094
5430
4616
6117
3683
546
3528
3145
6919
6877
6918
6120
3527
354
7464
6971
4528
6972
7462
2738
7465
2828
4650
2741
7463
5715
2745
2747
2516
2808
4531
2829
4350
2807
3209
2826
3521
8141
396
2748
5694
2802
6381
356
6380
2798
6379
2742
4530
3142
4826
3223
7329
3570
6242
6920
6127
6967
2216
4198
4817
4990
7420
3522
6906
3189
485
2814
2728
4593
8144
4675
6217
3221
7421
1987
5741
891
6396
892
2223
6553
6852
1210
7442
3953
3508
3946
2973
1488
2815
5832
2385
5871
4662
5854
4579
3429
6867
5561
893
2725
3545
1198
6866
3877
3547
8073
4991
7449
3590
3592
401
5947
4679
3141
2818
6398
6896
2740
3487
4229
3376
1244
8170
7474
3360
2515
4205
347
2821
8172
2010
2757
4615
5738
2388
841
4669
4150
6412
7489
4369
6228
6888
7472
6862
2809
540
3848
6847
5973
1845
2849
7479
2847
3577
5971
5751
5970
7627
4093
4410
4676
2719
6892
8060
5224
2720
3827
7471
2752
5701
2851
4230
4370
1485
4368
4123
4992
541
3195
6244
367
7434
4674
2005
1967
4152
6884
5829
1212
6853
5300
5831
3517
2774
7431
890
4821
5997
4207
366
4244
6236
4832
1494
2390
4349
2743
4529
6869
1688
1986
6235
5348
6850
5086
7427
5087
4617
3199
1846
6996
6501
4841
6554
2953
5864
3612
5861
2399
2641
5029
4825
6997
2771
6998
2263
6995
6395
2391
2221
5006
7423
6161
5355
6158
5356
7171
2389
6164
4813
4252
7435
5085
7348
4253
6234
6166
7347
5004
6233
6163
1984
4232
2736
3546
2803
3526
163
4586
1604
8150
7336
4202
4873
4583
6230
3840
4536
165
2958
1368
25
291
3084
3513
953
914
199
1367
4533
7601
3075
1355
420
803
4957
5154
5047
6688
4419
6687
1159
2114
3837
7007
2504
736
4959
6264
5263
1489
2972
4923
187
795
4420
2279
2957
1370
5044
2118
26
159
5822
6648
6903
158
768
4412
661
4864
5262
6576
211
6575
421
2145
762
4334
208
157
195
6649
3461
7033
760
909
3479
5156
4540
4939
1158
1162
418
3514
763
8185
44
6450
764
5042
4539
295
3943
799
188
6505
6775
5043
999
1978
213
6
3537
11
4958
3918
3477
6577
214
2309
5289
6278
957
4861
209
156
660
242
194
4863
4535
6502
2960
5888
215
2146
203
3917
422
296
2970
4936
2503
6269
1001
6273
956
801
8142
2109
948
4933
3504
1369
3950
4909
949
293
5288
300
206
12
6506
6271
191
6160
198
6268
1007
292
5050
2116
3482
4426
192
299
41
6451
42
6266
1002
1366
43
6454
3460
7175
2505
800
8119
6445
240
8054
28
1371
662
929
3070
1490
1161
6686
5051
6689
3472
6691
423
6272
3503
6274
958
5342
4431
6270
10
6276
5849
241
3512
2111
5052
168
864
13
415
7068
3511
4922
417
794
1008
2110
425
167
8145
1354
4423
166
4716
4925
202
4927
3941
6692
201
4938
2969
4937
207
4935
1
1362
3951
1854
769
2219
2563
5853
4212
4828
5705
2119
5518
7520
8169
4409
4678
7426
879
7433
7071
7430
883
7424
2793
7334
878
3940
2775
5041
6241
8116
6405
3975
6788
3974
889
286
7192
4339
877
3931
876
3929
2883
3930
1486
3978
895
3977
4820
8117
5946
3972
5840
405
5835
4677
4924
4422
796
5415
7444
4242
7072
2226
3371
2158
3983
6162
7253
4251
3982
4928
862
6693
200
1492
3509
1487
7
160
4534
6436
27
797
863
4931
954
2113
7484
2115
3948
2915
3364
7432
5005
3372
7436
882
6239
3370
7335
1032
7438
875
6855
881
7440
874
7429
3363
6243
3369
6122
5690
824
5689
6112
6915
7417
6038
7338
2813
5752
4598
6784
4199
7418
3599
486
4588
6114
4584
1603
6891
2916
4668
551
2387
842
5357
4151
5359
4814
4663
6111
400
3896
3589
1600
3192
7453
5551
6119
4594
6390
280
6133
2377
4823
3224
1319
4233
6023
5688
2544
4164
2542
4597
2797
6797
6325
888
1202
4167
1207
3525
1205
3127
1844
3574
2879
6893
6240
6154
6407
5519
5700
3193
6791
6155
355
5691
2755
2376
364
1993
2546
2009
2804
5692
2739
343
2744
8197
2753
3488
2754
5208
2806
3143
7372
4603
3081
2155
282
1318
1961
4874
285
6408
3928
2225
409
6840
3365
7490
2780
5874
3519
5865
2781
5833
3518
5839
3362
5873
2789
4822
6798
5834
2791
1139
887
1972
4611
2543
894
6121
1211
2881
3949
2667
5048
4930
1004
6695
3069
3944
5046
7384
761
5157
3481
5155
29
8191
4954
6265
6992
2956
6993
8186
4605
5838
4506
5169
5968
7377
4573
1879
5306
5251
4670
6846
5033
3080
1209
2758
6455
1969
908
6013
907
2336
905
2514
5702
2737
6034
362
5704
2827
3198
4503
1842
6886
2716
2374
2262
4606
7370
3600
4827
4365
6873
3567
7452
4989
7375
5031
6874
403
2537
5291
3136
3129
7448
3591
825
6916
5739
5032
4204
402
4153
6889
6399
2384
6402
372
545
6894
4887
4610
4837
4589
6279
24
1701
4424
3947
4421
771
3502
3952
4413
770
4411
1857
3507
2914
190
6216
4713
6503
986
6277
659
4865
947
3632
951
5206
189
4862
424
289
204
932
998
931
3678
8058
419
1030
987
155
212
416
216
2144
197
298
766
2148
2959
5
193
2147
3078
294
4430
6267
205
2665
952
934
7482
9
3480
2668
7483
930
196
6275
1006
2308
1160
5158
765
2666
767
5216
8149
3615
4934
210
154
950
910
3478
2117
5049
1221
8045
8192
7485
2112
3616
7069
7233
290
955
6690
2971
2714
8
7563
3476
798
186
1353
4425
8065
8217
1491
3510
1493
5045
4920
3506
5466
663
297
5000
802
6991
5566
1157
8057
3505
1352
2397
4209
3201
5870
371
1200
3823
4838
4576
1481
1985
4815
2816
1843
2964
7478
2395
5749
2396
5824
3569
5825
6868
2224
5034
1351
5318
6165
3926
5868
3613
935
2608
1700
2811
4824
4592
6125
4587
1483
5035
6878
5225
1301
3568
7419
6673
4231
3529
6872
3588
6876
4578
4816
4504
5869
2954
6238
3825
2717
3573
8075
3826
5860
4607
5836
4505
4408
3819
5862
2386
5867
5343
5856
6674
5858
3524
8202
3374
7475
3375
5830
2783
6844
2782
6237
6917
2880
3196
7345
2008
1858
3566
4206
1971
3220
2756
6910
342
341
6025
338
6911
7459
7461
8130
8129
3939
7460
5221
6912
337
6913
6317
6318
363
6316
6315
336
6314
5995
4220
5993
6909
4595
4609
4600
4608
4590
4601
4582
3598
4614
335
5293
334
5994
1996
1997
7457
7456
7458
1999
331
4318
325
6839
4537
4219
6907
7455
7454
5210
327
4319
1973
1998
1974
6838
6908
326
1975
4215
352
339
332
4216
5230
7382
5207
5209
4217
328
4218
329
330
4214
3109
333
351
340
2553
2552
344
1966
1963
2012
1965
1964
1968
349
350
345
2013
1962
2760
2759
2545
346
1960
2852
2962
2961
2264
2951
2865
2864
4852
2861
2863
4767
4768
4144
4766
4145
4760
2860
2853
2859
2858
4764
6022
4761
6021
4762
2856
2857
4765
4763
2862
2855
2854
2866
7081
7080
7085
7082
7087
7084
7083
7086
7094
7095
5245
2946
2944
2945
5396
3226
6033
2948
5398
4772
5397
5399
4770
4769
383
4853
377
376
375
374
373
3057
6017
6018
378
2947
7089
7088
7092
7093
7090
7091
6969
7056
4962
384
3100
4960
4961
7057
6974
4107
379
6973
4106
4364
381
380
3775
3618
4428
4429
3617
4105
4363
4362
382
7058
7060
7062
7059
7061
7064
7063
7065
7066
7067
385
3101
4381
4383
4382
4384
3102
3103
3227
6982
3104
3105
3106
3107
3108
3217
3216
8037
3212
3211
6981
6994
3215
3214
3213
4984
4380
386
4358
3210
5579
4361
4357
6187
4359
5998
3202
3850
4147
3540
4386
7038
4146
4148
387
388
3814
3539
4360
6189
6188
6190
389
3150
7037
3851
5698
3852
3853
4963
7005
2949
5554
7036
5553
2950
7035
7034
6191
5321
3148
6186
6185
5320
3149
5319
6184
3120
5850
3684
3147
3121
3123
5347
1015
1013
1012
3494
1009
1010
5504
3550
6984
3552
7665
6983
3553
7664
7667
7666
7668
3551
3483
3484
3489
7395
7393
7394
7398
7397
7399
7396
6979
3594
3500
3501
1011
3815
1014
5030
5565
391
4352
3122
6676
2926
5028
6675
3125
3126
390
3138
5953
5213
6677
2925
5576
1018
2924
4385
1017
2923
8038
6989
6988
3847
1019
5578
6987
8039
1020
1022
1021
3771
8040
3772
5577
8042
8041
5572
3774
5571
3773
394
6985
6986
5573
3792
5575
392
395
3793
3794
3795
5036
3980
1039
3531
4331
1038
1037
1033
1026
1025
1027
1035
1024
5584
5585
1023
8043
4330
1044
1036
1043
5038
1042
1041
1040
4397
1034
2163
3532
3533
2160
2161
404
2162
3924
3927
3932
3925
5241
6652
408
407
3979
406
5129
6019
6020
6472
5131
5132
5130
1031
6655
3673
4414
3675
3674
3676
5181
5180
3672
3899
1552
1553
3816
3903
3900
3901
3902
3904
6656
3470
3207
6921
997
414
8105
8104
8100
8101
8102
8103
3073
3072
3074
1554
8044
3071
1000
996
991
992
993
994
6654
6653
6904
989
4953
6905
1005
1003
4684
4564
413
988
995
3602
990
412
4683
3077
3076
3471
7669
6651
3919
3923
3922
4315
6650
3920
411
3921
4344
410
4316
2794
4346
2795
4345
5003
4343
4243
6799
2589
4342
6484
6483
6477
6476
6479
6480
6482
6485
6481
6478
6487
6486
6488
5222
5026
4241
2790
5299
5298
4379
2786
2787
2784
2785
5296
5297
2788
4095
7245
2796
2156
2151
2152
2153
2778
2779
2157
1992
2777
2154
8078
6046
6042
6044
4393
4392
4394
5542
1994
4246
4245
4247
1995
3466
6041
6796
4395
4396
4237
4236
4238
4234
2150
1208
2149
4240
4239
5941
6793
4235
6795
6794
5747
5748
4324
3434
3432
4311
4312
3435
7519
4313
1203
4314
3438
3436
3433
4323
3440
3439
4320
4321
3441
2011
3204
4322
4634
6792
1316
2003
4175
4176
4177
4178
2002
2001
6327
4173
4172
4171
4170
4169
6328
4168
2722
2721
4181
2723
4180
5753
5586
4182
4179
6334
4174
4317
3563
4521
6326
4519
4520
4647
8205
4522
6859
3564
6858
4223
4222
4221
4224
1317
4518
6323
2520
4354
4355
4353
2519
2518
7473
4356
7486
7487
4646
6137
6880
7493
6136
1137
7495
7494
1138
6135
1201
7075
6134
1136
7251
7250
7496
2517
7503
7499
2770
7498
7504
7501
7500
7502
7252
7507
2353
7497
7510
7509
7508
4538
5746
6126
6879
6128
6124
6123
6224
6222
6220
6221
6223
6882
5743
8204
5744
2640
6881
6225
6226
5745
6219
1197
4840
1199
4842
7188
6150
3784
1141
6549
7521
1140
1142
1315
1314
1598
1204
4351
1245
3437
7523
8128
6149
6550
5073
7522
7524
8206
6551
6151
4709
4706
4707
4705
4708
4710
6552
5007
5555
2769
4561
4560
2768
5557
5556
4562
4558
4559
4557
4532
6156
7515
7514
7513
7517
7173
7172
7516
7518
6157
5558
1365
5346
5559
6957
4702
2143
6958
5828
5837
4703
6153
1364
7174
1363
8163
6152
6694
4929
1356
2767
1357
1358
1359
8064
4919
4921
1840
8062
1360
1361
4932
1029
1028
4926
2104
2671
2105
2280
5228
152
151
4543
4542
4523
4524
2108
2107
5505
4525
4526
740
739
738
150
1752
6696
737
1048
4940
1045
1046
7762
1047
6697
8175
481
5508
6001
5509
484
483
3739
4999
1738
4688
3542
7763
1739
1741
1740
141
1129
1130
1131
6816
1742
1750
135
140
139
8180
8181
962
482
1123
1743
1121
1120
3614
1124
1125
1122
1117
479
478
1119
477
1745
1746
1744
1748
476
475
1228
1747
1749
7241
976
975
1751
134
979
982
980
136
983
2284
981
2283
2285
984
145
913
146
147
673
674
675
5334
1538
1539
8166
1374
1375
1540
1860
1872
1861
2320
1859
2296
1871
1541
1870
1869
680
6320
6815
5517
3499
4945
4946
1862
1863
3619
1867
668
1372
1866
1864
3620
1865
8223
1873
6800
6802
3622
6803
3621
6801
2267
2287
2266
2265
31
6203
2294
664
6076
2293
32
6204
7003
4859
7004
665
666
6032
5563
7212
2292
2288
2291
2290
2289
2295
2286
7001
7002
3124
6806
6804
30
6805
6807
5365
2306
33
2619
34
4139
1690
1878
667
3838
6474
1551
1548
1549
1546
1545
6782
3715
3835
2898
2897
2899
1547
6781
4263
1877
4262
6780
4264
757
5588
6489
8074
5580
1904
1907
1905
1906
3666
1909
1908
3665
672
669
36
756
670
671
5079
3839
6779
753
752
754
755
1689
5078
6764
35
6200
6199
6201
1543
1542
5333
8136
1373
8137
679
985
6763
676
1544
912
3740
911
4563
3741
678
6768
677
6321
681
682
684
978
4566
977
4567
8158
1868
2281
4943
3541
683
2282
5335
148
6760
149
4944
153
8224
685
735
687
734
6211
2625
686
4908
4907
2106
4541
4918
4527
7217
6210
4544
1736
1734
1735
1050
1049
3455
3456
3738
1737
471
169
5447
448
5448
449
451
5057
8184
781
5443
6769
779
5446
5227
1753
2729
5507
5510
5506
4618
7050
7051
1196
170
3737
5093
3682
6410
470
472
1052
1051
3681
5092
1053
2670
2669
5115
469
480
468
1118
961
1116
1115
1113
1114
960
473
4994
474
959
5339
1733
7187
5381
465
453
466
1082
460
1080
457
5332
4951
1077
1078
7176
1079
467
5520
1227
6507
6527
4303
4302
6526
4301
4300
128
4299
6528
4304
6525
7405
1790
855
4948
854
853
8159
852
2660
851
2662
2661
79
2242
2246
1073
2240
2689
5373
2241
6524
6523
1213
78
5374
1085
2688
1084
5372
461
5371
1074
463
4985
4986
1076
2244
2245
1075
1071
6426
1135
3083
3082
1072
6427
2243
5063
2509
2511
5062
2508
5312
5308
2507
1134
1132
1133
6060
5632
6059
6496
4905
72
38
39
37
5366
6438
1229
1070
1068
73
4904
2015
6600
915
71
75
2298
772
773
1063
5301
1064
1054
5061
774
6518
1055
74
5302
1062
101
2381
2297
2380
4751
70
2346
4752
2659
1060
3061
3062
1059
1058
4875
4876
1057
5400
4877
2327
1056
2328
6515
2251
4388
4387
102
5303
5304
2138
2137
1061
2329
2330
2379
2686
2685
2684
2134
103
8115
6678
4740
4739
6667
6668
4741
104
2692
6669
6670
4742
6671
69
99
3765
3766
655
2027
2029
2030
721
100
2032
2028
3745
2127
3767
3768
6666
6664
1944
4727
1943
1177
1178
5368
6665
4728
105
4737
1951
109
3761
110
4743
4738
7193
2136
107
2683
106
2128
8164
2129
2131
4104
5514
5515
2133
2130
4744
2135
2382
2132
4745
1187
4749
5513
5511
4191
2253
5541
3132
5568
5569
5567
4389
2942
4835
4390
2943
4834
4391
6922
3707
3708
3706
3984
1220
5570
4192
6356
6633
6632
6631
4773
6629
6630
2252
4750
5512
6634
4771
108
6635
6636
6637
7194
5295
3133
3079
3962
7756
6026
7403
7404
185
4758
6963
3444
6962
6198
5341
7379
778
6197
6362
6359
6360
3448
3445
3446
6959
6960
5758
6961
6027
6028
6287
6063
6065
6288
6064
3449
5417
6361
3443
7758
7402
6066
5974
6058
7757
7401
2302
2301
184
775
776
3447
7380
2300
161
8196
777
2299
2549
2548
2247
162
183
2250
182
898
2922
5794
4112
3961
6471
5468
5952
6470
7760
7759
6304
6303
6301
7761
8160
8220
6290
6467
6468
6300
6299
6298
6297
6294
8219
6296
6295
7407
7406
3897
8126
3898
6302
8211
6289
6292
6291
6293
4846
8212
7565
8213
6475
6976
6071
7765
7768
7766
7767
7748
7752
7753
7754
7751
5418
7750
7749
7747
5982
6354
6355
5981
5980
6353
6350
6351
3966
5979
6352
6072
6075
3963
3965
6345
6344
4088
6341
6339
6336
6520
6337
6340
6342
6338
6346
6347
6657
7074
7746
6348
6343
6349
3964
6073
6074
6067
3969
5631
3968
3970
6977
6070
5626
7755
5628
3967
5630
5629
7195
5627
1298
4792
4794
3714
4793
3713
7110
4791
2697
1299
2547
3885
491
7712
8134
7711
7764
7713
7112
7111
7715
7717
7718
4036
7719
7720
1303
7716
1302
4109
4110
4108
7729
7732
7733
7731
7728
1297
7723
7727
1296
4851
7673
5535
6003
6456
1295
6442
6004
7680
7675
7674
7676
7679
7677
3657
6050
7683
7682
1328
1322
7540
7538
7545
7546
7553
7551
7550
2211
2212
3727
3729
2213
6615
2214
3757
4514
5736
2561
3752
3755
3751
3754
7248
4844
4845
3354
4843
3356
2418
2419
6142
1707
4510
1329
6144
1705
6146
1704
4508
4509
6145
1325
1324
7672
1323
3728
7535
7539
7552
7549
7556
7557
7554
7542
7537
7543
7544
7561
7558
7555
7560
7559
7548
7547
7536
6616
5283
7178
1702
6215
2204
2206
2205
2208
2210
4162
6214
2207
7572
6213
2209
7358
7189
2217
2218
6385
4653
4652
4651
1856
5944
1855
6388
2215
6389
4654
6387
6386
7364
7363
7359
7361
7362
7367
7295
7368
7343
7360
7365
7369
7344
7366
7342
6449
7296
7340
7341
7320
2064
7319
6419
4515
6418
6416
6617
6417
6415
6414
6413
7318
5284
4715
7321
7317
2063
2062
2061
6608
2057
5285
2058
4516
7237
7236
7239
7240
7238
5286
6047
2059
7312
7299
7300
7309
7310
7308
7307
7305
7304
7306
556
4872
7294
7292
6448
7293
4871
555
7332
7313
7314
7315
7297
6609
7324
7356
554
553
550
549
7330
7331
548
7328
7355
7327
7326
7325
6612
7353
6611
7354
6610
7350
6613
5754
7352
7351
7349
2065
7333
7323
7322
7316
7311
7298
7303
7301
7302
7262
7267
7266
2056
7269
3651
4400
4630
6108
6109
4632
4399
6107
4631
6106
5729
5728
7291
7288
7287
7289
7290
7285
2060
7286
7271
7268
7270
7264
7265
5521
1447
7272
1448
6607
7234
7235
5522
7273
7282
7263
7283
7281
7280
7279
7278
7277
7275
7276
7284
7274
1446
5440
7256
7261
3352
4513
6618
4111
3442
7255
7260
7259
7257
5730
7258
7211
6619
5441
6741
431
6740
4648
7254
6604
6605
6606
7199
7198
3559
5218
2556
3560
3561
3558
6738
3557
6739
2055
3556
7206
7205
7204
7202
3650
3606
7215
7203
4717
2053
5226
7201
7200
2052
7136
7137
7131
7132
7133
7134
7130
2558
2557
2054
3259
7129
5217
7135
5966
4255
2492
1713
1715
2493
6105
5219
2495
7124
7123
7138
7125
3662
5432
2494
5963
5964
3686
6255
1714
3687
5965
6104
6103
5431
2496
7628
7631
7629
7630
7632
4120
7828
7827
7829
3464
7834
7634
7633
7635
7835
5350
5349
5762
8151
8154
8153
6746
2499
3393
8152
6745
2497
7830
7097
7950
2498
7825
7869
7875
7874
439
5416
7872
7873
7836
3462
3463
7871
7856
5159
7855
7866
7865
7867
7863
7858
7864
7868
7862
7857
7410
7832
7411
2733
2732
3652
2525
4258
7618
7621
7619
7616
7620
7623
7622
7210
5927
3469
5898
2526
5901
5562
6101
6100
5921
3252
5920
7575
7574
5919
5918
5917
5916
5915
3261
3263
3264
7568
7567
7569
5145
7570
3265
7177
5141
7564
4309
5732
3266
4699
7566
5778
3267
4310
7562
3268
3269
3270
7571
5147
3271
6466
7573
3272
7246
5146
3262
5913
5914
3251
5214
6284
5215
6285
6283
6282
6280
558
7165
3253
3389
7153
7116
7213
7115
5851
3390
5593
5539
7113
5823
3388
7161
7160
7159
6435
3465
557
7249
7154
7164
7162
4719
7163
7114
7166
7169
6281
6286
6369
6370
6373
6371
3258
6372
6374
5220
6247
6248
3245
6250
6251
6252
6253
3246
1717
6249
6245
1698
3609
1699
3610
1720
1719
6246
3242
3243
3244
1718
6254
4256
3247
3298
4714
3260
5810
5148
5149
5150
5151
3248
7626
3249
3250
5954
5956
3273
3283
3281
3276
3277
3301
7140
7139
7141
7143
7151
7152
7150
7149
5008
4718
7148
5538
6954
7144
7147
7146
7142
7145
3279
3280
5961
3278
1716
5962
3282
3300
3288
3285
3284
7638
8067
3286
5958
3287
5955
5957
3274
3303
5960
5959
5152
3302
7636
4119
7637
3299
7624
3275
7625
6102
5894
5892
5891
5893
5896
5897
5895
5902
6521
5900
5229
7242
6458
7579
3426
7578
6457
3425
3423
2731
5665
5977
5978
5664
5666
4254
5976
5975
7583
7588
7576
7577
7589
7582
7581
7587
7585
7168
7586
7584
3424
7591
7590
3454
3453
5991
2730
3538
7595
7594
3516
7592
7593
7597
7598
5660
7599
3515
7596
5907
6078
6079
6080
3623
3624
6081
5774
3475
5642
5646
5635
5790
5345
5949
562
561
560
5616
5617
7096
5619
5620
7607
5618
7606
5621
3834
7608
5789
5791
5793
2530
5647
5792
5643
3473
3625
3474
5645
5644
2529
5651
3535
3536
3534
5650
5648
3636
2528
5899
5889
5890
2527
6727
3635
5649
7605
7615
7617
5788
5636
6517
3628
6516
3629
3627
3631
5677
5674
559
563
5668
5669
3634
5679
5670
5676
5672
566
4333
565
567
5675
5716
5673
568
5678
564
3626
4257
5671
3630
4886
4885
7610
7611
7612
569
7609
7808
7806
7813
7814
571
7812
7613
7614
7809
7810
7807
7811
1721
5795
5796
570
5798
5797
1722
1724
1723
4947
6368
7816
7817
7820
7818
7819
572
7822
7850
5940
6459
7844
4259
7209
5246
7815
6024
7843
7837
7838
7839
7848
7845
7849
7854
7853
3421
7412
7831
7859
7860
7861
2734
7833
5160
5737
440
7870
7876
7826
2500
2501
7230
2524
2521
2522
7821
2523
7852
7851
7847
7846
7841
7840
7842
7964
7894
3172
7893
7895
7960
7963
7962
7958
5771
7947
7949
7945
7970
7971
7972
7959
7965
7966
3171
2039
7896
6363
7892
3414
3170
3415
4118
7897
7898
3417
3168
3392
743
744
7918
8016
8015
2041
7997
8013
8014
8017
8021
8024
5768
7881
6382
5760
3156
7879
7905
6383
7906
7907
7908
7911
7913
7914
7916
7917
7903
7902
529
2045
7773
2538
5503
7772
7777
7774
2513
7776
7775
7771
3418
7770
532
531
530
3689
2046
3633
7780
6964
7779
7778
533
534
7901
535
7915
539
3451
538
537
536
2049
7684
8031
8033
3155
2048
4833
8027
8030
8026
8029
7887
8034
8036
8028
8035
8032
2044
5759
7886
7885
7884
7882
7883
7880
3154
4746
5877
5878
4748
5881
5879
5880
3383
3385
7878
3384
2502
7932
7931
7930
7927
7926
7925
7936
7937
7938
3165
6999
7943
7941
7939
7942
7940
7924
7935
7934
3164
3163
3162
7933
3416
3391
7877
7946
7956
7944
7979
7957
7978
7977
7976
2038
7948
2036
7961
7973
7967
7968
7969
7974
2037
745
7987
3846
7988
7990
8001
3169
8000
7984
7985
7986
8002
8006
8010
8011
8007
8008
8005
8004
7980
7899
8003
7998
7999
7983
7981
7900
7982
7991
7996
7993
7995
7994
4101
7989
7923
7922
7920
7919
7921
4099
7992
4100
7824
7823
4102
1725
4103
5800
5799
5803
5804
3422
1726
2086
1727
5802
5801
7646
7647
7652
7653
7648
7654
7650
7655
7651
7649
3844
3843
3680
3842
5783
1728
5809
3430
1729
6620
6621
5808
5806
7803
7799
7800
7658
7660
5733
7661
7659
7657
7656
5734
7643
7641
7640
7642
7644
7645
7639
7662
7663
495
2051
7802
7805
7801
3431
7804
5807
5785
5805
5784
5782
7782
7795
3981
1730
7797
7789
7787
7796
7786
7792
7788
7791
7798
7785
7790
7794
7793
7781
3419
751
7784
7783
3167
8009
3166
750
7231
3420
749
7769
5999
6000
748
747
746
7888
2043
7912
7910
5731
2042
5735
7909
6384
3409
7904
7954
7955
7953
7952
7951
8022
8025
8023
8012
8020
8019
8018
6365
7975
6364
741
7891
5767
2040
3386
7890
742
7889
3387
5875
5882
4747
5876
3382
5756
4689
7929
3157
6366
3378
6367
3377
7928
5766
6306
5757
6307
3158
1712
6308
6256
3159
6309
1709
7109
6257
3160
1710
1711
3161
6258
6259
435
433
434
7122
7118
7117
437
438
7127
7126
7128
2559
5344
7119
7120
3881
3882
7121
432
3748
3749
3884
5945
3750
3747
3746
7107
7108
442
436
5540
7103
7104
6614
7100
441
7247
3883
3756
7105
8079
3959
5718
5719
7106
5720
5722
5721
5717
5723
3753
3380
1703
3381
4517
3355
3379
3353
446
443
7102
7101
2050
7099
2560
445
444
6262
3152
6263
3153
2047
6260
1708
6261
1706
1330
6143
6147
7531
6548
1326
2383
1327
1331
2539
7671
7670
7700
1332
2555
7678
7705
7708
7706
7707
7704
7703
1305
1445
7701
7702
6378
6377
7687
7694
7693
7689
7688
2540
7696
7695
7691
3712
7690
7692
7685
7686
7697
7698
7699
2554
6376
6375
1304
6522
7741
7742
7737
7735
7738
493
7736
5143
494
7740
7739
7744
7743
7745
492
7726
2506
5071
5072
7724
7725
1300
7730
7722
7721
7734
6002
6014
4754
3095
3097
6068
6069
2551
1826
1292
4788
1293
4785
1294
2337
4338
4757
4337
1290
1291
2698
2699
1289
7603
6429
6430
4756
4581
4790
6431
7681
3789
4789
6433
6432
3790
3791
4142
8066
7604
4839
6428
3642
3098
3094
4786
3096
4755
6015
4787
5775
5776
4759
6990
7709
2673
2675
7710
2674
8133
5467
8132
4996
4782
5777
846
5667
3427
4879
6403
921
6006
6007
1146
3888
2532
4995
4998
5352
5354
6358
5353
6357
6978
4860
4997
2533
2534
2535
2239
2629
6421
6422
4783
2237
2628
2238
2627
1145
3889
6010
1147
3206
6011
3892
3893
6009
3891
3806
3805
3895
3685
3894
3205
5625
6008
6005
4878
8156
6975
2705
3886
6736
920
919
6406
789
6980
1148
2231
788
2230
2229
1851
785
917
2232
5450
918
2101
784
2228
1852
1853
2268
2234
1849
2708
1153
1848
1152
2270
2707
1155
5055
2269
2271
5056
1151
822
5474
7167
792
5476
5475
3134
5471
5472
1149
8167
5473
2274
1150
8168
8063
848
1154
1847
791
4037
8210
790
6404
8209
847
3611
6400
490
6446
6447
845
844
1956
843
2676
2677
1957
6914
2678
2679
489
2681
2680
5922
488
2227
2338
5469
487
3656
7070
6051
2277
4849
6770
2278
5470
6771
6772
6773
4848
4847
4850
1811
823
2709
829
828
830
2710
831
827
3099
1812
833
793
3135
832
8131
820
819
2275
2276
818
821
928
1206
926
927
923
8059
3725
1810
2711
3726
7196
1809
816
2712
817
834
925
924
2713
6956
180
5482
181
5481
179
5484
5483
5480
2103
5479
178
5478
176
5477
6955
1850
2236
175
1838
1839
2272
2102
2273
2706
174
2235
5485
5486
5449
5451
5340
5053
5094
5095
177
1760
459
4980
4982
3058
4983
3960
456
1083
7006
4857
6645
462
4720
3468
4141
4988
464
7040
4306
7039
4305
4308
4307
1143
1144
783
4950
7041
7042
2100
5054
2099
7043
5096
780
7044
7046
7045
7047
5444
7049
7048
447
5445
450
171
1755
3579
1754
4981
4979
1732
1756
6646
6647
3580
1731
455
5336
452
5337
5338
454
1126
1761
1127
1128
173
172
5097
458
3887
5098
782
4949
3890
787
786
2233
3428
3818
3817
7219
6425
922
6424
4812
6423
4811
3878
899
2303
8221
3467
3174
77
76
7491
6305
6469
4810
7492
849
2014
3173
897
896
2248
2249
6016
4899
6437
4906
5305
850
5317
6603
5307
5310
5311
5309
2510
2536
5314
5313
5315
5316
1069
6832
6833
3111
6834
125
1086
5950
1087
1827
1791
7530
6835
124
6836
1089
6837
123
122
4121
1093
1092
1091
6099
6098
2633
5367
6097
7156
1067
2331
2695
2696
5264
5065
2491
3110
2489
1214
2490
7155
1090
2634
1094
4122
121
5360
5361
114
1789
127
5362
1081
3059
1088
1818
5066
6530
4203
6529
5375
5376
5088
7229
1758
1757
1759
5377
1111
2635
1112
689
688
6758
1828
2639
1786
5069
1787
1788
1785
6751
6752
6750
1784
7214
6753
6754
691
1783
1821
1820
6443
1822
1782
1824
6755
6756
6757
6759
5378
690
6491
4890
6493
6492
6490
6535
6495
6494
6531
6533
6532
6536
963
6534
964
1825
965
968
969
972
7532
970
971
1830
974
7228
973
6698
967
6699
137
144
4892
4894
138
53
3667
51
1916
3668
4266
4265
50
5253
1918
6497
1917
5499
6541
6766
1321
3664
6765
6767
3663
1903
1685
5074
1684
1683
1682
1911
1913
3603
3604
1912
1914
4893
1915
3605
1320
4891
54
3669
6540
3813
4897
4895
6539
1829
966
5089
143
142
4896
6537
6538
5438
1819
5070
1823
83
867
866
1800
1803
2624
1801
1804
1802
6828
4556
2621
2620
2622
2623
82
1778
52
4655
14
15
5497
1256
8174
6701
6700
1780
5495
1779
5496
7528
7527
5123
5128
1640
1781
732
6703
6704
733
1771
1642
1772
1773
1641
636
1774
1794
1796
5136
1797
1799
1808
1798
1795
1793
1792
693
692
130
5135
5134
1833
1831
133
1832
1834
81
1102
1103
1108
1109
1106
1104
1105
1110
694
1107
1835
1836
6831
5091
6830
6829
5090
5364
5363
6749
696
5138
5327
7381
2259
2261
5324
113
5325
5326
2630
2260
2632
3694
2258
3412
2257
112
2631
7529
5351
3695
111
2896
2895
4901
2256
4902
1097
1095
1065
2348
1066
6440
6439
40
4903
2347
916
5059
2332
2333
5060
637
658
2255
2694
7525
2254
1099
7481
3411
118
119
2672
1100
115
6735
4964
6733
6731
4967
6729
6730
6732
6734
116
4969
117
6031
63
61
8157
4976
4978
129
4975
4977
3734
4974
4970
4971
120
4432
4900
695
4972
3736
3735
3733
4973
126
6725
1813
3693
2638
1816
1815
131
80
5133
1817
132
1814
731
1902
1901
2664
2663
4968
4965
2833
1895
1894
6473
62
2590
60
1897
1896
2564
5266
2565
1887
1888
1889
1900
1648
1647
3722
3721
3724
3723
5002
3720
2832
66
67
65
64
3450
68
656
657
717
5330
5331
716
3760
1646
1645
3719
2426
2370
3759
3770
720
2031
722
1179
3742
3743
2125
2122
2123
1952
1946
2120
2126
2368
2343
2124
6728
2369
2344
718
1584
1580
1579
2342
2341
2340
2339
2345
6672
1954
1947
1953
2121
1948
1191
1189
3044
1188
1190
3045
3046
3047
1185
1184
1173
1174
4097
4098
1176
2421
2321
2422
1181
1175
4795
3769
1183
1186
1182
3730
2423
3731
2322
3055
3054
3053
3056
3052
3764
3762
2425
2424
1180
3763
1192
3049
4096
3804
4797
4803
1193
1194
1195
1593
2366
2364
2362
2927
3048
1594
4800
1958
2940
3051
3050
5452
2938
2939
4798
1592
2596
6658
2597
2594
1591
1590
1589
2365
2363
1588
1955
2367
1586
2359
2361
2593
2355
2354
1578
6762
6761
2598
2357
1587
2599
2360
2358
1574
5436
2595
1573
8077
7400
6444
2356
6208
1572
4784
6037
7179
1569
1570
2581
1555
1556
1558
1575
1576
3717
1581
1583
719
714
715
5433
2566
2567
711
709
710
3732
2026
2693
1649
1650
1891
2578
4856
1890
2573
2575
2574
2568
713
5380
1582
3718
3716
2372
2371
1585
712
4855
5379
707
1893
1892
706
705
2402
2690
2691
1557
2403
1571
1577
2601
2600
2602
2586
704
7511
2587
1884
1882
2318
1883
699
23
6679
58
1239
7533
2016
6680
4854
698
18
5265
2415
2570
728
2569
2023
1763
1762
726
6036
6035
729
1764
1639
1644
2411
2571
2406
2024
3060
59
2407
5267
22
2579
2580
2019
427
2577
426
7223
6057
2021
2604
428
2020
5144
697
723
2576
2416
21
724
20
2413
2022
19
2412
727
2414
725
7526
2417
2658
1769
2606
5127
1775
6077
6055
5124
5502
1242
1243
5501
16
4656
1837
869
6702
5500
2034
5116
8218
5118
4657
55
4658
4659
2033
2616
429
1777
5498
8183
2615
8182
430
6052
6053
868
2637
1776
2636
1806
17
5126
1807
1805
4190
2607
2605
1635
1634
1768
1767
4565
1766
2025
1637
1765
730
3933
1770
2408
1636
1643
2410
2572
2405
1638
2409
2591
2592
2404
4966
1898
3914
3913
2603
1899
1886
2834
2835
2836
3915
3758
7512
2585
2317
708
703
1885
8118
702
2305
700
3744
3776
701
5153
2582
2584
2583
6434
5009
2314
1238
4019
4018
1237
1931
4021
2018
4020
1925
1924
2017
6681
1236
1926
2311
2313
2312
1235
6683
6682
6684
1333
3117
3118
3119
1334
2837
2202
5177
5178
8121
8122
1335
2838
1336
858
860
861
857
859
856
1349
7158
7157
865
1413
2843
6085
1412
1471
4332
5821
5819
5818
5820
6685
1880
1234
2315
2194
2195
2196
4620
4621
2197
2198
2199
4569
1423
1422
3777
1436
3778
1421
1414
1415
1416
6093
6094
1420
4023
1425
2933
1930
1419
6092
1417
2935
1418
6095
1434
2936
1435
1440
1439
1441
6096
1424
2934
3779
3780
3783
3782
3781
5395
6091
1438
1444
90
4898
4730
4734
4733
4735
3808
6174
1934
3912
1935
1936
1937
3698
3699
3705
3704
3703
3702
3701
4799
1939
6660
3710
1933
3700
1932
4017
5437
3711
3911
1938
3909
6662
6661
5137
4022
1563
1562
1442
1443
3785
2432
7357
2430
2431
2932
1559
1560
1561
2531
7534
2928
2930
2929
2931
6663
3910
1941
4415
4416
1940
1596
5439
5238
1595
5236
5179
2937
2687
5239
6659
5237
5165
5167
4796
5240
4802
1597
2941
5166
4883
1219
4882
1942
5168
4801
4884
3908
6642
6641
1217
1945
6643
1950
1949
4881
3905
3907
2323
6819
3691
6817
5461
3786
3697
5103
5545
5100
5552
3692
6818
574
6825
3696
573
5099
6824
575
6822
6821
576
3688
5528
584
587
594
7227
7226
5533
586
585
596
6826
604
606
3690
3916
5523
5544
5755
5527
5524
5526
5525
5707
5706
7225
597
5531
598
600
599
601
605
5708
5709
5711
5710
5712
5537
5536
583
5104
582
589
588
592
593
5105
5699
3802
595
602
3800
3801
3803
3798
3799
3797
612
8113
5102
3796
8072
8114
611
610
8111
8112
608
609
8107
8108
8110
8109
607
603
613
614
617
5532
5530
5534
3452
616
615
5203
590
591
6820
581
618
5370
620
5546
623
622
5547
621
5369
619
3811
3812
5204
579
580
578
3788
5101
7383
577
6823
4700
5205
5548
3787
3906
1218
3496
5411
3495
7186
3492
3493
3498
3491
2325
2326
6644
3497
6623
6624
6622
3490
2324
5412
6625
4731
2433
4729
4732
2434
5383
2443
5385
5388
5386
5384
5387
2435
2437
2438
6138
2439
2440
5460
5455
5456
5464
5465
5458
5457
4775
2441
3638
3639
4005
3640
4091
5459
4090
4089
3256
3335
3255
5663
3254
5404
5405
5661
3333
3334
5662
3257
6514
3318
3317
3314
3313
3320
3336
3312
3311
3319
1216
3327
3326
3316
3315
6638
3322
3323
5252
5453
3321
5454
6513
3324
3325
4831
6639
6640
2378
1215
3328
4031
4032
5608
5609
5659
5657
5658
4030
4029
6601
4028
6602
98
6411
3329
4328
4327
4326
5637
5611
5652
5639
5640
5681
6148
4325
4329
6580
5638
5680
3330
4013
3332
3331
4012
6056
4014
2350
6581
6582
2351
2352
4006
2349
4870
4868
4867
4869
4866
4015
4016
5633
5634
8155
4075
4076
84
5603
3349
3348
3351
85
3344
3345
3346
6212
3347
3350
3395
3397
3398
3394
3396
3404
3403
3402
3405
5607
6170
5604
5605
3401
5606
3400
3399
6168
6169
3410
3406
2487
2181
2488
3309
3310
2319
4070
4071
3237
3238
3240
4051
4050
4049
4055
4048
4053
4054
4056
3671
3239
6173
1697
6175
1696
4052
6172
6171
3670
3009
3008
6176
4074
3872
6167
5011
3007
6180
3006
3005
3002
3854
3001
3003
3004
5202
3857
6181
3000
6178
2999
2998
3856
3936
5027
3855
1695
4073
6177
1694
1692
4066
4067
5075
6179
1693
4068
2483
5077
2481
3993
4027
4026
8083
3992
3995
4069
3994
5064
2482
4024
4025
4642
2478
2479
4641
5247
2480
4643
4644
2485
4645
2486
3858
5382
2484
2477
5076
2476
5018
2459
6946
2463
5020
5021
2460
7021
2464
7022
5015
2991
7023
7024
2989
2990
2993
2994
2992
4555
2465
7025
2469
2466
2467
2468
2907
4704
2908
2909
5938
4712
1390
1387
4553
4554
2910
5939
1274
1275
5924
1276
2900
812
5931
1495
815
4551
4552
1388
2904
5923
1389
1391
2905
2906
5068
1392
5067
7026
7028
2901
7029
7027
4004
7031
2996
6463
2471
2470
5937
5925
2472
5909
6460
6462
6461
6464
6465
4035
7030
4083
5926
2902
3859
2997
2995
2903
5911
5912
4034
4082
5908
3231
7016
5815
7015
7014
1499
1498
4627
4628
4629
5933
7017
1500
5816
5817
5280
5595
1496
7018
7019
1497
4625
4626
5934
5935
5200
4159
8194
8193
1393
1394
7032
527
1395
2874
2891
1980
1981
1982
1983
1567
1568
8096
1453
1566
1564
1565
5786
5787
4698
263
5780
5781
264
8095
265
267
5811
1398
1397
1396
1399
1400
8187
2884
2873
2877
2871
2872
5779
268
269
524
525
1402
5812
1401
2893
526
5272
5281
5276
5268
1405
1403
1404
1406
5323
2869
2870
7098
5322
2841
5773
5529
1278
1277
8189
8188
528
5270
5279
5271
7013
2886
2885
1679
1451
1452
4680
1449
1450
8098
8097
2887
4695
2878
8099
2889
2890
4131
7505
2888
2892
5936
8214
7506
1680
1681
7020
2894
2427
4057
4124
4125
4127
4129
5814
5813
4687
4686
4128
4130
4126
628
629
627
1282
4115
4685
626
7207
5951
7208
4753
630
945
946
4913
4916
7389
7392
7390
7391
5904
4915
4912
4914
4917
7182
3871
3203
4188
7388
4189
4044
5903
3870
4047
3868
3866
3864
3863
3862
3861
3865
3867
8071
3869
4078
4079
5843
4080
4081
4045
4046
5842
2429
4087
4061
3860
3873
3874
4116
7077
7076
5905
7078
7079
5884
4062
4063
4064
5885
5883
5886
4065
5887
4681
2428
5844
5845
5846
3233
4084
5848
4085
5906
4033
624
625
3232
3880
5596
4185
4184
4187
4183
4186
943
944
4042
4038
4039
7386
7185
7184
7183
7385
7387
4077
4086
4040
4041
4043
4117
8106
2766
7181
2764
2765
2763
2762
2967
2761
3655
8179
2965
2966
3520
6061
3595
2735
498
499
3035
3034
8176
8177
3112
7055
3113
501
500
8051
8200
8199
502
503
3458
3457
8050
504
3114
505
3116
3115
8046
3092
8049
8047
4140
8048
3093
3086
3087
3085
3043
3036
8052
8053
4955
3042
3037
3039
3038
3649
5684
3648
5294
3647
3646
3645
5592
3644
3643
3091
3090
3089
3088
8056
4711
8055
3040
8080
3014
4377
3015
4889
3016
3041
3017
3879
3018
3596
3019
3407
3408
4114
5601
8085
5600
5516
3293
3294
5549
5598
4195
4197
4196
4340
4341
8081
5594
5550
4374
8084
5597
5599
4194
3228
3295
3297
3296
4137
4160
4135
4134
4133
4132
4638
5602
4158
5591
8082
5589
4156
4157
5590
6579
4193
4571
3291
3292
3290
8088
8087
8086
3230
4136
7602
4138
1633
3229
8090
8089
3289
8091
1651
631
4058
3986
4060
5847
4059
7052
6062
7053
7054
6724
3234
1283
1285
1284
1286
1287
1288
1379
1380
4003
6195
6717
1653
1652
1654
1668
1667
1671
1655
6194
1656
1657
1658
1659
1660
1661
4002
4113
4001
1662
3990
3988
3989
3987
1664
1665
6196
6193
4549
4161
1663
2475
4550
4000
6452
1670
1669
1666
6192
1676
4619
1673
1672
1674
6716
6715
6714
3985
6713
6712
4666
1675
1677
5248
6952
3236
6953
6951
6949
5929
6710
5928
2473
3937
5172
3938
4406
3991
3996
2474
3997
3998
3999
5930
6711
6948
6950
5231
6182
6183
6947
6453
5014
5013
5012
2461
6945
2462
6944
6943
6942
6941
2175
3026
3027
3025
3032
3033
3028
3029
3030
3031
6940
6939
2190
6938
2174
6937
2912
5024
3023
3021
5016
3020
5025
3022
3024
6936
2189
8120
2188
5434
2187
2186
3183
3182
1476
1475
1474
2457
3186
2458
6082
6084
3184
6083
3185
2184
3181
3188
1477
2185
1479
3187
1478
1480
2173
2172
2562
3607
3175
3179
2455
3178
2456
3177
3180
3608
6593
6590
6592
4779
4781
4780
4778
4011
6591
4777
2176
2988
89
4335
4336
6589
2178
2179
4774
4010
3010
2183
3011
4776
4008
2177
2180
4009
6588
6587
6586
6585
3304
3305
3306
3679
2182
5615
4072
5725
5726
5727
5724
88
3307
6584
86
6583
4007
3308
6335
87
5613
5614
6141
3343
5682
3338
3339
3340
3342
3341
3337
5612
5641
5610
5654
5655
5910
5656
5653
4911
3637
4910
5408
5407
3641
2451
2450
5406
2449
3012
5463
2448
2447
5401
5402
5403
3013
2446
2452
2453
5442
6726
2445
5462
2444
2454
2442
2987
5389
2436
5198
5287
2985
3413
2986
5199
5391
5390
5392
5393
5394
1437
1430
1426
1427
1428
1429
2983
2982
2978
2980
2981
2979
2984
1433
1432
1431
91
6090
6627
6628
5420
5421
5419
6626
5422
3225
5423
5424
5425
5428
5427
5429
5426
5010
2169
2171
6594
6595
2170
2193
2975
2977
2976
1473
6089
1472
4225
3176
2191
4568
2192
4570
5543
2168
4880
6933
2165
2167
6934
6935
2166
5017
6088
5435
2316
1232
6596
1233
6597
6598
1881
5244
5242
5243
6599
1231
1407
2876
7216
5987
5988
1267
5989
5990
1260
1261
804
1281
5023
5019
5022
2911
1264
808
1272
809
1271
806
2875
805
807
5942
5943
810
2913
811
813
814
5201
1385
1378
1376
1377
8195
1383
7409
5932
6420
1382
1386
1270
1266
872
873
1381
1384
1268
5985
5984
1269
870
5983
5986
871
1262
1263
1273
6087
1265
1258
1259
1279
1280
1409
1410
6086
2844
2845
6029
1408
2842
94
1411
1350
2200
2839
2840
5176
7011
7012
2201
93
648
645
646
1337
1338
7218
1339
1340
1343
1347
8190
1342
1341
4691
647
649
4692
4693
92
7010
7009
57
7222
56
1345
1346
8135
1344
7221
7220
8124
8139
8138
8140
1240
8123
8125
5122
5119
1241
5120
5121
1254
1509
1253
1348
1508
8127
7180
8222
5110
5112
4809
4808
5113
279
1505
278
1511
277
276
2613
5142
1503
1502
1504
1510
5139
5140
1512
5125
2035
4993
5117
1250
5111
5114
6898
5108
5109
1251
1252
2614
1166
1170
1171
1167
1165
1686
1164
1163
1168
5163
1169
1172
1501
274
6329
273
1521
1520
272
6331
4942
6742
1928
7008
4941
1929
644
6333
641
643
1307
6555
1308
4275
4276
5491
1306
650
635
507
513
511
634
633
632
6030
512
514
2646
2653
2647
2648
8069
2645
2644
2643
2649
2652
2651
2650
6900
6899
638
639
4281
6332
4287
4282
642
4278
4279
4280
3833
4804
520
521
5275
4725
4690
4726
270
5269
5278
4667
522
5273
5277
95
5274
2164
6140
6139
96
97
4952
2656
2657
8162
5282
523
516
518
4285
519
517
640
6330
4286
4372
7541
4373
271
6573
6570
4427
6572
6571
6574
5233
4806
4807
4805
6737
5232
266
8094
8093
5196
3064
3063
6723
2203
4444
5189
6926
6709
4468
4464
4459
4482
4475
5249
4484
4474
4479
4480
4481
4477
6708
4487
4473
4472
4483
4478
4485
1678
4502
5195
4501
4434
4440
4442
6930
6928
4438
4443
4439
4435
4436
6722
4441
6925
6924
4476
4486
4455
4456
8070
4451
4465
4446
4466
4433
4457
4498
5182
4492
5183
5184
4500
4497
4493
6311
4496
4488
5185
6923
4490
4499
4491
4489
4494
6310
4495
4469
6929
6932
4462
4460
4458
6707
4470
4471
4437
6931
4467
4454
4452
4463
5186
4461
7243
6927
3065
3066
3067
5250
3068
1469
4453
5187
4448
4450
7244
4449
4545
6706
6705
4445
4447
5188
4548
4546
4547
6718
6719
6720
6721
260
262
261
253
1470
1457
1455
1456
1458
1463
1462
255
1454
1461
252
254
1460
250
1466
247
246
1467
2655
5190
1468
515
1465
1464
1459
508
506
4640
4639
4723
4724
509
258
2139
2140
5770
2703
510
2702
2700
2701
4143
4407
2704
4721
2141
4284
4283
6902
5772
4736
259
8165
6901
2142
2921
257
4512
4511
1223
1224
1225
4722
5769
1226
1632
3241
8201
6827
4637
4636
1631
1630
256
233
232
235
1605
1606
1627
1628
5764
1625
5763
5765
1626
1629
1624
8092
5713
5714
2919
2917
2920
1623
5761
1622
1621
497
496
3945
3934
5258
5260
5255
5257
3955
3954
3956
3957
3958
5254
5259
5256
217
2068
2069
2918
218
5261
220
219
221
2070
222
225
2089
2066
4403
4402
4401
2067
4405
8143
3935
1618
1613
1610
1617
1614
1619
1620
4404
2090
1616
1615
224
229
1611
1612
230
231
2084
1608
1607
1609
5622
5624
5623
234
239
238
2087
2088
236
2076
2077
2078
5194
2079
2080
2083
2082
237
5192
5191
251
248
249
6209
5409
6743
5193
2081
2085
6744
243
244
3459
4694
245
2334
651
4272
4271
2335
5494
6557
6564
2304
6561
1309
3235
2075
2071
5161
2072
2074
2073
2091
2092
223
226
227
228
303
5234
5235
3828
6568
6569
6566
6565
6558
6563
1310
6567
6562
6559
6560
6556
4376
2618
2095
2094
314
1976
3709
1536
1534
1535
2611
4624
306
305
2609
4277
307
2098
1532
1533
1923
2097
5080
4290
4267
4268
4288
6509
48
6512
6842
6510
3829
6508
6843
6511
6778
4289
4291
4269
308
3831
5083
1979
3832
3830
6747
6748
5082
8061
6777
6776
1875
1311
4270
1874
1876
5081
1550
4261
4260
1927
5581
5582
5583
4292
3807
324
3876
4348
1919
6499
1910
3875
4347
6498
322
1920
6542
323
1257
3653
3654
7224
8216
8215
1518
1255
1514
1513
1515
275
1517
2550
2612
1507
1506
1519
939
940
941
942
1516
1921
1922
8208
316
5487
5171
6543
6544
5489
317
5488
6545
5173
6546
6547
315
310
321
312
1530
5164
1525
313
936
937
938
2654
5162
1522
5197
1523
1528
1524
1526
1527
1529
1531
2420
320
2610
318
4622
319
1537
5587
309
311
5175
5490
1222
4623
5492
652
4274
4273
5493
2093
2617
3836
5948
1977
8207
304
5174
2096
6774
4375
2642
4858
6578
654
2307
653
758
46
759
3658
5084
47
6814
49
6813
6812
4296
6048
7714
3659
4297
4298
6049
1096
4294
301
302
2955
7408
1691
7190
4696
45
4633
6810
4295
6811
3660
6809
5564
6808
3661
1098
6519
1248
1247
4293
1249
1313
1312
287
5328
288
5329
1246
8178
6205
7000
2974
6206
1101
8146
6207
8147
8148
3942
3
2968
1156
2310
4956
2
4
0
