0
286
2603
86
2405
1710
1392
2343
1152
1698
2588
707
1622
1157
2348
706
1619
2979
1623
1225
1617
2520
2617
2882
2835
2601
1160
1620
1176
1699
2914
1084
1070
2605
1509
2595
936
970
1872
1632
1503
1709
1767
2406
829
2159
1702
2399
525
1721
1091
2400
1425
2404
2104
2176
524
2398
1413
1407
1696
2401
1080
2402
2765
2403
1095
2171
1114
2295
1087
2978
2452
2843
2450
2174
2916
1527
2451
2971
2313
2977
1358
2893
2103
1416
2780
1525
2589
2897
1117
2775
2455
2896
824
2902
25
626
2467
1589
1782
1873
2110
2393
972
1859
1102
1837
294
1493
1408
1532
1626
2745
1806
635
698
657
1804
2906
2998
678
2132
1197
826
1076
2163
1544
2716
938
2964
1005
648
1868
1020
1836
1781
1867
646
138
2876
655
2747
2744
660
3031
1734
1780
270
3004
104
1799
1775
89
27
1068
137
1029
2746
2955
1166
2832
1848
825
935
2924
472
1779
1852
695
1870
315
1195
297
1844
2982
1862
1793
2980
694
1777
1430
1854
1075
2556
1827
66
1858
143
2769
2879
393
1046
1851
697
1863
1800
2165
2008
2708
2545
2700
2881
2704
1030
2705
487
2703
1178
2702
1169
1789
1798
496
2481
2386
2551
1496
947
2915
1665
1719
950
2030
699
1912
1174
497
3010
1492
2887
1491
708
1495
700
1515
2851
1522
15
625
284
1520
2562
653
2749
1510
710
1590
1429
955
949
1211
651
633
1763
3056
72
1727
1409
634
2753
3047
978
628
2963
627
808
1725
1410
956
614
2838
296
482
2890
2253
1825
1991
1518
2478
1534
2480
719
1700
1992
1038
2907
1586
1016
202
3009
274
1791
2632
1792
251
2909
2152
2477
1205
1412
1165
23
486
3094
1688
1043
1757
1094
1012
1714
1526
34
2844
307
2658
44
1724
2961
2293
828
2175
975
2173
75
1004
2457
2901
831
1524
1112
1762
1766
1817
1916
1418
1477
1422
381
2630
303
1758
92
1396
76
1754
2937
1755
1110
1760
2249
1753
2921
1756
1090
1420
293
1417
2736
1846
1613
1181
2482
1415
976
1402
1692
1787
2892
1088
2900
811
2898
331
2895
809
2172
33
2806
2764
2903
2594
1722
980
2899
1786
1414
985
1752
2770
2954
2711
396
1649
704
2610
1701
1634
1082
1631
2621
2608
2524
1614
2836
2607
2411
2618
1552
2613
2966
1633
2231
1635
17
1618
3039
2834
2312
2616
2623
2325
2522
2328
48
2837
2288
2615
2891
2344
2523
2345
2516
2342
2514
2329
100
2443
2975
2326
2810
16
2743
2807
1013
1051
11
10
414
415
18
1
1353
3
1036
9
1035
1014
2812
2811
2338
2809
2330
2976
2327
2513
1621
2409
2350
2517
4
2729
2793
2519
2226
2526
2571
2339
2351
2340
2570
2518
2380
2732
2341
2527
1625
2444
1627
2336
1624
2335
1628
2521
1629
2337
2619
49
1636
354
2614
1697
2331
2622
1050
1083
1630
1155
2611
140
2612
1221
2609
2981
2332
2554
2232
1173
2525
2719
2410
1776
2620
142
2334
1931
2347
1226
2346
157
1637
2512
2606
2555
1616
141
2349
2460
2333
1774
1615
1149
2260
702
50
2459
822
2484
2475
1101
1431
292
716
2483
135
2781
401
2717
1612
1764
1771
2586
1423
1081
2908
1097
1785
379
1768
372
2910
1119
1483
57
2178
974
1956
2592
1713
818
1111
1778
1115
973
2597
1116
1958
2585
2309
2449
2870
2456
941
2108
382
2757
1794
703
649
2859
1585
71
1871
645
2718
1770
1577
3007
1588
616
2390
718
1860
3006
1841
1018
2819
2220
1838
1017
2821
945
1511
813
1643
1432
1581
2920
1587
2888
1583
2310
1563
2561
1742
144
1513
1022
2539
355
1801
715
2877
1179
2005
1720
3060
1219
712
1177
2162
2550
2565
1172
1805
1069
971
632
1803
1732
711
1156
2011
1153
2006
1175
2009
1150
1490
1158
2003
1167
1667
1154
3061
1220
2007
1168
1808
1163
2002
1171
2546
530
3038
620
615
1151
1795
2974
1653
408
3008
3048
2004
134
3005
3049
3011
2564
2593
1731
2957
1717
1807
1161
3059
1047
693
1718
709
3054
2951
705
2950
1162
2566
3055
2956
701
1595
1079
1584
2314
67
696
2737
3033
2135
133
1027
13
2437
2774
631
1575
516
2953
1570
520
3088
714
2634
1501
1802
45
2889
1502
1593
517
2631
948
1578
2952
1726
1666
3053
576
1212
148
1170
85
2635
2148
1654
1829
1006
1498
1159
2479
2633
2861
1773
1428
1600
1832
1592
295
1572
1659
2025
285
1861
1426
1601
1015
1582
2315
1596
1026
1574
1769
2026
1092
2707
3032
2509
1830
1849
962
2164
644
2709
2499
1840
311
2710
1694
395
812
1856
2105
430
2275
1446
156
2394
2442
2224
1693
2854
821
2830
2308
2827
2782
2822
2941
2826
1085
2829
380
2825
1103
2828
87
2824
2962
2823
2485
654
2590
3019
2258
3018
981
2649
423
1514
422
3016
2307
394
2161
624
2985
2010
2222
2596
2510
1831
2246
304
1835
2923
2706
2440
1845
32
1869
2408
1855
2458
2221
1108
1196
3092
1857
1695
2223
2984
1599
2968
2720
2860
2497
120
1447
2948
1449
2230
1788
1914
1497
2731
498
833
5
2713
1494
2983
473
88
6
1772
2768
984
7
815
1955
1833
937
713
1847
523
1843
2833
1864
3096
1866
1067
2396
717
1597
647
3087
506
720
3095
3020
2461
1602
77
1566
3093
1571
1023
1512
2758
1516
30
2734
2712
2820
2428
3030
306
2733
2911
1842
834
1834
1651
28
2300
3063
2247
977
1865
2114
1839
1957
1180
832
2248
1105
1222
1089
1689
1086
1199
810
1735
827
2301
577
1933
816
1164
3040
1182
1715
658
3091
1530
2109
1421
2112
2894
35
521
2107
1531
1427
2528
1106
1390
2106
1406
2831
1405
1113
1403
46
1398
2177
1401
2922
1400
2115
1404
1107
1761
2462
1759
2600
1399
2917
1751
820
623
2604
1096
721
1098
2465
93
979
1810
2116
1419
1093
1812
1099
2602
982
1932
1711
2558
819
1208
2598
1228
1706
1206
2024
2559
1796
1723
2429
1207
2277
1215
2714
2560
2430
1214
2766
1218
2469
1202
2715
1198
1499
1217
1021
1186
2544
1185
2476
1201
2767
2552
2762
1988
2498
1204
78
1203
2763
1216
2153
1213
1019
1184
31
1576
2875
1579
2470
2701
522
1853
967
659
149
1210
24
1209
968
1187
1109
1183
575
1397
1915
1394
1025
1393
597
1395
2591
1230
3064
1391
969
1687
353
2151
29
2468
1783
2858
136
1691
2466
2464
1223
1411
636
1424
656
2454
652
2453
519
1708
630
73
621
99
622
983
619
1104
629
36
1521
2111
637
378
1523
823
2397
37
2755
1100
1227
2515
518
2587
139
2960
1232
2886
1231
2448
1229
830
1224
1712
2557
1638
1200
1705
2659
1704
1533
1707
1189
1118
1191
817
2553
91
1188
2441
1194
2500
1192
2113
2294
74
1528
1703
1190
90
1193
1765
1529
43
3050
1826
2150
14
1959
1822
2149
2777
2391
1647
132
1960
2395
1648
1517
1797
2392
1500
3017
2471
2147
1790
2146
650
1519
2134
12
1598
1003
3052
2494
1594
2306
1784
3051
2563
3046
2305
1573
2493
639
2973
1989
1926
1961
410
2945
2123
309
2427
268
1652
1463
1811
1074
1055
2256
1819
211
1813
2257
276
502
526
493
1994
2099
946
405
272
491
1716
1591
313
42
1990
1448
308
492
2547
2949
1816
210
195
1748
2029
503
2160
407
1024
406
21
1657
1824
490
1815
398
2225
2385
269
692
2549
2124
2730
2568
249
19
200
1823
2972
283
204
2913
201
1809
203
1820
209
20
253
1664
273
1814
559
2492
2567
252
2120
2936
208
488
2098
2548
2121
1821
2100
1504
1656
489
312
2122
1828
1557
1818
560
2077
2656
2657
2377
3070
2072
2074
2375
2376
2374
2076
2073
2075
2097
58
363
361
3003
228
3001
3002
1746
360
1747
403
404
1686
229
1433
451
442
450
443
2136
2141
2119
1460
2137
2739
2738
2653
2735
1073
2655
1461
1462
2139
1464
2201
2372
2195
2198
2197
2200
2654
2199
2202
1072
3057
3058
1469
1470
670
1467
664
665
666
2189
2190
1466
1468
2193
1465
2194
2192
2196
2191
667
2933
668
661
1471
1733
2650
2651
663
662
2652
2143
669
2179
2801
437
2802
2166
397
1478
2803
1049
2501
432
3029
431
568
567
2741
571
679
2928
69
2251
2927
2446
2303
1048
2142
2292
2252
2808
2849
444
445
446
688
2486
1435
399
400
2047
2664
448
447
504
452
2117
2118
1505
2289
2878
515
1434
1010
1009
409
271
599
598
250
2665
2666
2237
2918
2388
2387
2919
600
617
2291
2290
2728
453
2238
1743
1655
1488
105
1929
267
265
310
168
167
166
266
1927
2965
2846
194
2845
193
191
192
986
205
1507
1506
254
282
281
3045
638
255
2988
158
206
185
186
1684
164
2667
2036
165
275
38
256
163
207
84
162
184
183
217
1440
216
82
80
56
161
182
181
160
159
180
83
65
1508
218
1549
2761
64
190
189
188
291
187
314
226
179
2759
22
277
224
225
278
279
178
177
844
2227
2228
2660
2447
2219
2995
2472
1945
2473
1944
843
842
2274
926
2360
2273
1439
845
1041
930
838
837
931
1040
2369
2324
2356
2357
2367
2366
2368
2365
839
2037
929
841
2358
2272
840
2270
2271
2359
2269
916
927
928
2039
2042
2362
2364
2363
933
2267
2268
2266
2361
959
961
960
2685
2817
2818
2317
2686
2487
957
2815
2816
2040
2316
547
2814
958
548
2813
849
923
922
532
552
1479
856
850
2038
1053
1052
918
917
2932
851
2352
677
2041
676
846
934
932
2354
2355
546
925
924
1943
1940
545
544
287
1928
61
290
289
196
197
198
2783
364
199
212
213
70
214
215
2944
62
1044
2371
1454
1453
2693
869
868
867
866
1062
1482
915
1455
2692
1456
1484
1061
872
871
2236
870
914
63
538
1011
357
358
359
402
227
1745
2084
2079
2078
2370
2082
3000
2999
2086
2087
2088
2080
2085
1744
2083
2081
537
2235
536
913
2805
2384
2804
1485
1548
1546
2188
2880
2185
2186
2183
2184
2187
2503
1547
499
1037
500
2926
3069
3067
3068
2695
501
2064
2066
907
904
2063
908
876
886
2070
880
879
877
2234
1736
905
882
906
2068
881
878
903
883
884
902
901
2065
885
900
899
3090
1605
2233
1604
1603
1963
2182
887
2925
888
889
2181
2990
3080
890
3079
3078
2694
573
1028
572
569
464
1071
3077
3076
748
744
757
753
475
1939
1913
474
894
763
389
2241
457
2028
2542
2541
2027
2240
764
966
441
1360
1359
436
1362
1361
1364
1368
2531
1366
1365
2017
1007
2533
1367
2640
807
1363
435
2532
438
439
508
2504
2505
434
2641
2946
2947
392
511
1930
510
456
2278
505
469
480
2168
2167
481
765
2638
2639
2101
2102
2012
1370
1371
1369
476
1539
1540
391
3089
3037
954
618
1560
1569
1565
1562
2637
1564
1568
2636
1567
1558
1559
1542
1561
1545
1543
893
1541
466
467
2629
1580
1385
2996
2284
1388
1386
1387
2243
2242
1384
1555
2244
2245
1389
1737
2286
2285
1554
1383
779
2628
778
2626
791
795
780
2648
2627
789
2424
1382
2423
790
1650
1949
1938
2463
767
768
788
766
1948
1947
787
1381
2407
1380
785
784
783
782
1950
1951
1609
777
797
792
781
796
794
776
775
774
773
3071
793
772
786
2089
771
2426
2425
2422
2421
2929
2643
2644
769
1728
770
1730
1376
1375
803
1378
458
1377
1379
461
462
483
2642
484
2986
799
463
485
455
2057
2059
2061
604
2053
802
798
2987
603
800
640
2624
602
1934
612
2140
641
1682
609
2180
608
2058
2054
610
607
2055
2052
2056
2060
611
2625
606
1681
605
433
507
2750
1729
804
2138
1936
1935
1937
805
613
801
806
601
2645
2647
509
2646
2279
514
459
460
495
759
1445
725
1486
1487
494
723
513
512
2255
2254
2154
724
758
1444
1443
1442
1373
1374
745
756
1441
743
754
747
746
1372
755
2862
1002
440
760
1008
727
2490
449
1031
726
2491
2489
761
762
2239
964
2488
2540
2543
965
963
470
1741
465
2506
1740
1738
1537
1538
1739
362
471
421
1536
1535
1850
2942
2943
752
1875
2320
2145
3082
749
1877
2155
2856
2857
3083
750
2156
1878
2158
2144
2319
2157
3084
1882
2931
2930
3085
2321
3086
751
2318
1611
1610
1881
1879
1880
1874
1876
2756
2322
2323
2871
454
2855
1669
426
425
424
386
428
427
429
412
390
1668
411
895
570
896
1608
2169
2170
1606
892
897
891
898
1607
1032
2508
2991
3028
3027
2760
387
574
680
1996
1998
1999
1997
1995
2001
2000
741
529
742
2373
527
2071
2069
558
875
128
127
1749
1750
126
730
731
729
814
528
539
388
125
1039
739
124
1556
1256
2885
1066
1000
1257
1249
2698
1255
1253
1254
3026
732
939
995
993
1245
1248
1244
1247
1246
992
988
998
994
2697
999
1258
996
997
2840
2839
1001
989
1250
990
1252
991
1241
1240
1251
1238
1239
733
734
1243
2302
1242
736
737
1065
738
1063
122
418
155
121
2751
2752
1680
2281
2722
1673
1675
1674
2599
417
1883
416
1898
1889
1900
1895
1907
1885
1884
3081
1894
1670
1899
1671
1678
1901
1888
1893
1897
1908
2872
1887
1906
1896
1902
1909
1676
2280
2282
2283
1672
1903
1890
1886
2785
2784
1677
2874
2873
1905
2699
2439
1904
1892
2413
2412
1911
1910
2438
1891
1679
419
1977
2724
2723
1980
578
2726
1660
2725
1978
1661
1663
1972
1986
1976
1662
1982
3044
1973
1984
1974
1985
1983
2727
1979
1975
1981
1971
1987
154
153
1064
735
740
1437
123
1438
468
478
479
1436
3023
2773
3024
477
3025
551
550
129
1946
1925
674
675
555
3065
3066
531
557
874
2296
1459
2691
2297
2299
2298
873
953
952
1458
1457
1481
1450
1452
1451
864
951
865
909
910
911
130
146
912
131
2748
145
147
288
859
1054
853
2690
2353
852
857
919
858
920
921
150
535
2067
2062
534
556
533
2696
151
672
855
848
673
549
847
854
671
152
1644
1553
566
1480
2682
2383
2435
2436
836
2674
2842
2841
2382
2311
2205
2680
2206
2207
2208
2417
2212
2216
2217
2687
2420
2689
2688
2683
943
2684
944
2419
2418
2681
2381
2433
2789
2790
2792
2791
2432
1645
2434
1646
860
1045
2214
835
2211
2215
2218
861
863
2210
942
2675
2679
3075
3074
2788
2786
862
2787
2678
2213
2677
2676
2209
3073
3072
3043
3042
2577
1920
2576
2578
1127
1941
1139
1942
1128
2536
2868
2867
2866
2863
2431
1125
1140
2869
1126
1141
1923
1918
1142
1921
1121
1122
1922
1143
1144
1129
1924
2865
2864
2535
1124
1123
2021
1138
2416
1137
1133
2022
1132
1919
1131
2023
1130
108
109
2575
2574
325
1323
326
111
110
330
327
328
1964
329
112
351
1060
350
349
2131
2130
96
1294
95
1292
1290
302
1954
1952
1953
3022
97
1266
1261
1968
1262
1967
1059
1260
1263
1265
1058
347
1267
2569
1269
1273
1271
1272
1270
345
344
1056
113
114
2529
2934
1237
1236
2883
2992
2884
2445
1234
3021
1235
3041
2378
2935
2229
115
691
690
420
1642
116
117
119
2128
3014
2507
2125
2127
2129
1658
2126
118
2530
689
1276
1275
1277
1274
1057
1268
2958
1279
1278
722
2538
1233
1288
1289
1355
346
1280
1283
1281
1284
348
1259
2133
1264
1325
1286
1285
1282
1287
1965
1966
352
3013
2020
1917
2572
1324
1136
2573
1135
1134
107
728
563
305
1356
1319
1320
562
1313
1316
1310
1312
2496
1315
2994
561
2993
1322
1321
564
1318
1317
2502
1305
2776
1309
1300
47
1550
1551
2051
324
580
595
596
1298
2997
1301
1307
1308
1304
2495
1311
1302
1306
2848
1303
1314
332
581
301
300
299
1291
1293
1295
2474
2511
1297
1296
2048
2050
579
1299
3015
2938
2049
565
2032
1033
1034
1472
102
2740
2967
333
334
323
2304
2754
1475
642
1476
2905
1473
643
1474
2581
2019
2018
2580
2673
263
593
582
594
2263
583
683
3034
540
940
2287
2663
2044
2989
1489
2276
2959
1993
2415
2414
1639
2771
2772
356
260
26
259
40
261
39
257
320
169
1683
170
171
248
319
258
543
553
542
681
682
554
541
2969
240
2661
2970
3036
592
2939
2795
2940
586
585
591
584
2262
2261
3012
2794
2668
590
684
685
2721
2672
2043
262
589
2046
1969
1970
2670
2671
2904
2204
2203
2031
1077
2264
2265
1078
588
587
367
2045
2850
366
371
370
369
368
384
385
365
383
264
321
176
175
322
174
317
2379
2800
2669
2799
686
2798
2797
2796
687
235
1120
234
3035
239
318
173
172
343
342
341
340
339
245
53
238
246
2259
243
374
375
236
1641
2582
1042
298
106
219
1640
220
987
221
60
41
223
222
373
247
81
79
280
55
2534
54
242
241
237
233
376
377
68
232
2853
2852
59
51
230
231
52
2250
244
338
337
336
335
101
316
2847
2094
2095
2093
2090
2096
2092
2091
2583
2537
98
94
2662
2742
1346
1345
2033
1340
1335
1344
3062
1334
1339
1343
2035
2034
1962
1333
1338
1342
103
2
1341
1337
1332
1329
2013
2579
1328
1331
1336
1327
1357
1685
1326
1347
1350
1351
1349
1330
1348
1352
1145
2389
2016
2014
1146
1147
1148
2015
2912
2584
1690
8
2779
2778
413
1354
0
