0
282
254
1506
1507
205
707
2846
193
191
194
192
2845
166
1171
1927
2965
310
2492
167
530
168
706
265
2743
679
2483
2567
267
1048
822
401
2781
2728
382
135
2717
2936
90
1573
1083
1190
1101
2459
1713
1929
715
1488
50
2982
2620
1776
2410
2719
2525
1173
2232
2554
2332
2981
2609
1221
2612
140
2611
1155
1630
1156
2260
1149
1615
1774
2333
2460
2349
141
1616
2555
2606
2512
1637
157
2346
1226
2347
1931
2334
142
2622
1046
2614
1435
447
702
452
1789
1798
496
2481
2386
1432
1581
2920
1587
2888
1583
2310
1563
2561
1742
945
1511
813
1643
2877
1513
1022
2539
1017
1838
2220
2819
1018
1841
3006
1860
718
2390
3007
1577
1770
2718
645
1871
71
1585
2859
1588
616
393
2879
2769
2475
1851
697
1863
1800
2165
2008
2708
2545
2700
2881
2704
1030
2705
487
2703
1178
2702
1169
354
2821
1636
2882
414
415
18
1
1353
3
1036
2179
1035
9
2517
1584
1621
2191
2519
1176
2793
2746
2330
2933
4
1166
2226
2526
2571
2339
2351
2340
2570
2513
668
2350
66
2810
1858
2409
667
2518
669
1014
1170
2732
2380
133
2812
1159
2341
688
704
445
49
252
2118
1050
515
1697
2120
2331
1157
2957
1717
1807
1161
3059
1162
2950
1163
2951
3054
709
3055
2566
2550
693
504
1628
2117
2521
444
2335
400
1624
399
2336
2486
1627
2047
2527
2849
1625
446
2444
955
1051
2801
11
1158
2546
497
947
2077
2956
2657
700
2072
12
2074
650
2374
1828
3029
3010
1492
2887
1491
2306
1496
615
1151
1803
632
971
1069
1805
1179
2162
1047
649
1153
2009
1150
1490
2030
950
1719
1665
2915
15
3070
2134
2633
1003
1598
1502
2889
45
1802
1501
2634
714
3088
516
2011
631
2953
1570
67
1515
2851
1510
710
1590
1778
2003
625
284
1520
2562
653
2749
1575
2557
1808
1168
2007
1779
1852
695
1870
315
1195
297
1844
1612
472
2924
935
825
1848
2832
1182
3040
3046
832
2248
1715
658
3091
1530
2109
1421
2112
2894
35
521
2107
1531
1427
2528
1106
1390
2106
1406
2831
1405
1113
1403
46
1398
2177
1401
2922
1400
2115
1404
1107
1761
2462
1759
2600
1399
2917
1751
820
623
2604
1096
721
1098
2465
93
979
1810
2116
1419
1093
1812
1099
2602
982
1224
1712
3051
43
1529
830
1229
1801
1220
57
1483
1119
1731
2593
1732
1111
1174
2108
941
2456
2870
2449
2309
2585
1958
1116
2597
973
1167
1115
600
1175
2290
703
2666
271
2918
599
250
409
2387
1010
617
598
2388
1172
2665
1009
2237
705
2919
711
2291
1154
2005
1219
712
1177
2565
1152
372
2556
379
1785
1097
1933
816
571
2586
2927
1431
1423
661
2976
2196
2327
2251
2908
2928
1013
69
1829
2446
1081
2979
2811
1932
2338
2809
2729
1862
716
666
1079
662
3033
2190
1027
2651
2737
663
696
2143
2135
2650
1768
2652
13
568
1793
2741
2548
1733
1765
1193
2448
1231
2886
1232
2960
139
1825
1991
1518
2478
1534
2480
719
1700
1992
1038
2907
1586
1016
202
3009
274
1791
2632
1792
251
2909
2152
2477
1205
1412
1165
23
486
3094
1688
1043
1757
1094
1012
1714
1526
34
2844
307
2658
44
1724
2961
2293
828
2175
975
2173
75
1004
2457
2901
831
1524
1112
1762
1766
1817
1916
1418
1477
1422
381
2630
303
1758
92
1396
76
1754
2937
1755
1110
1760
2249
1753
2921
1756
1090
1420
293
1417
2736
1846
1613
1181
16
1775
1912
2910
2808
143
10
1821
2100
1504
2122
312
2656
14
2121
1029
2189
2314
1595
1647
2076
708
2375
699
2501
2777
432
2149
567
1429
397
949
1478
1629
2803
2337
448
355
2664
1814
559
2305
273
1664
253
20
209
1820
203
1809
201
2913
204
283
2972
1823
200
19
249
2568
2730
2124
2549
692
269
2385
2225
398
1815
490
1824
1657
21
406
1024
407
2160
503
2029
1748
195
210
1816
2949
2547
492
308
1448
1990
42
313
1591
1716
491
272
405
946
2099
1994
493
526
502
276
2257
1813
211
1819
2256
1055
1074
1811
1463
2861
639
2493
1989
1926
1961
1466
208
1818
560
489
1468
1827
2150
1826
410
488
2098
1430
1465
2945
2123
309
2427
268
2193
1652
1505
2484
2303
1784
3050
1703
1528
74
2294
2113
1192
2500
1194
2441
1188
91
2553
817
1191
1118
1189
1707
1533
1704
3052
2494
132
1960
2395
1648
1517
1797
2392
1500
1594
1771
2377
2146
1557
2147
2376
1790
1656
2471
2289
1638
3017
1705
2659
1649
396
2954
1735
1100
2755
37
2397
823
1523
378
637
2111
1521
36
629
1104
619
983
622
99
621
73
630
1708
519
2453
652
2454
656
1424
636
1411
1223
2464
2466
1691
136
2858
1783
2468
29
2973
2563
2151
353
1687
969
1391
3064
1230
2591
1395
597
1393
1025
1394
1915
1397
575
1183
1109
1187
968
1209
24
1210
149
659
967
1853
522
2701
2470
1579
2875
1576
31
1184
1019
1213
2153
1216
2763
1203
78
1204
2498
1988
2762
2552
2767
1201
2476
1185
2544
1186
1021
1217
1499
1198
2715
1202
2469
1218
2766
1214
2430
2560
2714
1215
2277
1207
2429
1723
1796
2559
2024
1206
1706
286
2603
86
1467
2522
670
970
2199
2443
2197
2975
2200
2837
1462
1623
2198
1710
2405
2343
1392
1698
1509
2520
2617
3002
1614
228
2524
1872
2344
2738
2328
3057
2523
1469
2325
2141
2835
1460
1082
1503
1635
229
17
451
1618
2635
2836
1433
2231
404
1633
442
2621
2097
2623
2137
2966
2119
1634
443
2613
2735
2891
936
2312
3003
2588
1654
1709
450
2411
360
1620
1747
2288
1746
2607
1686
2601
1461
1631
2073
2516
2653
1622
2202
2326
2654
2329
1072
2345
3058
1617
2201
2618
3001
2608
58
1552
403
1084
363
3039
2136
48
2139
1632
2075
2605
2195
2615
2739
2616
2372
2514
1464
2342
1070
1701
1228
2598
1208
819
2148
85
1006
1498
2558
1711
1212
576
3053
1666
1726
2952
1578
2980
694
1777
1495
2757
2878
292
1200
810
1199
1086
1689
1089
1434
2711
1471
1105
1222
1786
2899
980
1722
2594
2903
2764
2806
33
2172
809
2895
331
2898
811
2900
1088
2892
2770
1752
985
2253
1787
1414
2587
518
2515
2838
2807
266
296
482
2890
437
827
2301
577
1164
2482
1415
976
1402
1692
1227
1799
104
3004
270
1780
1734
3031
660
2744
2745
1854
1075
1180
1957
1839
2114
1865
977
2247
3063
2300
28
1651
1834
834
1842
2911
2733
306
3030
2428
2820
2712
2734
30
1516
2758
1512
1023
1571
3093
1566
77
1602
2461
3020
3095
720
506
3087
647
1597
717
2396
1067
1866
3096
1864
2833
1843
523
1847
713
937
1833
1955
815
7
984
2768
1772
6
88
473
2983
1494
2713
5
833
498
2731
1497
1914
1788
2230
1449
2948
1447
120
2497
2860
2720
2968
1599
2984
2223
1695
1857
3092
1196
1108
2221
2458
1855
2408
1869
32
1845
2440
2706
2923
1835
304
2246
1831
2510
2596
2222
2985
624
2161
394
2307
3016
422
1514
423
2649
981
3018
2258
3019
2590
654
2485
2823
2962
2824
87
2828
1103
2825
380
2829
1085
2826
2941
2822
2782
2827
2308
2830
821
2854
1693
2224
2442
2394
156
1446
2275
430
2105
1856
812
395
1694
2710
311
1840
2499
2709
644
2164
962
1849
1830
2509
3032
2707
1092
2026
1769
1574
1026
1596
2315
1582
1015
1601
1426
1861
285
2025
1659
1572
295
1592
1832
1600
1428
1773
2010
2437
148
2747
2163
1076
826
1197
2132
678
2998
2906
1804
657
1806
635
2955
138
2780
1416
2103
2893
1767
2406
829
2159
1702
2399
525
1721
1091
2400
1425
2404
2104
2176
524
2398
1413
1407
1696
2401
1080
2402
2765
2403
1095
2171
1114
2295
1087
2978
2452
2843
2450
2174
2916
1527
2451
2971
2313
2977
1358
1525
2589
2897
1117
2775
2455
2896
824
626
25
655
2876
2902
646
1867
1781
1836
1020
1868
648
1005
2964
938
2716
1544
2467
1589
1782
1873
2110
2393
972
1859
1102
1837
294
1493
1408
1532
1626
3049
3005
134
3008
408
2004
3048
1667
2391
517
2631
2002
520
3061
2802
1822
453
3060
1073
1619
2192
2595
2655
1699
361
100
665
698
2142
2551
2292
2774
1593
2619
1718
89
1211
651
633
1763
3056
72
1727
1409
634
2753
3047
978
628
2963
627
808
1725
1410
956
614
137
1068
27
1519
2479
2166
144
1049
701
2252
2006
431
1653
2238
1795
105
3011
1655
1956
1720
974
1743
2178
1522
3038
620
2592
2564
818
2974
1794
1959
2194
948
664
2834
2914
2610
1470
2348
1225
1764
986
1160
281
3045
638
255
2988
158
206
185
186
1684
164
2667
2036
165
275
38
256
163
207
84
162
184
183
217
1440
216
82
80
56
161
182
181
160
159
180
83
65
1508
218
1549
2761
64
190
189
188
291
187
314
226
179
2759
22
277
224
225
278
279
178
177
844
2227
2228
2660
2447
2219
2995
2472
1945
2473
1944
843
842
2274
926
2360
2273
1439
845
1041
930
838
837
931
1040
2369
2324
2356
2357
2367
2366
2368
2365
839
2037
929
841
2358
2272
840
2270
2271
2359
2269
916
927
928
2039
2042
2362
2364
2363
933
2267
2268
2266
2361
959
961
960
2685
2817
2818
2317
2686
2487
957
2815
2816
2040
2316
547
2814
958
548
2813
849
923
922
532
552
1479
856
850
2038
1053
1052
918
917
2932
851
2352
677
2041
676
846
934
932
2354
2355
546
925
924
1943
1940
545
544
287
1928
61
290
289
196
197
198
2783
364
199
212
213
70
214
215
2944
62
1044
2371
1454
1453
2693
869
868
867
866
1062
1482
915
1455
2692
1456
1484
1061
872
871
2236
870
914
63
538
1011
357
358
359
402
227
1745
2084
2079
2078
2370
2082
3000
2999
2086
2087
2088
2080
2085
1744
2083
2081
537
2235
536
913
2805
2384
2804
1485
1548
1546
2188
2880
2185
2186
2183
2184
2187
2503
1547
499
1037
500
2926
3069
3067
3068
2695
501
2064
2066
907
904
2063
908
876
886
2070
880
879
877
2234
1736
905
882
906
2068
881
878
903
883
884
902
901
2065
885
900
899
3090
1605
2233
1604
1603
1963
2182
887
2925
888
889
2181
2990
3080
890
3079
3078
2694
573
1028
572
569
464
1071
3077
3076
748
744
757
753
475
1939
1913
474
894
763
389
2241
457
2028
2542
2541
2027
2240
764
966
441
1360
1359
436
1362
1361
1364
1368
2531
1366
1365
2017
1007
2533
1367
2640
807
1363
435
2532
438
439
508
2504
2505
434
2641
2946
2947
392
511
1930
510
456
2278
505
469
480
2168
2167
481
765
2638
2639
2101
2102
2012
1370
1371
1369
476
1539
1540
391
3089
3037
954
618
1560
1569
1565
1562
2637
1564
1568
2636
1567
1558
1559
1542
1561
1545
1543
893
1541
466
467
2629
1580
1385
2996
2284
1388
1386
1387
2243
2242
1384
1555
2244
2245
1389
1737
2286
2285
1554
1383
779
2628
778
2626
791
795
780
2648
2627
789
2424
1382
2423
790
1650
1949
1938
2463
767
768
788
766
1948
1947
787
1381
2407
1380
785
784
783
782
1950
1951
1609
777
797
792
781
796
794
776
775
774
773
3071
793
772
786
2089
771
2426
2425
2422
2421
2929
2643
2644
769
1728
770
1730
1376
1375
803
1378
458
1377
1379
461
462
483
2642
484
2986
799
463
485
455
2057
2059
2061
604
2053
802
798
2987
603
800
640
2624
602
1934
612
2140
641
1682
609
2180
608
2058
2054
610
607
2055
2052
2056
2060
611
2625
606
1681
605
433
507
2750
1729
804
2138
1936
1935
1937
805
613
801
806
601
2645
2647
509
2646
2279
514
459
460
495
759
1445
725
1486
1487
494
723
513
512
2255
2254
2154
724
758
1444
1443
1442
1373
1374
745
756
1441
743
754
747
746
1372
755
2862
1002
440
760
1008
727
2490
449
1031
726
2491
2489
761
762
2239
964
2488
2540
2543
965
963
470
1741
465
2506
1740
1738
1537
1538
1739
362
471
421
1536
1535
1850
2942
2943
752
1875
2320
2145
3082
749
1877
2155
2856
2857
3083
750
2156
1878
2158
2144
2319
2157
3084
1882
2931
2930
3085
2321
3086
751
2318
1611
1610
1881
1879
1880
1874
1876
2756
2322
2323
2871
454
2855
1669
426
425
424
386
428
427
429
412
390
1668
411
895
570
896
1608
2169
2170
1606
892
897
891
898
1607
1032
2508
2991
3028
3027
2760
387
574
680
1996
1998
1999
1997
1995
2001
2000
741
529
742
2373
527
2071
2069
558
875
128
127
1749
1750
126
730
731
729
814
528
539
388
125
1039
739
124
1556
1256
2885
1066
1000
1257
1249
2698
1255
1253
1254
3026
732
939
995
993
1245
1248
1244
1247
1246
992
988
998
994
2697
999
1258
996
997
2840
2839
1001
989
1250
990
1252
991
1241
1240
1251
1238
1239
733
734
1243
2302
1242
736
737
1065
738
1063
122
418
155
121
2751
2752
1680
2281
2722
1673
1675
1674
2599
417
1883
416
1898
1889
1900
1895
1907
1885
1884
3081
1894
1670
1899
1671
1678
1901
1888
1893
1897
1908
2872
1887
1906
1896
1902
1909
1676
2280
2282
2283
1672
1903
1890
1886
2785
2784
1677
2874
2873
1905
2699
2439
1904
1892
2413
2412
1911
1910
2438
1891
1679
419
1977
2724
2723
1980
578
2726
1660
2725
1978
1661
1663
1972
1986
1976
1662
1982
3044
1973
1984
1974
1985
1983
2727
1979
1975
1981
1971
1987
154
153
1064
735
740
1437
123
1438
468
478
479
1436
3023
2773
3024
477
3025
551
550
129
1946
1925
674
675
555
3065
3066
531
557
874
2296
1459
2691
2297
2299
2298
873
953
952
1458
1457
1481
1450
1452
1451
864
951
865
909
910
911
130
146
912
131
2748
145
147
288
859
1054
853
2690
2353
852
857
919
858
920
921
150
535
2067
2062
534
556
533
2696
151
672
855
848
673
549
847
854
671
152
1644
1553
566
1480
2682
2383
2435
2436
836
2674
2842
2841
2382
2311
2205
2680
2206
2207
2208
2417
2212
2216
2217
2687
2420
2689
2688
2683
943
2684
944
2419
2418
2681
2381
2433
2789
2790
2792
2791
2432
1645
2434
1646
860
1045
2214
835
2211
2215
2218
861
863
2210
942
2675
2679
3075
3074
2788
2786
862
2787
2678
2213
2677
2676
2209
3073
3072
3043
3042
2577
1920
2576
2578
1127
1941
1139
1942
1128
2536
2868
2867
2866
2863
2431
1125
1140
2869
1126
1141
1923
1918
1142
1921
1121
1122
1922
1143
1144
1129
1924
2865
2864
2535
1124
1123
2021
1138
2416
1137
1133
2022
1132
1919
1131
2023
1130
108
109
2575
2574
325
1323
326
111
110
330
327
328
1964
329
112
351
1060
350
349
2131
2130
96
1294
95
1292
1290
302
1954
1952
1953
3022
97
1266
1261
1968
1262
1967
1059
1260
1263
1265
1058
347
1267
2569
1269
1273
1271
1272
1270
345
344
1056
113
114
2529
2934
1237
1236
2883
2992
2884
2445
1234
3021
1235
3041
2378
2935
2229
115
691
690
420
1642
116
117
119
2128
3014
2507
2125
2127
2129
1658
2126
118
2530
689
1276
1275
1277
1274
1057
1268
2958
1279
1278
722
2538
1233
1288
1289
1355
346
1280
1283
1281
1284
348
1259
2133
1264
1325
1286
1285
1282
1287
1965
1966
352
3013
2020
1917
2572
1324
1136
2573
1135
1134
107
728
563
305
1356
1319
1320
562
1313
1316
1310
1312
2496
1315
2994
561
2993
1322
1321
564
1318
1317
2502
1305
2776
1309
1300
47
1550
1551
2051
324
580
595
596
1298
2997
1301
1307
1308
1304
2495
1311
1302
1306
2848
1303
1314
332
581
301
300
299
1291
1293
1295
2474
2511
1297
1296
2048
2050
579
1299
3015
2938
2049
565
2032
1033
1034
1472
102
2740
2967
333
334
323
2304
2754
1475
642
1476
2905
1473
643
1474
2581
2019
2018
2580
2673
263
593
582
594
2263
583
683
3034
540
940
2287
2663
2044
2989
1489
2276
2959
1993
2415
2414
1639
2771
2772
356
260
26
259
40
261
39
257
320
169
1683
170
171
248
319
258
543
553
542
681
682
554
541
2969
240
2661
2970
3036
592
2939
2795
2940
586
585
591
584
2262
2261
3012
2794
2668
590
684
685
2721
2672
2043
262
589
2046
1969
1970
2670
2671
2904
2204
2203
2031
1077
2264
2265
1078
588
587
367
2045
2850
366
371
370
369
368
384
385
365
383
264
321
176
175
322
174
317
2379
2800
2669
2799
686
2798
2797
2796
687
235
1120
234
3035
239
318
173
172
343
342
341
340
339
245
53
238
246
2259
243
374
375
236
1641
2582
1042
298
106
219
1640
220
987
221
60
41
223
222
373
247
81
79
280
55
2534
54
242
241
237
233
376
377
68
232
2853
2852
59
51
230
231
52
2250
244
338
337
336
335
101
316
2847
2094
2095
2093
2090
2096
2092
2091
2583
2537
98
94
2662
2742
1346
1345
2033
1340
1335
1344
3062
1334
1339
1343
2035
2034
1962
1333
1338
1342
103
2
1341
1337
1332
1329
2013
2579
1328
1331
1336
1327
1357
1685
1326
1347
1350
1351
1349
1330
1348
1352
1145
2389
2016
2014
1146
1147
1148
2015
2912
2584
1690
8
2779
2778
413
1354
0
