0
1427
75
2961
1423
1957
2313
2596
1412
2917
2598
1702
1425
1413
2831
1426
2870
91
92
2177
941
2916
46
1712
1637
2512
2606
1711
2332
2604
1616
2334
1613
2410
2347
2525
2346
2515
2333
2602
1615
93
2349
50
2609
2620
2611
2260
2612
2232
1630
1083
1050
2622
2331
1697
2614
354
1636
49
2619
2337
1629
2521
1628
2335
1624
2336
1627
2444
1625
2527
2341
2732
2380
2518
2570
2340
2351
2339
2571
2526
2226
2519
2793
2729
4
2517
2350
2409
1621
2513
2327
2976
2330
2809
2338
2811
2812
1014
1035
9
1036
3
1353
1
18
415
414
10
11
1051
1013
2807
2743
16
2810
2326
2975
2443
100
2329
2514
2342
2516
2345
2523
2344
2891
2615
2288
2837
48
2328
2522
2325
2623
2616
2312
2834
3039
1618
17
1635
2231
1633
2966
2613
1552
2618
2411
2607
2836
1614
2524
2608
2621
1631
1082
1634
1701
2610
2601
2835
2588
1620
1698
1622
1699
1626
1084
2617
2520
1617
2603
2348
1710
1619
1709
2343
2605
1623
89
1632
90
1638
1700
2309
2178
2962
1483
2963
1424
1956
1409
1411
1958
2960
2597
816
77
1410
577
2941
1715
1408
74
2462
378
73
2500
2275
2308
36
37
76
2922
817
2923
1766
1764
1765
826
382
381
819
2477
2104
2105
2441
829
818
821
824
968
2442
977
833
526
969
976
985
830
1477
1104
2587
1103
2921
820
828
827
2590
3040
2592
2591
1115
1116
1714
2108
1713
1111
1113
1114
2115
2113
1117
1118
1703
2107
2589
2964
1704
1707
1705
1706
1107
2600
1106
1708
1087
2449
2111
2456
2455
2585
1109
1110
2249
1112
2106
2451
2452
2453
2454
2450
2448
812
1081
1085
1091
1095
1098
822
983
980
974
823
979
973
523
522
813
506
292
645
647
651
1003
285
284
306
379
1915
1914
1916
834
372
975
981
984
88
1099
1101
1096
1102
1092
1086
2110
810
1119
1105
422
99
57
1108
2886
1100
2594
1093
808
2103
1089
809
1088
2458
2457
811
2109
2114
2112
2586
2937
2753
2116
1080
1079
1090
1094
1097
597
982
978
972
380
525
3091
524
3092
832
3095
3094
3096
3093
2593
2920
86
87
311
294
2230
576
2879
970
971
962
2024
2595
3038
78
85
2132
2310
2315
2314
304
120
646
644
648
2713
2715
2714
2716
2408
2161
2277
3032
2153
1500
1499
1796
1022
2712
1794
1795
1017
1018
1649
1019
1797
2464
2717
3031
2544
1498
1021
1023
2160
1020
2876
1791
2482
2483
1024
2480
2479
2478
2875
2481
1793
1792
1016
1015
1790
296
72
2777
649
650
71
303
148
295
353
717
718
825
297
315
2832
2833
2763
2469
2471
1043
2910
2911
2858
2968
2470
2757
2499
2429
2498
2476
2762
2766
2430
2767
2758
2764
2765
2440
43
32
33
331
831
1786
2780
2731
1787
2983
2770
2908
2907
1025
3063
1785
1784
1783
3064
815
25
24
23
575
149
34
35
1692
2307
2461
423
293
307
1659
2258
2485
2781
2782
156
1693
1696
1695
1691
1694
1767
44
1358
967
2736
1771
2985
2984
1772
1831
1782
1768
1781
1830
1769
1770
1780
1026
1833
1832
31
30
2909
29
28
2906
1773
2711
2484
1778
2460
1155
140
141
142
157
42
2305
2306
616
2861
1038
2468
1068
713
1651
2948
1612
2860
2428
2563
2427
2859
1428
716
1067
2475
2562
2561
2467
945
2749
2220
697
3006
3011
3009
3010
3007
3008
3004
3005
3033
1763
2924
2998
2162
2163
695
714
1804
1799
1075
1800
2494
1805
2881
2744
1808
1798
1801
2774
1802
1803
3059
2955
1807
2951
2956
2957
2950
2952
2954
2953
711
712
1666
1806
2300
1665
1667
2546
1490
3060
2889
2009
2887
2003
15
2011
2006
2004
3061
2545
2007
2010
2005
2888
2008
2002
693
694
2565
710
709
2851
2566
2877
614
14
2493
1822
1825
1826
1827
1829
1824
1823
1828
20
2492
1664
1819
1811
1820
1809
946
1816
1818
1813
19
1821
1814
2730
2548
2549
2225
1815
2547
1653
1652
701
700
13
12
699
698
696
1432
1431
947
948
1430
1429
950
949
615
1030
1029
708
144
2890
2551
143
355
1046
1173
2550
1177
1175
1171
1172
1169
1174
1178
1167
1154
1221
1220
1168
1163
1150
1166
1179
1176
1170
707
1149
2882
703
702
704
705
706
1153
1156
1219
1158
1162
1159
1152
1157
1160
1161
1151
1047
530
715
1731
1732
2838
1717
1069
286
2564
1718
1070
1211
1212
2437
633
3050
3049
632
3048
3051
3053
3054
1726
3055
3052
2150
3046
1727
3056
3047
1725
634
627
628
635
1719
2915
2914
1509
955
956
1720
625
626
1510
620
1522
1520
653
1515
655
1519
1518
1575
1590
1570
1589
2633
2631
2634
3088
2632
1598
2635
1584
1593
1594
1583
1595
1578
1573
1581
1597
1591
3087
1587
1577
1582
1574
1586
1585
1596
1599
1572
1576
1579
1588
1601
1592
396
1571
1544
1600
1643
1566
1563
3020
1742
1602
2539
720
719
721
1511
2755
1513
1516
1517
1512
3017
2396
2395
2820
2821
2734
1838
1871
2819
2720
1841
2718
1860
1843
2390
2719
2391
1864
2392
1847
1859
1866
1873
1842
2393
2733
1837
1834
1867
3030
1492
5
1493
1494
497
7
1912
6
1491
498
1495
473
496
1955
1496
1497
1789
1788
2769
2768
2386
937
938
1447
1448
1449
472
936
935
2497
1848
1868
1852
1872
1870
1853
1844
1836
1854
1840
1863
2701
1851
2164
2165
2710
2702
2709
2708
2707
2703
2706
2700
1835
2705
2247
2704
2246
1858
1845
1862
2025
393
2510
1861
1839
1865
1849
2509
2026
1869
1857
1855
394
2223
2221
2222
1846
1856
395
430
1446
2394
2224
2854
2830
2829
2825
2828
2824
2827
2822
2826
2823
654
3018
3019
2649
1514
3016
652
656
623
622
624
518
519
619
621
629
630
636
1521
637
1523
2295
2174
2171
2397
2978
2971
2844
2843
2977
2176
2399
2398
2404
1721
2159
2400
1407
2403
2401
2406
2402
2405
2175
2173
1004
2893
2901
2898
2895
2892
2172
2903
2900
2899
2806
1012
1722
1724
1416
1415
1414
1757
1752
1395
1402
1394
1393
1392
1391
1390
1397
1405
1398
1406
1400
1403
1404
1401
1759
1399
1761
1751
1760
1753
1754
1762
1755
1396
1758
1756
1422
1420
1418
1417
1812
1817
1419
1810
1421
2775
2894
2896
2902
2897
1005
521
1532
1533
2658
1527
1526
2293
1524
2528
2630
1531
1534
1528
1530
2659
1529
1525
1194
1195
1189
1190
2294
1188
1192
1193
2553
1191
1222
1200
1199
1187
1196
1197
1198
1988
1201
1204
1203
2552
1202
1186
1185
1217
1216
1218
1213
1214
1215
1207
1205
1208
1209
1210
1206
2560
2559
1723
1184
1183
1223
659
2152
2151
1687
1230
1688
1734
1076
678
1689
2301
2466
2465
1231
1232
658
2248
1165
1735
1182
2558
1164
1932
1931
1933
1225
1181
1226
1228
1229
2459
1227
1224
1180
2981
1779
2554
2555
2982
2557
2556
1774
1775
1776
2980
2979
1777
139
2747
2746
2745
27
660
138
137
657
136
487
486
66
517
482
2253
132
133
520
134
631
135
67
401
516
1501
1502
45
2146
2149
2148
2147
489
488
2134
2945
1647
1961
1960
1959
1648
2737
1027
2135
1994
1992
2936
1504
1055
276
21
1006
1503
1654
1716
1989
1991
1990
312
2913
309
308
313
2029
2030
639
104
252
251
269
270
268
195
272
273
274
283
203
202
201
200
204
210
209
208
253
249
1656
2974
1657
408
2973
407
406
398
2972
503
410
493
502
492
490
1748
491
2949
405
211
1926
2257
692
2256
2100
2567
2385
2120
2124
2123
2568
2121
2099
2098
1463
559
1074
1557
2122
560
2077
2656
2657
2377
3070
2072
2074
2375
2376
2374
2076
2073
2075
2097
58
363
361
3003
228
3001
3002
1746
360
1747
403
404
1686
229
1433
451
442
450
443
2136
2141
2119
1460
2137
2739
2738
2653
2735
1073
2655
1461
1462
2139
1464
2201
2372
2195
2198
2197
2200
2654
2199
2202
1072
3057
3058
1469
1470
670
1467
664
665
666
2189
2190
1466
1468
2193
1465
2194
2192
2196
2191
667
2933
668
661
1471
1733
2650
2651
663
662
2652
2143
669
2179
2801
437
2802
2166
397
1478
2803
1049
2501
432
3029
431
568
567
2741
571
679
2928
69
2251
2927
2446
2303
1048
2142
2292
2252
2808
2849
444
445
446
688
2486
1435
399
400
2047
2664
448
447
504
452
2117
2118
1505
2289
2878
515
1434
1010
1009
409
271
599
598
250
2665
2666
2237
2918
2388
2387
2919
600
617
2291
2290
2728
453
2238
1743
1655
1488
105
1929
267
265
310
168
167
166
266
1927
2965
2846
194
2845
193
191
192
986
205
1507
1506
254
282
281
3045
638
255
2988
158
206
185
186
1684
164
2667
2036
165
275
38
256
163
207
84
162
184
183
217
1440
216
82
80
56
161
182
181
160
159
180
83
65
1508
218
1549
2761
64
190
189
188
291
187
314
226
179
2759
22
277
224
225
278
279
178
177
844
2227
2228
2660
2447
2219
2995
2472
1945
2473
1944
843
842
2274
926
2360
2273
1439
845
1041
930
838
837
931
1040
2369
2324
2356
2357
2367
2366
2368
2365
839
2037
929
841
2358
2272
840
2270
2271
2359
2269
916
927
928
2039
2042
2362
2364
2363
933
2267
2268
2266
2361
959
961
960
2685
2817
2818
2317
2686
2487
957
2815
2816
2040
2316
547
2814
958
548
2813
849
923
922
532
552
1479
856
850
2038
1053
1052
918
917
2932
851
2352
677
2041
676
846
934
932
2354
2355
546
925
924
1943
1940
545
544
287
1928
61
290
289
196
197
198
2783
364
199
212
213
70
214
215
2944
62
1044
2371
1454
1453
2693
869
868
867
866
1062
1482
915
1455
2692
1456
1484
1061
872
871
2236
870
914
63
538
1011
357
358
359
402
227
1745
2084
2079
2078
2370
2082
3000
2999
2086
2087
2088
2080
2085
1744
2083
2081
537
2235
536
913
2805
2384
2804
1485
1548
1546
2188
2880
2185
2186
2183
2184
2187
2503
1547
499
1037
500
2926
3069
3067
3068
2695
501
2064
2066
907
904
2063
908
876
886
2070
880
879
877
2234
1736
905
882
906
2068
881
878
903
883
884
902
901
2065
885
900
899
3090
1605
2233
1604
1603
1963
2182
887
2925
888
889
2181
2990
3080
890
3079
3078
2694
573
1028
572
569
464
1071
3077
3076
748
744
757
753
475
1939
1913
474
894
763
389
2241
457
2028
2542
2541
2027
2240
764
966
441
1360
1359
436
1362
1361
1364
1368
2531
1366
1365
2017
1007
2533
1367
2640
807
1363
435
2532
438
439
508
2504
2505
434
2641
2946
2947
392
511
1930
510
456
2278
505
469
480
2168
2167
481
765
2638
2639
2101
2102
2012
1370
1371
1369
476
1539
1540
391
3089
3037
954
618
1560
1569
1565
1562
2637
1564
1568
2636
1567
1558
1559
1542
1561
1545
1543
893
1541
466
467
2629
1580
1385
2996
2284
1388
1386
1387
2243
2242
1384
1555
2244
2245
1389
1737
2286
2285
1554
1383
779
2628
778
2626
791
795
780
2648
2627
789
2424
1382
2423
790
1650
1949
1938
2463
767
768
788
766
1948
1947
787
1381
2407
1380
785
784
783
782
1950
1951
1609
777
797
792
781
796
794
776
775
774
773
3071
793
772
786
2089
771
2426
2425
2422
2421
2929
2643
2644
769
1728
770
1730
1376
1375
803
1378
458
1377
1379
461
462
483
2642
484
2986
799
463
485
455
2057
2059
2061
604
2053
802
798
2987
603
800
640
2624
602
1934
612
2140
641
1682
609
2180
608
2058
2054
610
607
2055
2052
2056
2060
611
2625
606
1681
605
433
507
2750
1729
804
2138
1936
1935
1937
805
613
801
806
601
2645
2647
509
2646
2279
514
459
460
495
759
1445
725
1486
1487
494
723
513
512
2255
2254
2154
724
758
1444
1443
1442
1373
1374
745
756
1441
743
754
747
746
1372
755
2862
1002
440
760
1008
727
2490
449
1031
726
2491
2489
761
762
2239
964
2488
2540
2543
965
963
470
1741
465
2506
1740
1738
1537
1538
1739
362
471
421
1536
1535
1850
2942
2943
752
1875
2320
2145
3082
749
1877
2155
2856
2857
3083
750
2156
1878
2158
2144
2319
2157
3084
1882
2931
2930
3085
2321
3086
751
2318
1611
1610
1881
1879
1880
1874
1876
2756
2322
2323
2871
454
2855
1669
426
425
424
386
428
427
429
412
390
1668
411
895
570
896
1608
2169
2170
1606
892
897
891
898
1607
1032
2508
2991
3028
3027
2760
387
574
680
1996
1998
1999
1997
1995
2001
2000
741
529
742
2373
527
2071
2069
558
875
128
127
1749
1750
126
730
731
729
814
528
539
388
125
1039
739
124
1556
1256
2885
1066
1000
1257
1249
2698
1255
1253
1254
3026
732
939
995
993
1245
1248
1244
1247
1246
992
988
998
994
2697
999
1258
996
997
2840
2839
1001
989
1250
990
1252
991
1241
1240
1251
1238
1239
733
734
1243
2302
1242
736
737
1065
738
1063
122
418
155
121
2751
2752
1680
2281
2722
1673
1675
1674
2599
417
1883
416
1898
1889
1900
1895
1907
1885
1884
3081
1894
1670
1899
1671
1678
1901
1888
1893
1897
1908
2872
1887
1906
1896
1902
1909
1676
2280
2282
2283
1672
1903
1890
1886
2785
2784
1677
2874
2873
1905
2699
2439
1904
1892
2413
2412
1911
1910
2438
1891
1679
419
1977
2724
2723
1980
578
2726
1660
2725
1978
1661
1663
1972
1986
1976
1662
1982
3044
1973
1984
1974
1985
1983
2727
1979
1975
1981
1971
1987
154
153
1064
735
740
1437
123
1438
468
478
479
1436
3023
2773
3024
477
3025
551
550
129
1946
1925
674
675
555
3065
3066
531
557
874
2296
1459
2691
2297
2299
2298
873
953
952
1458
1457
1481
1450
1452
1451
864
951
865
909
910
911
130
146
912
131
2748
145
147
288
859
1054
853
2690
2353
852
857
919
858
920
921
150
535
2067
2062
534
556
533
2696
151
672
855
848
673
549
847
854
671
152
1644
1553
566
1480
2682
2383
2435
2436
836
2674
2842
2841
2382
2311
2205
2680
2206
2207
2208
2417
2212
2216
2217
2687
2420
2689
2688
2683
943
2684
944
2419
2418
2681
2381
2433
2789
2790
2792
2791
2432
1645
2434
1646
860
1045
2214
835
2211
2215
2218
861
863
2210
942
2675
2679
3075
3074
2788
2786
862
2787
2678
2213
2677
2676
2209
3073
3072
3043
3042
2577
1920
2576
2578
1127
1941
1139
1942
1128
2536
2868
2867
2866
2863
2431
1125
1140
2869
1126
1141
1923
1918
1142
1921
1121
1122
1922
1143
1144
1129
1924
2865
2864
2535
1124
1123
2021
1138
2416
1137
1133
2022
1132
1919
1131
2023
1130
108
109
2575
2574
325
1323
326
111
110
330
327
328
1964
329
112
351
1060
350
349
2131
2130
96
1294
95
1292
1290
302
1954
1952
1953
3022
97
1266
1261
1968
1262
1967
1059
1260
1263
1265
1058
347
1267
2569
1269
1273
1271
1272
1270
345
344
1056
113
114
2529
2934
1237
1236
2883
2992
2884
2445
1234
3021
1235
3041
2378
2935
2229
115
691
690
420
1642
116
117
119
2128
3014
2507
2125
2127
2129
1658
2126
118
2530
689
1276
1275
1277
1274
1057
1268
2958
1279
1278
722
2538
1233
1288
1289
1355
346
1280
1283
1281
1284
348
1259
2133
1264
1325
1286
1285
1282
1287
1965
1966
352
3013
2020
1917
2572
1324
1136
2573
1135
1134
107
728
563
305
1356
1319
1320
562
1313
1316
1310
1312
2496
1315
2994
561
2993
1322
1321
564
1318
1317
2502
1305
2776
1309
1300
47
1550
1551
2051
324
580
595
596
1298
2997
1301
1307
1308
1304
2495
1311
1302
1306
2848
1303
1314
332
581
301
300
299
1291
1293
1295
2474
2511
1297
1296
2048
2050
579
1299
3015
2938
2049
565
2032
1033
1034
1472
102
2740
2967
333
334
323
2304
2754
1475
642
1476
2905
1473
643
1474
2581
2019
2018
2580
2673
263
593
582
594
2263
583
683
3034
540
940
2287
2663
2044
2989
1489
2276
2959
1993
2415
2414
1639
2771
2772
356
260
26
259
40
261
39
257
320
169
1683
170
171
248
319
258
543
553
542
681
682
554
541
2969
240
2661
2970
3036
592
2939
2795
2940
586
585
591
584
2262
2261
3012
2794
2668
590
684
685
2721
2672
2043
262
589
2046
1969
1970
2670
2671
2904
2204
2203
2031
1077
2264
2265
1078
588
587
367
2045
2850
366
371
370
369
368
384
385
365
383
264
321
176
175
322
174
317
2379
2800
2669
2799
686
2798
2797
2796
687
235
1120
234
3035
239
318
173
172
343
342
341
340
339
245
53
238
246
2259
243
374
375
236
1641
2582
1042
298
106
219
1640
220
987
221
60
41
223
222
373
247
81
79
280
55
2534
54
242
241
237
233
376
377
68
232
2853
2852
59
51
230
231
52
2250
244
338
337
336
335
101
316
2847
2094
2095
2093
2090
2096
2092
2091
2583
2537
98
94
2662
2742
1346
1345
2033
1340
1335
1344
3062
1334
1339
1343
2035
2034
1962
1333
1338
1342
103
2
1341
1337
1332
1329
2013
2579
1328
1331
1336
1327
1357
1685
1326
1347
1350
1351
1349
1330
1348
1352
1145
2389
2016
2014
1146
1147
1148
2015
2912
2584
1690
8
2779
2778
413
1354
0
