0
2907
1692
1915
1784
2591
1395
597
1025
2492
1402
976
1415
1787
2892
1088
2900
811
2898
331
2895
809
2172
33
2806
2764
2903
2594
1722
980
2899
1786
1414
985
1752
2770
1757
1094
1012
1714
2961
1724
2780
1416
2103
2893
831
2901
2457
1004
75
2173
975
2175
828
44
2405
1767
2406
829
2159
1702
2399
525
1721
1091
2400
1425
2404
2104
2176
524
2398
1413
1407
1696
2401
1080
2402
2765
2403
1095
1358
2977
2313
2971
2451
2916
2174
2450
2843
2452
2978
1087
2295
1114
2171
307
2844
34
1828
2397
1957
623
1426
656
2454
652
2453
519
1708
630
73
621
99
622
983
619
1104
629
36
1521
2111
637
378
1523
1411
636
1659
518
2484
1845
2440
2706
2923
1835
304
2246
1831
2510
2596
2222
140
624
2161
394
2307
3016
422
1514
423
2649
981
3018
2258
3019
2590
654
2485
2823
2962
2824
87
2828
1103
2825
380
2829
1085
2826
2941
2822
2782
2827
2308
2830
821
2854
1693
2224
2442
2394
156
1446
2275
430
2105
1856
812
395
1694
2710
311
1840
2499
2709
644
2164
962
1849
1830
2509
3032
2707
1092
2026
2468
2223
32
1869
1695
1857
2408
1855
2458
2221
3092
142
1865
977
2247
3063
2025
285
1861
141
1846
2114
1839
157
2701
522
1853
2861
1836
648
1868
2306
1872
970
936
1038
2497
120
1447
2948
1449
2230
1788
1914
1497
2731
498
833
5
2713
1494
2983
473
88
6
1772
2768
984
7
815
1955
1833
937
1651
1834
834
1842
2911
2733
306
3030
713
1847
523
1843
2833
1864
3096
1866
42
2719
645
1871
71
2718
2305
721
1067
2755
2860
2396
717
1597
647
3087
506
720
3095
3020
2461
1602
77
1566
3093
1571
1023
1512
2758
1516
30
2734
2712
2820
1068
2720
616
1585
2010
1599
1173
1574
1428
1600
1221
1576
2300
1596
2315
1582
295
1572
3004
1592
1811
1588
3007
1577
1664
1579
2875
1149
1601
1015
702
2106
46
1106
2831
2115
2177
1113
2922
1107
2917
2600
2462
1110
92
2249
2736
1112
967
2937
76
1090
1783
2921
303
1477
293
381
2460
1916
2858
1093
43
2109
2984
2112
35
2455
25
824
2985
1117
1408
2107
2589
2964
1704
817
1707
1766
1703
1765
1118
91
2113
74
1705
23
2441
2500
1089
1691
968
24
1109
3064
1706
575
2024
149
2477
1155
2714
2909
1019
31
826
29
2464
2430
2277
2766
2153
2767
78
2498
1796
2429
2544
2469
1499
2762
1021
2763
2715
2476
2132
28
969
353
1086
1780
1105
1778
2886
2960
2448
1781
827
1782
810
577
832
1412
86
1427
1098
816
3040
2598
3091
1715
3094
1043
1099
1026
982
2711
830
1773
823
1832
819
1769
2116
2906
1108
2470
820
1770
1096
2968
1100
37
2587
1424
979
1712
1637
2512
2606
1711
2332
2604
1616
2334
1613
2410
2347
2525
2346
2515
2333
2602
1615
93
2349
50
2609
2620
2611
2260
2612
2232
1630
1083
1050
2622
2331
1697
2614
354
1636
49
2619
2337
1629
2521
1628
2335
1624
2336
1627
2444
1625
2527
2341
2732
2380
2518
2570
2340
2351
2339
2571
2526
2226
2519
2793
2729
4
2517
2350
2409
1621
2513
2327
2976
2330
2809
2338
2811
2812
1014
1035
9
1036
3
1353
1
18
415
414
10
11
1051
1013
2807
2743
16
2810
2326
2975
2443
100
2329
2514
2342
2516
2345
2523
2344
2891
2615
2288
2837
48
2328
2522
2325
2623
2616
2312
2834
3039
1618
17
1635
2231
1633
2966
2613
1552
2618
2411
2607
2836
1614
2524
2608
2621
1631
1082
1634
1701
2610
2601
2835
2588
1620
1698
1622
1699
1626
1084
2617
2520
1617
2603
2348
1710
1619
1709
2343
2605
1623
89
1632
90
1638
1700
822
1115
973
2597
1116
1958
2585
2309
2449
2870
2456
941
2108
382
1111
818
1713
2592
1956
974
2178
57
1483
1119
2910
372
1768
379
1785
1097
2908
1081
1423
2586
1771
1764
2757
1020
2428
650
2563
1498
2427
649
2859
1794
2475
1101
1431
292
716
2483
1612
2717
2781
1157
2482
2549
2480
1152
2478
1518
2954
2882
1792
2632
1825
1594
2494
3052
1003
1598
14
2150
2493
3046
1822
3051
1829
1573
1826
3050
1823
2635
85
1170
2633
2479
1159
1790
703
2777
2391
1820
2392
1500
3017
1797
1517
2471
2395
1819
2390
718
1860
3006
1841
1018
2819
2220
1838
1017
2821
945
1511
813
1643
1432
1581
2920
1587
2888
1583
2310
1563
2561
1742
144
1513
1022
2539
701
719
1791
1070
526
1591
3009
1586
1016
1448
1809
938
2716
1544
20
396
1649
704
1799
1176
2998
626
2467
1589
699
2956
3055
2566
1162
2950
705
2951
3054
709
1718
693
1047
3059
1161
1807
1717
2957
355
1801
715
2877
1179
2005
1720
3060
1219
712
1177
2162
2550
2565
1172
1805
1069
971
632
1803
1732
711
1156
2011
1153
2006
1175
2009
1150
1490
1158
2003
1167
1667
1154
3061
1220
2007
1168
1808
1163
2002
1171
2546
530
3038
620
615
2547
2160
19
2774
2437
2314
1584
1079
1595
1827
1578
2952
1726
1666
3053
576
1212
1802
1593
696
2634
714
3088
13
1519
2889
2631
948
1570
2953
1575
12
148
1815
1024
1814
296
706
3033
1731
2593
2564
3011
1151
3008
3049
3005
3048
2004
2890
1795
2548
3031
707
2876
655
1029
2955
1821
694
1652
2744
2730
1804
1653
2595
2838
614
956
1410
1725
808
627
2963
628
978
3047
2753
634
1409
1727
72
3056
1763
633
651
1211
949
955
1429
1590
710
1510
2749
653
2562
1520
284
625
15
1522
2851
286
646
1515
700
1495
708
1491
2887
1492
3010
497
1174
1912
2551
1496
1816
2914
1665
1867
2163
1873
2110
2393
972
1859
1102
1837
294
1493
1806
635
947
2915
950
1719
698
1509
1824
2386
2481
496
1798
1789
1166
2769
2879
393
1813
1858
143
2705
1046
2703
1178
2702
1169
1851
697
1863
1800
2165
2008
2708
2545
2700
2881
2704
946
1862
1793
1160
1075
1854
1818
472
2924
935
825
1848
2832
1030
1852
695
1870
315
1430
1844
297
2225
1394
1393
1392
1391
1390
1397
1405
1398
1406
1400
1403
1404
1401
1759
1399
1761
1751
1760
1753
1754
1762
1755
1396
1758
1756
1422
1420
1418
1417
1812
1817
1419
1810
1421
2775
2894
2896
2902
2897
1005
521
1532
1533
2658
1527
1526
2293
1524
2528
2630
1531
1534
1528
1530
2659
1529
1525
1194
1195
1189
1190
2294
1188
1192
1193
2553
1191
1222
1200
1199
1187
1196
1197
1198
1988
1201
1204
1203
2552
1202
1186
1185
1217
1216
1218
1213
1214
1215
1207
1205
1208
1209
1210
1206
2560
2559
1723
1184
1183
1223
659
2152
2151
1687
1230
1688
1734
1076
678
1689
2301
2466
2465
1231
1232
658
2248
1165
1735
1182
2558
1164
1932
1931
1933
1225
1181
1226
1228
1229
2459
1227
1224
1180
2981
1779
2554
2555
2982
2557
2556
1774
1775
1776
2980
2979
1777
139
2747
2746
2745
27
660
138
137
657
136
487
486
66
517
482
2253
132
133
520
134
631
135
67
401
516
1501
1502
45
2146
2149
2148
2147
489
488
2134
2945
1647
1961
1960
1959
1648
2737
1027
2135
1994
1992
2936
1504
1055
276
21
1006
1503
1654
1716
1989
1991
1990
312
2913
309
308
313
2029
2030
639
104
252
251
269
270
268
195
272
273
274
283
203
202
201
200
204
210
209
208
253
249
1656
2974
1657
408
2973
407
406
398
2972
503
410
493
502
492
490
1748
491
2949
405
211
1926
2257
692
2256
2100
2567
2385
2120
2124
2123
2568
2121
2099
2098
1463
559
1074
1557
2122
560
2077
2656
2657
2377
3070
2072
2074
2375
2376
2374
2076
2073
2075
2097
58
363
361
3003
228
3001
3002
1746
360
1747
403
404
1686
229
1433
451
442
450
443
2136
2141
2119
1460
2137
2739
2738
2653
2735
1073
2655
1461
1462
2139
1464
2201
2372
2195
2198
2197
2200
2654
2199
2202
1072
3057
3058
1469
1470
670
1467
664
665
666
2189
2190
1466
1468
2193
1465
2194
2192
2196
2191
667
2933
668
661
1471
1733
2650
2651
663
662
2652
2143
669
2179
2801
437
2802
2166
397
1478
2803
1049
2501
432
3029
431
568
567
2741
571
679
2928
69
2251
2927
2446
2303
1048
2142
2292
2252
2808
2849
444
445
446
688
2486
1435
399
400
2047
2664
448
447
504
452
2117
2118
1505
2289
2878
515
1434
1010
1009
409
271
599
598
250
2665
2666
2237
2918
2388
2387
2919
600
617
2291
2290
2728
453
2238
1743
1655
1488
105
1929
267
265
310
168
167
166
266
1927
2965
2846
194
2845
193
191
192
986
205
1507
1506
254
282
281
3045
638
255
2988
158
206
185
186
1684
164
2667
2036
165
275
38
256
163
207
84
162
184
183
217
1440
216
82
80
56
161
182
181
160
159
180
83
65
1508
218
1549
2761
64
190
189
188
291
187
314
226
179
2759
22
277
224
225
278
279
178
177
844
2227
2228
2660
2447
2219
2995
2472
1945
2473
1944
843
842
2274
926
2360
2273
1439
845
1041
930
838
837
931
1040
2369
2324
2356
2357
2367
2366
2368
2365
839
2037
929
841
2358
2272
840
2270
2271
2359
2269
916
927
928
2039
2042
2362
2364
2363
933
2267
2268
2266
2361
959
961
960
2685
2817
2818
2317
2686
2487
957
2815
2816
2040
2316
547
2814
958
548
2813
849
923
922
532
552
1479
856
850
2038
1053
1052
918
917
2932
851
2352
677
2041
676
846
934
932
2354
2355
546
925
924
1943
1940
545
544
287
1928
61
290
289
196
197
198
2783
364
199
212
213
70
214
215
2944
62
1044
2371
1454
1453
2693
869
868
867
866
1062
1482
915
1455
2692
1456
1484
1061
872
871
2236
870
914
63
538
1011
357
358
359
402
227
1745
2084
2079
2078
2370
2082
3000
2999
2086
2087
2088
2080
2085
1744
2083
2081
537
2235
536
913
2805
2384
2804
1485
1548
1546
2188
2880
2185
2186
2183
2184
2187
2503
1547
499
1037
500
2926
3069
3067
3068
2695
501
2064
2066
907
904
2063
908
876
886
2070
880
879
877
2234
1736
905
882
906
2068
881
878
903
883
884
902
901
2065
885
900
899
3090
1605
2233
1604
1603
1963
2182
887
2925
888
889
2181
2990
3080
890
3079
3078
2694
573
1028
572
569
464
1071
3077
3076
748
744
757
753
475
1939
1913
474
894
763
389
2241
457
2028
2542
2541
2027
2240
764
966
441
1360
1359
436
1362
1361
1364
1368
2531
1366
1365
2017
1007
2533
1367
2640
807
1363
435
2532
438
439
508
2504
2505
434
2641
2946
2947
392
511
1930
510
456
2278
505
469
480
2168
2167
481
765
2638
2639
2101
2102
2012
1370
1371
1369
476
1539
1540
391
3089
3037
954
618
1560
1569
1565
1562
2637
1564
1568
2636
1567
1558
1559
1542
1561
1545
1543
893
1541
466
467
2629
1580
1385
2996
2284
1388
1386
1387
2243
2242
1384
1555
2244
2245
1389
1737
2286
2285
1554
1383
779
2628
778
2626
791
795
780
2648
2627
789
2424
1382
2423
790
1650
1949
1938
2463
767
768
788
766
1948
1947
787
1381
2407
1380
785
784
783
782
1950
1951
1609
777
797
792
781
796
794
776
775
774
773
3071
793
772
786
2089
771
2426
2425
2422
2421
2929
2643
2644
769
1728
770
1730
1376
1375
803
1378
458
1377
1379
461
462
483
2642
484
2986
799
463
485
455
2057
2059
2061
604
2053
802
798
2987
603
800
640
2624
602
1934
612
2140
641
1682
609
2180
608
2058
2054
610
607
2055
2052
2056
2060
611
2625
606
1681
605
433
507
2750
1729
804
2138
1936
1935
1937
805
613
801
806
601
2645
2647
509
2646
2279
514
459
460
495
759
1445
725
1486
1487
494
723
513
512
2255
2254
2154
724
758
1444
1443
1442
1373
1374
745
756
1441
743
754
747
746
1372
755
2862
1002
440
760
1008
727
2490
449
1031
726
2491
2489
761
762
2239
964
2488
2540
2543
965
963
470
1741
465
2506
1740
1738
1537
1538
1739
362
471
421
1536
1535
1850
2942
2943
752
1875
2320
2145
3082
749
1877
2155
2856
2857
3083
750
2156
1878
2158
2144
2319
2157
3084
1882
2931
2930
3085
2321
3086
751
2318
1611
1610
1881
1879
1880
1874
1876
2756
2322
2323
2871
454
2855
1669
426
425
424
386
428
427
429
412
390
1668
411
895
570
896
1608
2169
2170
1606
892
897
891
898
1607
1032
2508
2991
3028
3027
2760
387
574
680
1996
1998
1999
1997
1995
2001
2000
741
529
742
2373
527
2071
2069
558
875
128
127
1749
1750
126
730
731
729
814
528
539
388
125
1039
739
124
1556
1256
2885
1066
1000
1257
1249
2698
1255
1253
1254
3026
732
939
995
993
1245
1248
1244
1247
1246
992
988
998
994
2697
999
1258
996
997
2840
2839
1001
989
1250
990
1252
991
1241
1240
1251
1238
1239
733
734
1243
2302
1242
736
737
1065
738
1063
122
418
155
121
2751
2752
1680
2281
2722
1673
1675
1674
2599
417
1883
416
1898
1889
1900
1895
1907
1885
1884
3081
1894
1670
1899
1671
1678
1901
1888
1893
1897
1908
2872
1887
1906
1896
1902
1909
1676
2280
2282
2283
1672
1903
1890
1886
2785
2784
1677
2874
2873
1905
2699
2439
1904
1892
2413
2412
1911
1910
2438
1891
1679
419
1977
2724
2723
1980
578
2726
1660
2725
1978
1661
1663
1972
1986
1976
1662
1982
3044
1973
1984
1974
1985
1983
2727
1979
1975
1981
1971
1987
154
153
1064
735
740
1437
123
1438
468
478
479
1436
3023
2773
3024
477
3025
551
550
129
1946
1925
674
675
555
3065
3066
531
557
874
2296
1459
2691
2297
2299
2298
873
953
952
1458
1457
1481
1450
1452
1451
864
951
865
909
910
911
130
146
912
131
2748
145
147
288
859
1054
853
2690
2353
852
857
919
858
920
921
150
535
2067
2062
534
556
533
2696
151
672
855
848
673
549
847
854
671
152
1644
1553
566
1480
2682
2383
2435
2436
836
2674
2842
2841
2382
2311
2205
2680
2206
2207
2208
2417
2212
2216
2217
2687
2420
2689
2688
2683
943
2684
944
2419
2418
2681
2381
2433
2789
2790
2792
2791
2432
1645
2434
1646
860
1045
2214
835
2211
2215
2218
861
863
2210
942
2675
2679
3075
3074
2788
2786
862
2787
2678
2213
2677
2676
2209
3073
3072
3043
3042
2577
1920
2576
2578
1127
1941
1139
1942
1128
2536
2868
2867
2866
2863
2431
1125
1140
2869
1126
1141
1923
1918
1142
1921
1121
1122
1922
1143
1144
1129
1924
2865
2864
2535
1124
1123
2021
1138
2416
1137
1133
2022
1132
1919
1131
2023
1130
108
109
2575
2574
325
1323
326
111
110
330
327
328
1964
329
112
351
1060
350
349
2131
2130
96
1294
95
1292
1290
302
1954
1952
1953
3022
97
1266
1261
1968
1262
1967
1059
1260
1263
1265
1058
347
1267
2569
1269
1273
1271
1272
1270
345
344
1056
113
114
2529
2934
1237
1236
2883
2992
2884
2445
1234
3021
1235
3041
2378
2935
2229
115
691
690
420
1642
116
117
119
2128
3014
2507
2125
2127
2129
1658
2126
118
2530
689
1276
1275
1277
1274
1057
1268
2958
1279
1278
722
2538
1233
1288
1289
1355
346
1280
1283
1281
1284
348
1259
2133
1264
1325
1286
1285
1282
1287
1965
1966
352
3013
2020
1917
2572
1324
1136
2573
1135
1134
107
728
563
305
1356
1319
1320
562
1313
1316
1310
1312
2496
1315
2994
561
2993
1322
1321
564
1318
1317
2502
1305
2776
1309
1300
47
1550
1551
2051
324
580
595
596
1298
2997
1301
1307
1308
1304
2495
1311
1302
1306
2848
1303
1314
332
581
301
300
299
1291
1293
1295
2474
2511
1297
1296
2048
2050
579
1299
3015
2938
2049
565
2032
1033
1034
1472
102
2740
2967
333
334
323
2304
2754
1475
642
1476
2905
1473
643
1474
2581
2019
2018
2580
2673
263
593
582
594
2263
583
683
3034
540
940
2287
2663
2044
2989
1489
2276
2959
1993
2415
2414
1639
2771
2772
356
260
26
259
40
261
39
257
320
169
1683
170
171
248
319
258
543
553
542
681
682
554
541
2969
240
2661
2970
3036
592
2939
2795
2940
586
585
591
584
2262
2261
3012
2794
2668
590
684
685
2721
2672
2043
262
589
2046
1969
1970
2670
2671
2904
2204
2203
2031
1077
2264
2265
1078
588
587
367
2045
2850
366
371
370
369
368
384
385
365
383
264
321
176
175
322
174
317
2379
2800
2669
2799
686
2798
2797
2796
687
235
1120
234
3035
239
318
173
172
343
342
341
340
339
245
53
238
246
2259
243
374
375
236
1641
2582
1042
298
106
219
1640
220
987
221
60
41
223
222
373
247
81
79
280
55
2534
54
242
241
237
233
376
377
68
232
2853
2852
59
51
230
231
52
2250
244
338
337
336
335
101
316
2847
2094
2095
2093
2090
2096
2092
2091
2583
2537
98
94
2662
2742
1346
1345
2033
1340
1335
1344
3062
1334
1339
1343
2035
2034
1962
1333
1338
1342
103
2
1341
1337
1332
1329
2013
2579
1328
1331
1336
1327
1357
1685
1326
1347
1350
1351
1349
1330
1348
1352
1145
2389
2016
2014
1146
1147
1148
2015
2912
2584
1690
8
2779
2778
413
1354
0
