0
1758
6112
1208
3595
3897
6330
2555
5336
2554
6913
99
3200
5248
4381
1760
3176
140
3007
3950
3156
3951
5344
100
3165
3895
5817
3890
3155
3889
5340
3892
3175
3893
3601
993
3185
3891
1693
3888
1012
3900
1146
6542
1685
6339
229
5773
3118
2334
843
6196
3107
2033
619
4504
3886
2340
620
4416
5885
6793
6241
4119
6240
6863
6267
4025
6266
4340
6268
2315
6269
5218
98
1009
3899
2185
1799
1317
988
2462
989
1294
1798
4307
3894
6755
1759
4697
6739
6931
1753
2677
2041
1312
1769
2678
1205
6061
1754
2675
3896
4342
3147
3003
1014
2716
1015
4700
1016
3005
3148
4329
6159
3850
3177
4383
739
2674
6648
2662
3984
4322
1315
4373
2363
6787
1902
4586
2405
4582
1311
4489
2266
2937
1293
4699
1287
4584
2265
2673
1290
6062
1291
3599
1713
6915
6067
488
3199
4589
740
2931
1288
6479
1457
4301
1394
483
6101
5205
2318
4356
6024
4369
4103
4297
1458
1326
1151
2323
5331
1142
1153
719
4115
3996
1395
6422
4943
2665
748
3204
2128
1684
2282
1626
178
2936
190
4822
992
2671
103
1309
2552
6458
101
4757
4306
3898
1295
2130
1607
1768
4300
2131
4581
102
1145
5339
4408
1285
4935
2670
139
4756
5814
195
1905
197
4382
196
6869
1764
1903
5219
5008
338
4510
6541
3162
4334
3187
4337
3157
4347
6459
4022
2947
284
2350
4498
4597
3989
1131
2152
4585
1303
1703
3212
718
1007
6352
3166
523
1360
522
3180
2989
487
5819
2944
5719
1592
5715
4348
5720
2523
5821
4593
5886
3584
181
3173
715
3170
6017
4290
1109
1673
6568
6470
6106
3206
942
1630
2267
2341
2273
1598
4480
4312
926
3581
3346
1581
4008
6331
3354
4580
3358
4694
4248
5154
384
6063
6603
2939
4255
3541
4472
4856
6916
4316
3359
4605
3356
2949
4254
4353
4249
1590
735
4808
3361
2347
6557
4302
4007
5996
932
5815
944
4308
6870
1704
5144
4380
4475
4314
933
6794
936
5947
935
5915
4205
4364
3937
3600
5135
2945
5132
1453
5134
2935
5127
4850
823
4608
825
4315
5129
4852
6565
5811
5137
4284
5128
2946
5131
4291
6566
3598
3360
1594
6210
5240
3350
4807
934
3604
596
4298
5145
4579
4476
4603
6788
6138
5326
1633
6790
1582
3938
4662
6789
6630
3351
4377
5862
6604
5989
1695
1767
4344
6368
340
6587
1665
822
2672
6338
4365
5998
4599
3345
4859
4447
5343
437
1578
438
2717
6633
4304
4256
2943
6096
4804
6177
742
436
3149
1923
741
441
3544
4474
2661
2986
6457
868
3192
591
4435
5143
1655
2297
5289
524
1669
1906
1653
4253
5958
4251
4318
4247
6518
3355
3540
6629
4857
1908
1652
1907
6477
940
1706
2987
4598
378
5345
2988
1632
182
5943
1557
4327
3184
1161
4048
4944
4049
4945
4274
6675
4275
4412
4384
4941
269
1301
4780
3986
6351
3213
2255
2929
6680
3851
1909
4594
3966
3993
223
1313
1889
4937
4345
4938
5816
4939
2940
4942
5334
4946
4784
6583
5734
5130
1708
2599
1689
6894
4824
2591
1648
4445
1690
2593
4328
5283
2351
5711
3585
1972
4817
5712
2342
4234
4351
6802
3547
6803
1621
6589
4311
6573
3562
6917
5290
4235
4701
5714
1603
5718
2413
5716
1662
924
4368
6463
4641
6097
6332
5329
4355
6871
1576
923
4820
6782
4806
6693
4854
4009
1658
2162
1580
1910
4825
6307
2346
1973
6214
2239
4310
2598
4360
2163
4816
6571
4021
6570
3119
6582
499
864
4588
2594
4313
5713
3588
5717
6726
2199
3207
373
4506
851
3195
5138
3163
4689
1714
4959
1362
1128
1314
6131
1675
943
3196
2141
6539
1120
3988
1333
1298
472
4768
622
3198
1339
3211
231
3168
629
3208
362
3557
6202
3568
2271
4849
6085
4346
6069
4286
4252
3571
2272
5338
2270
4295
2268
5330
6773
5217
4257
1300
4781
4940
1930
1010
2476
4766
6701
4760
4782
4947
260
4762
4050
4951
1320
1005
376
3188
4228
3179
2200
6048
6891
2930
928
4280
929
5342
927
1297
5785
4371
5787
1666
5786
6215
6091
1676
4455
4336
2595
4305
2596
1589
6087
1454
6260
6444
6066
1452
5721
1654
930
833
3352
4639
948
2153
4244
2335
398
4551
5056
6801
6786
6168
222
3167
4052
2314
271
2338
589
491
590
4361
4250
3543
469
4704
457
6697
447
4511
434
1715
626
5726
179
4590
460
1717
443
3193
445
1013
2036
1718
816
3151
6390
3194
302
2463
2317
4277
4024
4276
5908
5337
4767
486
4026
2718
2316
1734
4759
5945
4102
4331
4106
4326
6102
3592
2712
2183
4114
714
2715
5813
4758
4330
4769
2345
1011
5735
4765
4341
4417
4339
4761
717
1144
1004
4763
4278
4764
2928
4415
4320
5284
2464
6645
2461
5858
2188
5805
2933
4949
5475
4967
6498
4948
4283
1148
4288
6006
2556
6367
2719
6590
5855
5
4335
6305
4376
5903
6529
6259
5230
6256
4372
371
1688
6671
5968
6257
4375
2332
5231
6258
1605
372
4292
6254
2486
5215
6217
599
4299
1501
4436
6521
5229
2287
6619
6520
6417
6842
6530
1147
5946
5878
4370
6546
4352
4419
3594
6285
4287
1149
4374
4233
2352
2713
484
6287
4358
6288
4357
4410
4018
4098
4439
6721
4019
4099
720
4112
1132
1307
42
247
6348
1413
6105
1614
4237
1672
6086
344
439
2498
432
1901
442
4607
459
1904
6702
1980
230
4674
4236
1664
4473
479
814
478
918
1699
870
3202
183
6924
869
4509
815
4507
470
1700
468
5810
467
3190
466
3210
2047
5010
2788
6914
6135
3605
2985
1692
6391
477
2166
6531
2990
1686
1963
2187
2190
3161
4225
4770
6880
4703
2281
6193
191
6303
382
4848
194
1284
824
1709
177
4702
6890
2932
6893
4810
5133
5153
734
6049
737
3597
2240
6524
5328
1701
455
3197
4213
3172
841
1150
4245
2001
1960
482
3940
492
2165
4497
877
4587
450
4343
1962
4438
1556
3990
6250
6727
454
4379
180
2343
458
2952
6753
4745
2201
1678
2198
3991
1969
1617
1250
1702
2038
2666
2037
4595
435
3849
431
2676
430
1674
175
6792
2167
1683
433
4303
446
4273
444
2186
2043
4282
1251
3182
6478
2002
251
747
871
2948
2035
1610
6115
3589
6175
6325
1380
4414
3104
6284
1730
1158
2180
6302
1117
6301
6233
1316
1121
6712
4040
1999
3122
6362
1129
1414
768
2193
2659
1728
2408
3125
1327
1725
2326
1722
2176
1949
1323
2194
4209
1950
259
1719
3016
6428
1885
1723
5380
220
2553
165
249
339
844
1964
255
757
2518
164
1886
2142
1890
6065
254
1965
1133
6363
257
6310
263
3124
1392
1724
1896
1951
1122
4434
252
2170
1539
1726
1325
2955
1123
1721
3123
1727
4262
2954
2710
3967
226
1640
1160
2175
3570
240
1577
241
3574
6002
1657
1565
6586
6309
1164
3178
722
1919
1
6473
4960
4503
379
3189
736
3158
184
4505
6235
3159
624
3549
1324
3554
275
2951
1321
3186
1884
1396
4032
600
4802
5859
3099
5879
4692
945
3596
6585
3558
6090
4338
601
6415
4562
6355
2242
5280
2243
1682
3935
480
4563
6896
4564
4354
5724
5948
6324
2667
5820
3582
4478
1586
618
1707
6592
3580
364
3583
1382
4606
4978
1455
4221
3606
5828
4271
1340
1310
4211
3209
3994
1716
4691
3152
185
3205
592
1361
6779
3154
2253
4502
1961
3201
2254
5727
872
3160
225
3191
2178
2487
224
6416
6627
4696
3977
5335
960
4270
6670
4819
6800
1571
5373
3216
867
3174
4690
5332
866
4484
4709
3112
6772
496
6447
3985
1130
3171
4034
3153
4479
4333
3976
485
6567
4362
6569
4602
440
348
1334
498
1970
3565
6083
4604
268
6515
280
1900
5372
2669
5369
4818
6077
6216
5930
5914
270
3546
1564
5236
6163
5916
5323
4695
5322
1588
5739
1649
2247
1587
4955
1635
6466
4481
4956
3852
6900
2664
4350
497
6703
4317
5740
493
961
4281
1562
5234
6082
6602
6465
4482
1156
2168
6955
4485
4954
494
873
1572
279
4623
3936
1611
283
1575
276
3203
4031
2517
1154
1381
6076
847
6572
3116
1152
767
4968
3115
4969
397
383
3111
2333
3106
4550
3120
1155
4783
4936
6185
6369
4923
6544
167
6370
1579
3353
3987
6099
1006
845
6195
1377
4116
4686
4120
3108
4123
2172
6522
277
1650
1332
3553
1378
3550
1112
3587
1125
2184
1740
347
6211
4596
4027
1304
2044
6919
947
4698
2241
5809
946
342
3347
2660
4028
1306
1127
345
3018
2484
1328
3560
1338
1697
473
3573
625
1647
802
4577
1163
4483
4104
6249
4107
3110
937
4601
6299
2007
4045
4858
360
1656
1143
5863
840
4122
1566
5929
1118
5922
3101
6923
3117
1157
1119
6286
256
4111
1329
2264
3995
4108
623
4413
2330
6075
1003
4411
2409
4100
765
6007
242
6071
1337
4496
1126
2146
2179
166
253
5397
2174
495
1929
1604
850
1634
1766
2344
192
1292
6080
5827
6079
3006
4030
5346
5325
4325
5368
1694
5741
4437
6081
5474
1968
1286
6223
746
6366
3848
6617
3579
1898
5224
2607
3555
4977
3563
1124
1643
1322
3577
4043
3556
2711
1570
4046
1644
5920
1636
1500
1642
250
1646
5226
1711
2551
3542
365
3551
878
3561
359
3564
6922
1597
2436
1679
3017
6513
4223
1670
6414
1668
5212
1624
6784
3569
716
1659
6927
3575
361
3578
1763
1620
5782
1593
4452
3593
2164
6053
3965
1680
2289
4609
3963
5944
4471
1585
941
6418
5788
3603
5136
2522
3964
5228
5214
4685
6558
3113
2032
261
2331
1735
4552
6736
4036
5967
4490
1162
4037
2328
300
1383
6545
2329
301
245
1558
1733
6340
246
6584
1141
6516
6926
6514
1114
1601
842
1660
6018
500
3015
1595
6232
3572
1891
6543
846
721
5765
4109
1732
6547
6361
4958
1625
6771
4600
1563
3992
6467
3004
4953
4289
6078
1308
6643
1696
5375
4809
5374
848
4110
3102
4117
5766
4121
4683
4124
2324
1600
262
481
1116
1609
6711
2006
4029
5826
5371
4363
6644
3567
4957
4693
6098
4663
5804
4309
5327
4853
6468
6525
4477
1299
5722
1616
1559
6213
5324
4366
1560
1638
5725
1456
5370
5309
1561
4367
6642
1637
615
5152
614
3100
4113
1731
6588
1729
6342
4020
6345
2169
4456
6526
4451
1574
4453
1651
4450
5235
4457
1599
5723
6631
6068
4803
2597
1591
5781
2663
4446
1583
6892
6868
6070
1296
5227
1661
2592
4591
5783
5917
193
5146
281
1289
267
6151
4041
1629
353
6620
5784
1608
358
1606
4222
1613
2327
1397
3105
6341
755
1667
4212
1671
243
3602
4038
6344
4684
1393
5966
1398
4051
4035
839
2003
3997
1712
525
4378
448
3590
449
4359
1926
2938
1928
3181
451
5924
1927
5223
1541
2202
456
6517
3870
476
3847
2005
4044
2000
4047
1602
3121
5225
2177
2004
258
3164
2129
6445
5951
4272
2127
2950
5856
4488
6313
5308
227
4285
1538
1899
1887
2147
1540
4493
1115
3150
6841
346
363
2339
854
3169
801
4508
2203
1596
2204
489
6005
4323
3974
3109
5806
6785
2714
221
4101
3114
4118
5857
6172
2325
6323
3103
6343
244
1957
6312
4105
264
5942
1159
5505
855
3183
2337
4294
5981
1698
3975
4583
5894
1639
6072
6354
5893
1959
922
4851
3939
3545
1111
3559
1110
6333
5277
6776
2336
4578
4567
1622
4565
2521
2245
2524
2244
3002
2250
5009
931
2934
2291
1705
2269
5333
865
5233
597
1584
4258
6615
919
4592
2290
6111
939
1305
3357
4398
6201
4805
2288
1691
938
1663
920
3552
925
4321
921
4293
2205
490
594
5913
4963
1710
4965
3586
381
3591
2233
1628
4215
4324
863
1573
4966
1615
2525
4279
4202
3566
613
1627
6881
1618
862
3548
2232
1641
4964
1569
593
1687
2206
5341
6464
1677
595
1631
380
1619
1971
1612
959
4675
4454
1681
4566
4332
4561
4319
3973
5812
5892
4855
2246
1623
2249
5997
2248
341
4042
1389
285
4494
475
1720
1379
1784
282
4556
2459
2143
278
1388
4785
834
1113
835
756
1998
6427
4555
1335
343
1504
806
1336
6311
248
805
1888
1302
5789
2668
3958
1645
2606
2485
4039
3576
2173
6932
4558
4952
1134
1008
1165
4950
2956
1209
1757
1756
1755
1206
2602
2603
3362
3367
3368
3365
3366
3369
2604
2605
3130
3128
3129
3363
3364
1207
132
131
5292
92
239
5204
2423
2422
1748
97
130
129
128
2488
3948
2489
3946
3945
3944
3942
3943
3941
3949
3947
2490
5884
6092
127
6231
4716
4441
5986
3972
6128
5985
6033
6229
126
1741
6230
5963
4714
4710
4715
4712
5251
5962
4713
5971
6228
4711
5970
6032
6031
6028
6029
5979
5978
5980
5255
1387
1386
1192
6027
6026
6748
1385
6030
5969
237
6626
3957
5911
3956
6270
3955
3873
6093
6094
6273
6271
6272
236
6095
6261
6346
6359
6898
6025
6511
6512
6523
2709
5211
406
2305
1774
2304
2303
407
1776
1775
974
6472
6446
6242
5868
983
414
5314
5772
5313
5312
981
415
411
982
4002
1781
6021
6022
1782
410
5317
5316
976
412
2982
1783
5315
6694
6189
4003
5319
2984
5318
2983
2980
2981
3094
413
3096
3095
977
2306
2307
2302
2301
5320
1391
1390
5321
1777
1778
975
408
409
985
980
367
4681
1226
366
6925
5736
4218
4004
1866
6921
4005
4023
6905
6843
368
6674
6306
5854
121
4557
6000
1224
1225
4682
1227
6502
6504
5882
6153
6501
6503
6505
6507
6506
6509
6152
6508
2707
5883
6181
6148
6180
5988
6178
5848
6179
5844
5845
5847
5378
5379
5518
5517
4547
4546
4545
4542
5516
5515
4544
6496
6494
3876
3872
3877
5519
5839
6134
6133
1341
1342
3222
1343
3221
3223
1233
4536
5513
4540
6137
6136
3219
5311
3217
1235
5849
1234
4534
4532
4528
3220
3218
5511
4525
4521
4517
4515
4520
4514
4513
4512
5310
4516
4522
4518
4519
4526
4524
4523
4527
4530
5512
4533
4529
4531
3875
3878
4535
4538
4541
4537
4539
6610
5514
4543
6495
6492
6594
6490
6491
6493
6593
5982
1232
3874
4548
4549
5376
5891
3871
5377
1231
5846
5701
5699
5700
4687
5702
1230
6009
6166
6165
5052
2708
5053
5054
3091
1228
1229
6510
122
123
6897
3952
6899
124
5237
4227
3954
3953
5238
5239
125
5294
6226
6227
5295
6262
6263
1384
1045
1044
1530
1534
5061
1535
1532
1531
1533
6328
1030
1031
1041
1032
6357
1033
1040
1034
2978
5938
5939
5060
6714
5941
6715
5940
6861
6862
1779
1036
1035
5703
5704
6394
2979
6103
6358
3098
3097
6535
6534
1043
1196
162
1037
1038
5875
1466
304
2293
2295
2294
6745
6439
6440
6441
6442
6847
6746
6770
6904
1376
1374
1375
6681
1372
1179
1283
1282
1373
1773
6845
6846
6399
1780
6280
6669
6656
6655
6659
6658
6657
6398
6397
6396
6741
6742
1371
1366
1365
1363
1368
1364
1369
1367
6438
1370
1195
6812
6811
6813
6815
6814
6816
6818
6817
6819
170
6806
6805
6807
6809
6808
6810
6837
6839
6884
6838
6883
6944
6889
6885
6886
6887
6888
6834
6827
6830
6828
6831
6829
6833
6832
6878
6826
6825
6835
6824
6943
6942
6941
6940
6823
6840
6939
6836
6820
6821
169
6536
6538
168
6450
6639
6449
6638
6480
163
1193
1039
1568
6334
6400
4267
1194
571
572
6482
6960
6483
6696
6487
6486
6484
6489
6488
6485
6937
6938
6936
6935
6481
6822
1197
1198
1199
1200
1202
1201
1203
2587
1042
161
6682
1536
6434
6041
4572
4573
4574
5987
4575
5150
4576
5972
5974
6042
6043
4688
2124
94
95
93
1048
1053
171
1050
1052
1051
5059
2440
5977
1046
5976
6073
4680
4679
6654
6074
1047
2437
2438
2439
96
6045
1054
1055
5973
2367
5975
4440
6044
5957
238
2125
349
1049
6238
6239
350
2814
5272
6191
6474
6461
1517
6462
172
1516
6635
1514
1204
1513
1515
6010
1537
4449
4448
4976
1529
5013
1219
1215
1216
1217
5954
1218
5953
5952
6327
5955
6326
1214
5014
1220
1210
1211
1212
2042
1528
1213
6013
1221
1319
1318
6717
6716
4975
2237
2238
3813
3812
461
351
2236
6672
453
464
5141
174
173
2234
2235
2424
4491
4705
4495
6012
4708
4492
4706
4707
2426
2425
2428
2427
5710
6208
4204
6209
6207
1473
1472
1471
1470
1474
1475
1476
1477
2526
452
6540
465
6011
1518
1519
462
689
1526
6528
5950
1525
6783
5956
690
6264
1520
1521
949
950
956
957
951
952
953
954
955
1524
5901
5900
1522
4812
1523
6625
5822
3811
352
5033
5034
5035
1056
904
4203
912
463
913
691
1512
3214
4420
3215
1527
4014
4013
4016
4015
4017
4011
4012
914
916
3884
3885
915
917
3882
3881
3883
3887
5818
5247
905
355
354
2126
6365
356
357
4010
189
188
1765
5918
6167
1761
1762
200
187
199
2430
2953
138
235
137
4788
764
6199
6706
105
104
5984
106
107
2274
728
836
108
2646
727
2648
2647
726
1803
2134
145
6663
6419
4210
588
587
143
4208
4206
4207
133
688
49
1897
2275
1497
5836
1801
1800
6335
109
306
58
586
53
729
6176
4220
4219
1511
6778
6234
4001
2644
395
655
649
668
656
659
662
529
667
666
2645
6660
390
6661
144
428
6662
134
2171
135
5902
142
6221
141
136
319
2550
204
202
708
3917
852
853
329
328
216
321
336
1459
3000
2942
297
322
330
2941
296
4553
4554
295
294
1867
709
725
724
580
723
210
1958
211
857
858
860
906
217
6713
973
972
971
331
323
3001
5293
2091
2092
6329
337
6853
4776
538
6754
6197
4778
2094
537
536
535
4777
6047
6203
6204
119
1108
4732
1186
1182
1183
1184
31
5055
2750
2443
2478
2695
2752
2444
2477
2479
2751
2692
2696
2697
2446
2445
2694
5927
2703
2749
5926
2700
3902
2702
2701
2699
2705
696
2753
2447
2691
5928
2693
2698
695
3381
3906
699
3378
3380
3376
698
3377
694
3379
541
3093
540
6182
4731
30
1185
3344
2229
2230
1355
29
2231
4560
4559
2225
2226
2227
2228
2224
2991
6709
2653
2652
2223
2220
2222
5889
1353
2221
1352
1354
2651
2650
2656
2655
2654
2657
2528
2527
1358
2215
1356
2529
2213
2214
2211
2212
2210
2209
2207
3853
2704
3858
1359
2538
34
2098
3014
3010
3013
3011
3012
2539
3009
3008
2100
4751
2097
2099
4754
4752
2096
2103
6376
4753
2102
4755
3904
2101
2104
33
2216
2658
2283
2218
2208
2217
5801
2219
35
6781
3910
6959
3909
6377
520
3911
6120
3912
5925
5936
6118
6212
6958
5890
36
6117
5992
5935
5937
5123
5124
5126
112
113
813
114
23
22
21
1931
6695
4394
2284
2285
2286
2649
20
1347
1346
1943
1351
1348
1350
6378
2545
1488
2547
1345
1344
6710
1349
6379
1942
1489
1944
1490
1491
1945
1357
1492
1946
19
1567
539
299
298
332
325
1105
1104
324
115
3983
3982
116
5220
1503
1103
5221
117
118
697
6385
6198
40
41
2095
1079
1072
1071
1076
1077
1107
1078
1106
2415
2706
2416
2414
39
859
856
6052
6519
212
1086
213
82
81
6653
6651
159
91
14
320
2420
6387
6388
6386
4721
4723
6879
6389
160
1093
90
89
156
986
153
6448
78
155
151
15
2403
1094
2404
6190
1098
1099
4061
1095
1096
1097
1542
2520
2106
6291
1102
1101
1100
2519
687
13
88
6652
5058
1092
2419
158
6867
6667
6665
80
83
1090
5276
1088
1080
2435
1081
1085
38
969
970
968
1082
1083
1084
1089
1087
1068
4349
87
6666
86
4296
85
1074
1069
1073
5298
1091
1070
84
1174
6290
1175
1176
686
5909
1177
157
685
2434
2433
4183
1075
3092
32
692
3370
3371
693
671
679
672
673
674
577
680
6364
4232
675
676
678
3807
3805
3916
2615
3808
2636
2628
2633
2635
2631
2625
2626
2624
2634
2632
2629
2630
2638
2639
2642
2641
2637
2640
2643
6848
3854
683
578
3855
5708
5707
5706
5709
684
681
542
4230
560
5288
2581
559
552
551
550
549
548
554
1434
553
2084
1435
3879
557
3971
2475
4747
556
1432
4729
4728
3968
4726
4725
4727
5245
1431
1166
3969
3970
1170
1169
1430
3901
1168
3903
1167
1063
1062
1064
1061
4000
1065
1429
861
1060
3880
3905
6882
3382
3383
1173
6673
1059
2189
1057
1058
2105
669
670
2373
4229
1066
3349
5032
4184
4231
3372
1067
3374
3373
3375
6852
2614
2613
2612
543
682
677
4750
6051
1447
6527
2586
2585
2583
2582
2584
2627
1448
2618
6265
2616
2617
5934
4748
4749
2144
2621
2619
2620
2622
2623
6621
5738
5737
2540
1502
3406
3408
3418
3413
1836
6173
4164
3398
5919
3399
3391
3393
3388
3400
4154
4155
4157
3384
3390
3395
4177
4162
3447
3450
4158
4176
3448
4161
4159
4160
3522
4165
2120
1806
3403
6640
3411
2155
1809
1810
1812
1813
5471
3421
3412
3420
4172
4174
4179
1222
1818
1855
1854
1856
2537
1849
2115
1852
1853
1820
6601
1828
1829
6600
1825
1822
6599
1823
6598
1819
6107
6718
4888
6795
6129
5843
6142
6768
4878
6145
4871
6143
5256
4864
5949
6243
6244
6455
6454
6456
6849
6246
6245
6247
6248
6114
6646
6147
6647
4863
4887
4889
4885
4882
4877
4869
6946
6945
6796
6533
4168
4865
4170
4872
4876
4883
4171
2349
4881
4880
4875
5473
4867
4866
4870
4868
4874
4873
4879
4884
4886
6144
6139
6146
6141
6140
6108
6766
4862
4861
4860
5852
5853
6283
6282
2411
2412
5870
1223
2410
3857
3404
1860
1861
6149
5469
1858
1863
4198
1816
1817
3407
3414
1851
1859
1827
1864
1830
1826
2116
1862
5468
2117
1857
5470
3434
6934
3442
3427
4189
3423
3435
4175
2119
4178
2118
3433
4173
4188
4195
4200
4187
3441
1865
4182
1808
2121
1811
2122
4193
1807
3521
3526
4181
4186
4197
3856
5705
6850
5840
5541
5539
2507
5540
2508
2509
2514
6622
5444
2513
6606
5449
4138
4137
2512
5453
5457
5455
6089
5458
6632
3466
4146
4891
4149
5459
4148
6687
4892
3464
1451
5456
5454
5452
5450
5448
6475
5447
5446
5445
6906
5442
5628
5629
3530
3532
2515
6218
6797
6219
6476
6591
5451
2516
4145
6877
6912
5802
6551
6798
4153
6220
6550
4147
6169
3924
3927
3930
6759
6764
5842
6763
6762
6761
6760
909
6758
6757
6756
6765
2744
2745
1792
2746
908
2748
1244
1932
1933
3934
3929
6132
2322
2320
2321
1240
5357
3470
3478
3475
4268
3481
4269
1238
1237
2793
2791
2790
2792
1236
3476
5155
5356
1241
2720
2721
3480
3474
3479
6909
6907
3933
2722
6908
3488
6614
6613
5803
3472
3477
3473
3469
3932
4409
5384
5382
5385
2011
5383
2010
2009
3925
5381
5386
6192
3931
3926
5393
5392
3919
3539
3535
3538
3923
5391
5390
5389
5394
5387
5388
3928
6421
6420
5395
1940
6356
5396
3536
3534
3921
3920
3537
1242
1243
1937
1934
1935
1938
6109
1936
1939
2747
1239
5692
5287
3922
3471
907
6728
5279
5833
5278
885
884
3804
883
3468
3467
1245
5434
4151
4152
4150
5004
5005
1794
4407
1793
890
1246
5696
4893
5698
5697
5002
4999
5000
5001
903
2112
994
4962
4961
995
996
887
886
1000
6929
6251
6684
6683
3348
881
880
879
558
2505
3998
1001
555
545
1002
546
547
3806
544
4900
1978
6187
1977
2030
4902
6156
5897
5896
2025
6157
4134
5400
2027
2026
4135
2028
3688
3686
3689
3684
5408
5413
3677
3682
5417
5415
5412
5653
5654
4913
5655
4917
2154
4241
4239
4240
4243
4242
4238
2023
6860
6859
2024
4907
3679
3675
3676
5420
5895
3683
3696
5418
5414
3695
3680
3672
5405
5403
3693
3674
3694
5402
6155
1424
5399
4901
5401
3690
3671
3687
5406
5404
5410
4904
5419
5411
1423
6740
3691
3692
3678
3681
3673
5416
3685
5409
3664
5423
3668
3645
3650
3665
5407
4905
3670
5421
5426
3642
5427
5428
3640
3633
3654
3658
3653
3663
3637
3655
3666
3657
3669
1877
1882
3626
3648
3651
5430
3628
1879
3662
3638
1880
5429
3661
5431
6188
3646
5424
1881
5432
5433
3631
3618
1441
3635
3634
3647
3652
1878
3656
5425
3649
3639
3636
3644
2292
3660
5422
3659
3667
3643
1876
4903
5297
1883
3641
2145
5003
6206
749
1952
4501
1979
2111
1953
4568
1181
1180
1956
5210
5209
1136
2680
2679
1135
1137
1139
1138
4746
1433
1955
1171
5921
5296
1172
999
1427
998
5207
5208
4717
6298
4719
4718
1797
1796
1795
2135
71
3999
2046
1426
4720
1428
1140
997
2156
2157
530
2045
1976
73
66
69
68
67
1975
6039
3126
405
62
63
401
64
65
59
1750
1749
60
61
404
6707
74
6183
3918
403
2139
2140
1751
1752
6649
6100
4224
5865
1330
45
1331
44
3845
3846
474
4974
43
6
149
745
4033
75
152
6337
703
965
11
8
10
12
9
154
6224
837
77
76
1178
7
16
6336
2110
1277
4266
1276
2370
2258
2109
700
5904
2108
701
70
72
1275
1892
1274
1947
1948
1279
5964
6124
1281
6004
3616
1271
402
6125
6126
5965
6015
6127
1272
1273
1280
6123
1278
399
6295
531
6874
6875
6876
532
6296
1954
562
561
6297
750
963
962
2559
6641
2558
2557
5257
1425
771
6001
1401
1400
772
5800
2682
569
2683
2684
568
567
5932
563
565
5931
5933
1869
1870
775
776
1871
1873
5151
2087
566
1874
1872
564
3611
3613
6403
2561
2136
1420
6628
4918
2263
3612
2688
2686
2687
6404
4741
2575
5011
6920
4980
4979
2566
4922
6700
6497
6384
2580
2567
2568
2418
2417
2569
2570
1418
2088
898
6430
6431
902
4742
1416
900
901
6864
6699
2296
1997
899
1419
778
786
779
1417
4740
2565
4260
4261
3614
817
782
6469
783
265
266
784
5910
785
5222
780
6902
2685
6903
781
777
773
774
570
770
769
400
1402
5057
2681
1403
1408
1404
2086
2085
1411
5923
2181
4724
2182
6003
1407
1410
1409
1412
1406
1405
1415
5093
3632
3623
3625
3617
3619
3620
3624
1440
3630
3627
3622
3629
1439
3621
897
1875
5834
5835
5142
896
3610
3609
6321
4006
6322
3615
6413
6411
6412
4921
2571
2573
2572
2574
4920
4919
2560
2576
2577
2578
2579
2259
2262
2689
5046
5045
2261
2260
6554
6553
6405
6406
5832
6698
5831
5830
4743
2402
6407
6408
5752
5751
2562
4744
2401
2400
2399
2398
5750
6747
4981
2397
760
5753
4418
2564
2563
5754
5755
5646
5648
5649
4826
5647
4828
4823
3608
6409
4830
6410
5167
5160
5164
5168
5768
5180
5177
5178
5179
5184
5173
5187
5189
5183
5172
5185
5191
5186
5194
5196
5197
5198
5199
5195
5193
5192
5190
5188
2481
2482
5165
5182
5181
5163
5176
5175
5174
5159
5158
5170
5169
5171
5157
5166
5156
2480
5162
5161
5051
5232
5049
5050
2407
4815
4066
2386
1785
4073
5767
4064
4070
2483
4065
4089
4076
6737
4080
4084
4062
4069
4078
4090
4067
5866
4088
4082
4086
4092
4077
4075
4085
4083
4072
4074
4486
4068
4063
4079
4081
4087
4071
4091
1786
1787
5808
1791
1789
1788
5790
5792
5794
2197
4645
4677
5791
4648
4642
4646
5200
4671
4661
5201
4656
4610
4638
5202
6360
5793
2196
4794
4793
6688
4792
4795
4791
4789
4790
5242
5241
4796
761
4666
1790
4799
4798
1422
4797
4800
4801
4982
5829
4987
4986
4985
4984
4983
4640
4655
4676
4612
4653
4667
4649
4652
4621
4622
4635
6395
5140
4617
4636
4620
4634
4678
4629
4611
4614
2458
5300
3754
6751
3755
5299
5203
3756
5063
3752
3753
6750
6749
4657
4613
3748
3749
4998
4996
4993
4990
4991
4992
4994
4995
4997
4989
3980
6014
3981
763
4658
3750
3751
3747
2362
3979
3978
4624
4630
4618
4672
5799
6722
4668
4673
4660
4633
4670
6933
4665
4632
4627
4669
5798
5797
4659
4619
6723
4643
4628
4626
4664
4615
4637
762
3744
4988
5796
3734
3741
3746
3739
3738
3743
4651
5065
4616
4647
5243
5064
4625
4644
4654
5898
4650
3742
3745
3733
4631
3736
3735
3740
5795
3737
2589
2588
1421
2195
4847
2406
759
758
4832
2491
4843
4841
4833
4839
4836
5764
4845
4844
4834
6016
4838
2496
4846
4831
2495
2494
4842
2493
4840
4837
4835
4827
4829
5650
2492
2497
3607
4821
5645
2396
6555
2395
5874
5351
5244
5350
6556
5352
5355
5353
5354
2394
2393
5349
5347
2392
5031
6676
5025
5027
5030
5348
5029
2391
5763
5048
5762
5761
5028
5760
5026
5759
5024
2390
5758
5021
5022
6730
5757
5023
5756
2389
5019
5020
5047
6616
5674
5018
5017
5673
3727
3731
3732
3729
3730
2608
2610
3728
2611
5015
5016
2388
4813
2385
4814
2387
5139
6855
895
6856
6858
6854
6857
1249
4385
4390
894
1269
4393
4391
4386
4392
4389
4388
5748
5747
1267
5749
5746
5216
6552
5745
5742
5743
5744
2382
2380
2378
2384
1268
4387
2383
2381
2379
2377
2039
2815
2821
2826
2824
2825
2829
2835
2833
2822
2828
6059
6060
6057
5012
6058
2818
2836
6056
5907
2827
2834
2832
6055
2830
2823
2820
2817
2819
2831
2837
6035
6034
2375
6104
2816
2376
4097
2017
2374
5838
5837
2018
2019
1445
4126
2900
2901
6729
2884
6499
2879
6704
2880
2881
2876
2885
5657
2874
2915
5658
5660
2887
2888
2889
2895
2893
5662
6579
5661
5659
2896
2897
2020
1444
5088
5086
5085
5083
5081
5079
5077
5076
5075
2921
5090
2920
2922
2923
2918
3701
5082
2919
5080
5078
6402
2917
5084
5087
5073
5074
5072
5069
5071
6752
3708
3723
5091
3724
3698
3725
5066
3718
3726
4910
4916
3704
4915
4914
3714
3699
3703
3700
3697
4908
4911
4909
4912
3709
3711
3706
3705
3716
3721
3712
3720
5663
3713
3710
5067
3717
5994
5068
3707
5995
5089
5092
2012
5664
2609
2013
5435
3719
5070
3715
3702
3722
1443
2016
2014
6278
6275
6274
4934
2090
2089
6279
6277
6276
2015
2256
1442
2924
2927
2925
2926
2869
2868
2257
4133
4132
2886
2022
2867
2021
2894
2916
2890
2891
2892
2878
2875
2877
2882
2883
2899
2898
1446
6596
6595
2903
6597
5206
2865
2864
2902
4906
2872
2873
2870
2871
5656
2904
6423
6426
6425
6424
2912
2911
2910
2914
2863
4093
2851
2913
2907
2908
2909
2905
2866
4131
5672
4127
4130
4129
4128
4125
2031
5669
2029
2906
2862
4899
5109
2854
2853
5667
2857
2852
5668
6460
5105
5106
5108
4898
5103
5666
5104
5665
5107
5111
5112
5113
2856
5110
5670
2855
5671
2859
2861
2858
2860
5116
1266
4095
6500
4096
5366
5115
5114
2148
2777
2776
5681
5100
4897
3501
3507
5679
5680
3513
3520
3510
3504
3495
3499
3486
5677
5675
3502
3483
5676
5678
3485
3516
3500
4896
2778
2783
6734
5101
2782
2763
3509
3496
3492
2735
2734
2740
2739
2742
2738
2737
2743
2741
5685
5684
2729
2730
2733
891
5688
5361
2724
892
2723
6725
2726
5732
2469
2467
2468
2466
5694
6732
2471
3514
3487
2465
5273
3512
1247
5274
2473
2158
2839
5695
3494
2159
3493
2161
1255
2840
6733
6605
2848
1256
2842
4738
4733
2808
2796
2797
2799
1257
1258
3505
3518
2802
893
2809
6738
3757
3761
2807
2810
2795
2805
2804
2798
2801
3519
3503
5305
2803
3484
3783
5307
3517
3515
3787
3801
3795
3765
3762
3778
3759
3794
3788
3797
3802
5301
3785
5728
3758
1260
2149
1259
2813
5359
5358
1263
1261
5438
3767
2150
3769
3774
3779
6691
6689
6690
6692
3790
3764
3770
3799
5437
5441
3772
5439
5440
2151
1264
1262
5436
3760
3777
3763
3773
3775
3780
3771
3781
3793
3792
3791
5306
3800
3786
5729
3796
5304
3784
3803
5302
3768
5303
5730
3508
3789
3798
6664
2794
2800
6623
6624
2806
2812
2846
2847
2845
3782
2844
3810
6618
3809
2843
3776
3766
4735
2811
5246
5360
1248
2841
4739
4736
2850
2849
5291
1254
5693
2838
2470
2725
5731
5275
2472
6724
2727
2474
2728
3482
6735
3490
3497
5118
5691
5119
2758
5363
3498
3491
2759
5120
5285
2768
2770
2774
2760
2761
2755
2754
2160
5690
2773
5286
2766
2765
4734
4737
2771
5689
2772
2767
2769
5122
2762
5121
2756
2757
1265
5365
1912
5362
1916
1917
1918
3506
6612
6611
5097
5094
2780
5102
2781
5096
5095
2775
5098
6154
5099
5682
5683
6679
6678
4094
5367
6777
5364
2764
1915
1913
5686
5687
5117
2736
3489
2732
1914
2731
3511
4895
2779
1029
2784
2785
2786
4894
2787
5006
5007
2789
889
888
882
6437
6436
1436
1437
1438
6088
1449
4779
3444
1450
3446
3443
3461
3457
3445
5465
6040
3416
3419
3410
3425
3405
4201
4194
3453
4191
3452
3455
3417
3431
1805
910
3451
3449
5460
3432
2510
2511
5467
5466
3524
2506
4180
5542
5543
6910
5547
5546
6767
5548
5545
5549
5544
5841
6686
6685
5443
5550
5551
5552
5553
6911
5555
3463
4139
3465
3531
4141
4142
4143
4144
4140
6677
4136
3533
6731
6084
5554
4199
4190
5464
3426
3438
3440
3402
5461
4196
5462
6054
5463
3460
3459
3458
3454
3456
3462
3401
4192
3523
3409
1804
911
3415
4185
3527
3528
1814
4163
4156
3387
3396
5472
3386
3389
5861
3392
5860
3397
4166
6374
4167
6372
3430
3525
3437
5960
1824
3428
3529
2534
3385
1815
1847
1834
1833
1832
2532
1831
2533
2114
6928
1835
1821
2536
5888
1850
1848
2535
958
1841
6375
3436
6373
3424
6184
6371
1839
1842
1840
2531
3439
1844
2530
3429
1843
1845
1846
3394
6171
6170
5961
3422
6020
6019
1837
5398
4890
2348
6574
1838
4169
6532
6122
6951
6950
4263
4401
4400
4487
3915
6347
3914
3913
6956
6866
6949
5999
6948
6947
521
6116
3343
3342
4399
4402
4406
4404
4405
4403
6743
6769
6349
6575
5991
1187
2449
2448
5851
5899
810
811
2451
2450
2455
2456
1188
2454
2453
2452
526
5733
1189
6744
1190
5264
5263
1191
5261
5260
5259
6353
6804
6064
5149
5147
5148
4431
6668
528
527
6720
6719
6930
4432
4433
5258
1985
3023
3021
5770
5769
5771
3244
5488
5489
5490
5492
5491
3317
3312
5640
5638
3319
3309
3311
3308
5494
3316
5496
5495
5501
5497
5270
5268
5269
5265
5266
5267
5271
808
3024
5262
3825
5504
3818
5502
5498
3829
5499
5867
5503
5500
3838
3824
5493
809
3315
3320
3313
3318
3310
5487
3314
5486
3252
6130
807
3251
3240
3230
507
506
3238
1992
1995
1990
5636
3303
3288
3297
3286
3274
3294
5637
5639
3289
3280
3278
3287
5632
5635
3273
5631
3290
3081
3284
3276
3279
3282
3272
3275
1986
3281
3283
5633
3277
3285
1989
1991
1996
1993
1994
1987
1988
5630
3087
3086
3085
5626
3090
5625
3248
3241
3088
3232
3237
3250
3268
3242
3233
3229
3246
3231
6300
3243
5619
5614
3247
3235
5613
3245
5618
5616
3249
3236
3228
3234
3239
3227
5620
3266
4426
3254
5617
5615
4428
5610
4425
4423
5611
5612
5608
4429
6320
1507
4430
5607
4264
5603
6319
5601
5604
5597
5590
5591
5592
5593
5605
5602
5594
5595
5596
5598
5609
5606
5599
4422
4421
5600
4427
4424
4470
1506
3255
3260
3264
3059
3089
5864
6580
3061
3269
5623
3256
3270
3262
1505
5622
5912
3253
3265
3053
3041
3052
3069
5621
5624
6046
3064
5581
5582
3038
3027
3028
5580
3034
5576
5575
3035
5572
6791
5571
6315
5556
5561
5559
5557
5562
5565
5566
6317
5558
5563
5560
5564
6316
6318
5569
5568
5567
3258
3259
3022
5570
6200
3261
3267
3257
3020
5573
3072
3048
5574
3032
3271
3026
3263
3037
3043
3067
3030
3047
3040
5584
3039
3070
3029
3076
3031
6608
6607
5807
5776
5775
798
797
788
795
794
5249
796
787
790
5254
5041
5036
5042
5040
5039
5043
5038
5037
5252
5253
513
793
791
789
5250
792
6780
2356
2357
5824
3868
3859
3860
2368
2504
3865
2501
2300
2369
6435
3861
3863
2503
2502
5876
3867
5825
6453
3866
3869
5823
3864
2298
2299
3862
2358
2359
2360
2361
4259
5850
2355
6380
6382
6383
6381
2354
5877
6350
6194
501
502
5774
503
3062
3075
3063
3058
3046
3042
6705
3057
3044
3073
3065
3068
5588
3056
3054
3050
5585
3060
5579
5577
5578
5583
3071
3051
3074
1508
3066
3049
3045
5587
504
6609
5589
509
3055
3084
5627
3080
3079
505
3078
3083
3082
3077
5213
5586
3033
3019
3036
3025
3226
3224
3225
4459
4463
4462
6851
5905
5906
4461
4460
4458
3293
5634
3301
3306
3307
3295
3304
3305
3300
3299
3291
3298
3302
3292
3296
4468
4467
4464
4465
4466
4469
3842
3815
3817
3843
3816
3819
3827
3832
3841
3835
3837
3814
2056
5506
5507
3834
3822
2055
2054
3828
3823
3836
3821
2053
5509
5508
2057
2052
2058
2059
5510
3826
3831
3830
3833
3840
3820
3839
2050
2051
512
508
6918
5526
6576
5528
5530
6577
5527
5525
5529
5531
5532
2074
5534
2077
2075
4056
5533
6548
6281
6549
4059
4054
4055
2064
4570
6901
4569
2063
2062
4057
4053
4058
2076
6443
5538
5535
5537
5536
6799
5523
6578
2073
5524
2072
3844
5778
2071
2065
2079
5780
5779
2066
2078
2069
2070
2067
5871
6110
2068
2061
2060
2973
514
511
2972
2968
2963
2967
2974
2961
2971
2969
2962
2970
2966
2965
2964
2960
1737
510
2959
2049
6433
6432
2958
6225
24
6174
3907
25
1895
1894
515
5652
5651
2113
518
517
4775
519
4774
516
1893
26
4773
3330
3329
3333
3322
5483
3336
5481
3338
5644
5480
5479
5643
5642
6844
5641
5476
5477
5478
1743
3324
1742
3325
3327
3332
5482
3339
5485
5484
3323
3328
3337
3326
3321
3331
3334
4772
4771
1744
3335
6164
120
28
27
1745
1746
4395
1747
6119
5125
37
3908
2957
2048
111
812
4397
2442
5993
1486
2441
1487
4396
1469
2123
1481
6537
1485
6304
5869
1484
1483
1482
6162
1480
1467
1479
2546
1478
6429
1982
1983
2372
2008
198
2431
2432
2429
201
6252
6253
2543
2544
4787
4786
2542
2541
4500
1941
534
4499
2371
2093
1468
1984
1465
1462
2549
1463
1464
2548
1461
1460
533
1911
327
326
2080
2082
2081
215
214
707
838
6392
2353
6581
203
6637
6452
6393
6451
6636
335
334
333
2457
710
206
6008
6161
1771
991
205
2601
1736
318
2600
315
314
704
706
705
316
1772
317
990
207
1868
2083
208
6471
582
581
583
584
292
293
576
575
579
209
574
585
573
219
2040
2500
2499
6292
1770
291
5880
5881
2137
18
987
2590
2421
6865
4722
17
79
967
4571
966
2138
289
1494
1544
1543
288
1493
233
5873
232
2690
6289
148
1270
1498
1499
1496
2133
2460
147
6401
2107
1802
287
1495
218
234
290
1739
1738
744
5872
743
47
702
964
48
150
46
146
984
305
979
6186
978
307
308
311
312
313
310
309
110
57
52
51
50
56
55
54
711
712
6308
6205
713
4060
303
286
6222
5044
471
396
646
6237
394
645
388
639
652
650
654
658
661
664
665
387
429
4214
418
417
416
663
660
657
653
648
6314
651
393
423
422
421
424
427
392
391
419
420
635
426
425
6023
1981
640
641
642
638
636
637
389
386
644
643
6236
647
4442
4443
4444
2999
2998
6150
385
2997
2996
5062
2251
2252
631
6774
4216
2975
2976
2977
2992
2993
1925
1924
632
1510
2277
2278
2279
2280
4217
2994
2995
1509
2276
4246
4226
633
634
1545
1546
1554
1555
1550
1551
1553
1552
1547
6872
1548
6873
6953
630
6954
6952
274
3959
1967
1549
273
1966
4265
377
874
875
876
6634
6957
6160
272
375
374
1253
1252
627
628
4730
621
849
228
819
818
820
821
2
754
3
800
799
766
6036
753
827
4811
4972
4973
829
828
830
6038
826
4924
6037
3140
4925
3132
3141
3133
2313
2312
5983
3134
3136
3139
3137
3135
3138
4926
4927
4928
4929
4930
1021
1020
6121
4931
5520
6775
3131
5522
3143
3145
1018
3142
3146
1017
3144
1019
4933
5521
4932
1022
6113
1023
1024
1025
5777
752
1027
2132
751
2319
831
1026
5959
2365
2364
2366
832
5990
6650
6050
1028
6293
4
1922
1921
3341
3340
370
6255
1399
604
598
603
602
606
605
607
608
609
610
611
612
2034
4971
4970
6708
2308
2309
2311
2310
6895
804
803
2192
2191
617
5281
5282
5887
3127
616
6158
730
731
732
6559
733
6562
6561
176
6560
186
3961
369
6564
6563
1974
738
3960
3962
6294
1920
0
