0
1144
3431
1572
3138
1521
3389
4970
1496
3398
7482
4783
3388
4777
4821
2721
7304
7540
1764
6720
2879
3395
4880
3463
5439
2723
1758
6954
1159
3424
1510
3394
4469
1056
4941
6955
5280
3425
6810
3386
4842
7361
5274
3390
6648
1879
5195
2620
2881
1058
4885
1810
4929
1664
5241
3384
4958
3380
7297
3466
4961
1798
4863
1794
5317
7956
4852
1608
5293
406
5387
405
7872
1576
4846
1519
1335
3619
5283
1616
5327
3617
7238
4063
5305
8428
4964
3462
5430
3083
4851
6590
4991
1808
1336
3468
8298
3416
4696
3419
8330
6802
5377
1615
5427
6645
4859
3453
4853
3622
5375
7358
5407
7344
5415
5245
5423
1331
4926
2045
7302
7317
5346
7359
5611
3820
7714
5187
4343
4881
6791
4868
4396
5324
2941
4879
4400
5408
1770
5338
5783
5329
7207
5460
5782
5342
322
4963
7488
4927
1333
4883
7490
5353
5571
4873
1769
5302
7188
4919
2938
5292
1942
4998
7489
1212
5440
7294
4296
4878
4399
5344
5787
5361
4299
5279
4297
4894
7322
5276
7356
5410
7345
5412
7820
4965
7822
5304
8299
813
5243
5330
7951
4843
7949
5179
7950
5357
8301
7050
7350
8089
2916
5416
2998
5400
6647
5310
346
4931
7952
5363
7331
5323
7821
2170
2178
2167
5197
4342
5196
2179
7292
392
1499
2868
4828
2168
2113
2869
1832
7578
5402
2173
7314
2171
1828
7577
380
4910
7600
2114
4699
5444
653
5431
648
814
7343
5414
7348
5278
345
3213
4272
5370
1779
3859
7404
8177
2833
3214
7406
5362
7325
5351
6962
6718
6732
4858
2437
4698
845
4870
7526
4957
844
7309
2937
5316
7328
5350
4308
5371
6961
4918
1199
4903
2835
5311
7323
4876
1508
4866
7979
5299
2469
5320
8418
4886
1780
8180
5790
7300
6824
7296
330
4966
5570
6956
1505
8178
6400
5322
7127
4703
7333
5300
7336
5331
6672
4906
1341
4930
8290
4864
7981
5340
5441
5296
3010
5281
7332
5303
3279
5352
7335
5291
5442
5315
2572
4953
5448
1826
1498
5178
386
2905
783
1833
387
7240
343
5249
3848
3868
344
4989
3854
7450
352
4908
348
4900
6826
4847
2808
4891
6827
1939
349
5367
4397
4956
7798
4954
2942
4937
1766
4916
796
5372
7318
4955
7111
4909
7409
6649
317
4850
7408
4901
5791
7187
7405
4861
7977
8175
1346
7316
2830
2754
7975
2903
2832
7239
6821
5417
7329
5406
7330
5409
1180
4874
7791
4914
2123
7307
7320
4896
8183
5365
385
5403
7560
5434
7346
5309
340
6441
8062
8061
7684
5712
5713
5359
646
5333
2172
2142
4949
1344
7713
589
5358
2235
2829
5288
6579
2213
6578
2882
7185
4836
2822
4697
332
4934
6960
5380
2241
4893
314
650
1345
354
2817
4890
2818
4839
2819
1201
2820
4855
2821
1762
2815
5348
3275
4943
321
4962
7413
4877
1506
4837
7803
8486
1013
4312
3144
7306
2799
1544
1310
1763
3145
399
390
397
389
1311
447
999
5193
6898
7691
7801
6953
2229
7697
6822
7694
7929
7106
7928
3305
693
7105
697
8091
312
336
3193
568
822
7481
2174
2692
2175
2035
2242
7477
313
4285
383
3816
856
671
698
3974
2062
2435
8403
3432
3815
394
311
525
315
567
7826
4560
1343
825
2540
1442
2542
4559
1313
446
7144
2107
3948
4094
310
827
7832
4562
2236
4283
8266
7097
1000
5265
7990
902
3853
4936
408
4856
3945
5256
3047
6086
3178
4832
410
7299
7690
2753
7683
4831
2274
1509
7689
4841
7698
7131
7688
563
7687
341
7699
359
388
338
7130
339
5462
6588
1001
3975
7479
358
4286
6805
360
7805
4014
1332
7702
4091
903
3855
2915
398
1157
1014
396
6833
5379
3549
6749
1209
3280
8296
3242
4882
3542
5298
7347
2297
8329
7695
5364
8098
651
6619
1208
6887
4829
6835
652
6618
5420
7126
6621
4345
4905
7790
4865
7785
1546
7816
8419
7819
7295
7817
7789
7815
4912
5582
8179
1781
1204
8289
5437
5629
5297
7575
7449
4398
4849
1768
4946
323
7827
4902
6740
4892
4583
4952
1767
5384
7403
8176
2831
4967
5786
5319
1771
5381
1943
5369
5781
5366
6832
5376
7327
5368
357
1337
2122
4822
7183
5248
6963
1160
7407
5429
5628
5321
3092
1511
7786
4922
309
1827
8099
5360
843
4920
5192
4887
4582
5335
5627
5418
7823
4833
7818
4840
2182
5386
4395
5355
2299
7284
2176
4848
382
4701
5447
5411
4276
5609
5788
5354
5630
5301
1213
810
3011
5426
2143
4904
2803
1512
2144
4468
7431
5289
7349
809
1937
5422
351
5250
7184
6790
1314
2118
4867
2865
384
2866
7286
2110
6829
7143
1759
2115
4911
2298
6828
2867
2119
4854
2181
3215
2180
7290
1315
7285
1540
1761
973
2116
7194
7824
2877
2117
4825
2112
2177
7315
2864
7305
2125
4948
381
5425
4872
2936
3550
1210
4307
7313
1340
4968
4271
4940
6830
7301
6831
4889
347
7076
4270
7525
7353
5438
5443
5433
350
4951
7181
5306
752
5436
4268
4950
4269
6620
3545
5432
4013
1417
7051
4300
5341
333
1831
7182
4899
208
1202
591
6085
6673
5282
1504
8009
7978
4871
1507
4928
6477
4959
6478
4947
7410
2902
316
7571
7976
7570
1503
2901
2436
5246
5792
3299
2834
4888
6931
4898
6674
4921
331
2873
320
5312
6819
4702
6582
5284
1782
4884
7980
5421
8097
8160
7303
5612
5247
5343
4820
5347
4942
5336
5373
5314
6646
5404
7351
5277
7493
3387
1522
8152
3467
3430
4779
2619
4778
695
6385
5405
7352
5339
4306
7195
6834
5242
353
4932
412
4944
3192
4834
4344
7241
4341
7288
7788
1211
2121
5424
7337
5326
7339
5374
7338
5337
647
5399
1935
4999
1214
5396
4672
5395
8300
812
8302
6811
3933
655
7340
5610
7341
5308
8303
5345
5446
654
5244
8087
7003
5334
7576
4700
7355
5394
7342
5325
955
5356
7685
5389
7696
2904
7700
4869
2935
1934
670
5349
7357
5419
2816
8015
7494
660
1164
5390
8424
4389
8313
4917
2828
5385
391
5313
7354
5435
7334
5378
4301
5290
1317
4933
1316
7308
3857
1760
3856
7298
1661
4945
2671
1158
2940
7197
7480
7802
337
6899
20
7800
8439
694
3851
2214
393
7549
8086
7797
3304
8497
4567
260
6737
8496
21
7686
826
2120
3163
2639
7515
2691
1441
6640
5194
702
7514
8255
4287
6734
2058
7145
2693
7146
1440
7701
4561
413
2059
2300
3813
7799
7703
7804
335
400
6779
819
875
1443
2690
6738
6638
1444
874
1438
6639
1439
7693
1866
7521
8187
259
6739
2539
23
6836
3164
6837
1445
820
2060
7787
1865
1166
699
7147
469
7692
1062
7806
2034
4086
7198
7254
395
2065
6414
318
4823
1015
3188
658
4827
8485
1342
6719
4581
1200
656
7291
562
1376
1580
4838
5573
7287
5574
1940
5576
4844
5575
8297
1012
2876
5572
649
7001
2871
1539
7385
7255
7282
657
1205
3243
4824
5785
5307
754
815
6581
5383
5445
5401
1936
5318
4775
1938
3414
5286
3624
3427
4337
751
1801
5294
1799
5398
3399
5287
1802
1334
7541
2748
1165
4895
1610
1830
2747
4939
1797
2907
3415
1207
1809
5388
6722
4875
2724
7311
2722
4915
6721
5253
7478
1206
8427
2874
3740
4826
1663
2880
1057
4935
2621
2872
6386
7289
6644
4857
1059
4845
3423
4992
6643
5285
3474
2875
2367
4862
3471
4390
8144
4860
2810
5272
3465
4990
403
5295
3472
4988
3618
5618
1614
4819
1793
5413
909
5328
8314
1545
3420
8331
7958
5332
7959
1375
3620
659
1575
5382
6793
5428
7957
5240
3385
4835
8498
5255
1437
4830
908
4960
1518
2906
8291
8016
3623
7283
4971
4923
2752
5397
1800
1139
4784
6812
3381
1829
2720
5252
6383
4913
8426
5471
2363
7052
1795
4938
6591
1513
3393
2878
3455
5273
3454
6670
1807
811
3469
8088
3621
1181
6384
2347
3379
3551
8425
7312
8143
6671
1796
4924
1163
4907
3627
5275
767
7310
3470
7293
8405
1203
3421
4897
7492
5647
8312
5254
1104
7208
1520
2750
2366
5251
3418
1502
2379
4925
7360
8328
3417
3396
3397
3376
3475
3375
3374
766
3473
696
566
3140
3139
3094
3426
3377
3428
3429
1532
6792
1609
910
1877
1878
1535
1665
3382
4547
4549
4551
4548
1534
3925
1536
565
1531
1533
3095
3096
3142
3143
3383
3141
4550
564
4329
2064
4346
342
2571
8280
7319
1497
7495
3924
2795
6787
2327
639
4994
4993
7232
8142
8141
4003
7483
1790
972
1528
1145
3378
2809
1525
5132
5133
1526
1573
4780
1574
1806
4782
1805
1523
4239
1524
1319
1527
6908
5486
5485
4238
4237
1612
1804
1613
3625
404
1034
3626
1143
1803
4705
4234
4332
4334
4236
4336
4235
2276
4335
4333
1292
1293
174
2056
2057
7231
6371
1872
173
6475
2917
1318
7602
7603
2944
7601
411
2294
4995
6778
6777
6501
6503
6500
6502
2943
1032
2041
2040
2428
2427
925
2749
8246
2228
1873
7974
3775
3774
7136
2714
170
2713
645
776
775
3712
7135
4132
644
2362
1941
2007
7109
2364
7110
2272
2271
7420
2273
2844
2842
7421
2846
2845
2583
2841
2847
2584
7607
7606
7970
2838
7930
2356
2357
2359
2358
2839
2840
7265
7264
7369
4688
4687
2360
7931
7934
7932
7933
8265
2355
6653
7362
7972
7973
7971
2361
2265
2269
2266
7114
2267
4707
4706
7419
2268
8423
2270
2887
643
4133
7676
207
3714
6958
2712
2711
547
1426
2281
970
784
489
488
851
853
852
2432
2433
2431
2430
211
2286
927
2440
1323
2439
2441
2438
7228
1658
2442
2443
854
855
209
3302
3301
2445
2444
2124
2165
3303
2522
846
2043
4339
2807
2806
4340
944
2446
6622
943
941
942
8067
7137
491
490
2166
937
1325
2146
492
7229
7271
7270
2823
2824
493
7982
2278
968
934
935
2222
2158
2001
8421
8085
8420
3566
3567
1421
2159
1420
2162
2434
3717
2161
7248
3716
1422
6482
6484
4309
6483
2154
1418
2155
969
2813
2812
2811
2279
2280
2156
2160
6463
6464
2157
929
1427
932
933
971
1324
2282
1428
2283
2284
2285
8154
931
930
2289
2288
2290
2287
928
1029
1030
2429
168
2042
2293
2450
1322
2449
1787
1321
2451
8138
8140
1788
2452
1320
8139
641
1789
640
1430
2447
2448
2295
2296
1529
1792
4002
7423
1791
7424
4001
2755
6372
2756
8079
2454
1786
1785
2453
8080
1291
6474
8145
8247
914
169
926
924
785
1031
1028
1784
210
1783
1455
1458
1457
1429
2426
1607
3204
2425
3203
1606
2044
7053
3202
7150
6406
1456
1033
7151
7964
1871
3713
840
642
3715
1981
171
592
7418
7968
1017
8072
1016
1423
559
2183
790
788
789
2201
2206
936
5231
1424
2202
2203
2186
2209
2227
2187
7211
7212
7415
2207
1605
459
2199
2292
1425
2220
2198
2197
2291
5271
2221
5230
2200
2195
2196
2205
2194
2193
786
2215
981
8163
2802
938
2277
6224
939
2237
787
6225
858
7518
2000
1999
2191
2192
1811
1812
1419
2190
7942
3720
7941
3569
3568
2153
2152
2216
3719
3718
2163
2189
7940
2164
861
2217
2224
860
2223
2225
2219
859
2218
2226
8153
1814
1813
8279
7210
2148
2149
2039
2204
7572
7573
7574
6975
7538
940
2208
2185
2184
6380
7266
2188
6381
2027
6382
1020
1019
7278
1018
1021
1022
6378
1198
1197
2028
791
2029
1453
2263
6379
460
1161
2245
6789
6788
4809
2523
2843
7966
7965
2247
7416
7967
2246
1162
172
1451
7422
6226
7969
7363
5699
5700
2368
7364
7365
7937
7368
7366
7367
7180
1454
1452
7609
7608
6708
8185
2244
2243
8271
8273
8272
8274
8275
8417
593
6731
7272
2408
2409
2333
2334
7901
8136
2423
2332
1196
2331
2330
2405
2403
2402
2401
2400
6574
2888
2406
2407
7893
7892
7894
7891
7273
2411
2412
2419
2404
6572
6573
2415
2396
2398
2399
2421
2420
2397
2395
2031
673
2394
672
2033
2030
7276
3261
7277
7275
1778
1450
2499
2498
5464
3160
6820
3159
5463
3062
3063
6823
2418
2422
2417
2416
2414
2413
2424
6728
2410
8173
8174
6727
2032
5659
6729
6730
3368
7274
8416
3369
3370
3171
4325
1774
1775
2378
2375
2377
8276
8277
8278
8148
2376
1776
2264
1777
2258
2459
3741
8162
7948
2467
3710
3711
2150
457
2500
1948
1949
2393
2392
2391
2849
2254
6949
6948
2255
7900
2256
2455
2458
2456
2457
8415
6947
2468
2501
4310
456
8146
8147
455
8264
3742
7163
3743
3745
3747
454
6566
6565
7551
3744
3746
2253
1326
2257
2790
3300
2791
6783
3443
7569
3459
3460
3458
1366
3457
8053
3250
3456
3251
6412
5631
6411
6413
3461
2343
3233
3232
1945
3483
2757
7324
3236
2789
3298
2758
2759
8401
2854
498
497
7326
2855
500
777
496
499
501
3441
1449
1448
3488
3489
6967
7237
6965
6966
3487
7896
1446
2850
3437
1447
3439
3438
6968
6970
6969
3146
2851
2852
3440
2853
7599
7598
3442
6623
8400
7117
7162
3818
326
7161
7160
7223
7230
7217
6636
3817
325
3819
6632
6564
2259
6633
6634
4079
6635
3274
3273
6570
2260
3272
3244
3762
3768
3763
4453
4454
4455
3748
6933
458
2353
2352
7795
2349
2351
3276
3278
3277
2350
3229
2348
4456
4392
4393
4417
2782
2783
837
2145
2836
5185
2837
5186
4394
7796
6476
7794
6932
1946
1947
3158
3157
7550
2262
2342
3170
2249
2248
2250
324
2151
2252
2251
7605
3614
3770
3764
3615
3736
3769
2261
3734
3735
3772
3767
3766
7224
3765
3771
3245
6571
327
5235
5234
2462
2463
2464
2465
328
3156
7220
7219
7221
2460
7222
7218
2461
5237
5238
5236
7225
5239
7226
5233
5232
3246
4229
780
2999
4230
3000
3001
6607
778
7935
329
779
1944
1659
1660
3231
3297
8073
1327
3216
3218
6901
6902
3217
6900
7491
3230
3241
3413
3237
3238
5784
1329
1328
1330
2788
3239
3240
3452
4277
4303
7519
7520
4295
1500
4298
4304
4302
1339
7417
7925
4589
5461
1140
7086
2952
753
1141
5188
1501
1765
3281
7411
7070
3282
6733
4032
1142
7092
3543
7412
3544
3546
3547
3548
4781
661
808
2950
2949
2951
2947
2946
2948
7041
7042
7084
1585
5819
5817
6964
4776
6925
5953
7085
2341
2638
662
5826
5824
7063
5701
1668
6818
6716
2521
4294
4292
4293
5670
7115
7926
7927
319
7808
7807
590
7809
7108
5671
2212
2211
738
7081
3172
2891
5822
5821
5820
578
542
5812
7069
7068
7039
5813
2231
2232
522
5816
5815
7035
5814
3177
781
953
6375
954
2354
8137
3373
688
6614
6615
689
1584
1583
3540
690
691
692
7253
2346
6612
6913
6912
7679
6613
7586
2344
2345
6617
3539
6616
3538
6745
6744
3537
3541
520
524
523
2230
2870
521
3176
7096
663
7036
7037
7038
5702
5818
6973
6974
5823
5827
7087
5825
7034
1541
2210
6715
8525
782
5673
5672
7107
7811
7810
495
167
356
355
857
7321
7825
7813
7812
7814
2169
3947
2862
577
2863
7124
7125
4786
2126
1312
5605
974
3093
1611
271
270
306
308
1054
1055
1060
307
6915
6914
3861
272
7704
1898
3433
904
3860
253
3434
252
251
250
3862
6589
28
7705
2127
8254
1024
866
7091
1718
867
2134
3155
2133
2769
7179
3935
3937
2128
25
2129
2130
1106
6359
2996
6362
24
6360
6361
3127
1643
3169
7252
7741
7740
2670
104
103
8048
7715
7779
7743
1026
2233
6603
3149
3257
3258
2780
2642
3284
2778
2779
3150
2781
6509
798
801
2055
2054
2111
2053
3296
3256
3283
1068
2234
802
2768
1689
4330
3253
3254
3938
3930
797
71
760
772
181
180
179
4000
26
6390
3285
3709
5696
5697
4649
4651
4648
4650
67
215
214
6356
213
3098
7736
7129
55
48
59
202
147
65
56
510
511
515
514
4552
31
7840
7834
7835
7833
513
516
512
517
7876
7877
57
7838
7839
7841
7706
839
7837
838
7738
7737
763
6611
6610
7588
6577
6576
761
762
3060
212
2514
3061
3059
3255
3946
3252
1255
1268
2508
2511
2512
2897
2513
2474
2509
2777
2510
804
2505
2507
6583
2506
6552
803
6575
7204
6585
6584
865
2471
2470
3260
2504
2503
3191
5606
6608
7206
2484
2483
1027
2485
2481
2482
2486
1100
1101
1067
1025
3005
3934
1687
3978
1686
6389
3151
7246
3152
7245
3977
3006
1102
1269
2472
7113
7112
3936
2767
6387
1688
3085
7739
7742
6388
7780
7781
7744
7843
7758
2238
2240
2239
3087
420
3086
7196
3088
3153
6695
3154
70
6696
7077
5210
3089
2945
68
799
800
155
2653
996
3616
1066
1065
4223
421
872
1064
3043
3042
7047
7724
8249
8438
8435
2052
2131
6467
6466
868
6468
6469
6460
829
6461
6364
870
6884
1708
1973
2051
10
9
2132
8436
8437
8250
2896
6957
3168
2814
1105
3628
3981
4789
4790
4788
7040
3979
3391
4715
3982
2995
3980
3845
4714
4717
4716
6681
6682
2997
8452
8451
2994
7725
7048
805
8248
7723
2801
2662
7243
7244
6462
2061
8
869
12
178
1
5190
5191
2665
2663
2664
422
7867
997
541
3927
6683
770
771
2558
6366
830
229
793
792
758
756
6405
6054
6602
759
540
423
2557
6743
6363
7722
7720
3814
3331
828
2800
7242
7010
1707
7681
6751
1706
11
7382
2544
2545
2036
4162
6883
6470
6471
6472
6473
5001
2683
3849
2108
905
891
2668
2587
3846
3844
2602
2601
2589
2588
4161
7083
7082
15
6394
5176
5175
2590
16
7099
5010
7098
17
2109
2689
7019
2687
6010
6011
6416
6415
6417
4178
5844
5843
6392
6391
6012
8077
8076
2708
1711
8356
6024
1709
1710
8359
8360
7733
7828
6395
7829
7732
7731
2585
7729
6351
6350
6352
6347
3052
6348
6349
427
3050
3051
6340
6346
6345
6344
6342
6343
6341
7730
6339
6335
6334
7009
1713
6338
6337
6336
1715
8357
6025
8358
6026
3639
3637
1712
7384
6130
428
1716
5160
6333
6332
2956
5161
907
4114
7128
7830
7728
4117
4116
6393
4113
881
6013
6015
6014
882
4110
5646
4109
5177
4160
2586
3436
3435
14
13
6609
7537
2669
890
889
906
6027
7734
7735
880
2959
2958
2965
2966
2957
2964
424
2963
8454
8453
2962
425
426
494
7727
7831
5845
4134
4568
6540
6541
8455
5854
4118
4111
4115
4112
912
8456
8461
8457
8458
8460
8459
7018
7871
7726
2960
2961
4119
5952
2667
5951
2666
913
686
687
3926
3847
911
3332
6750
892
7721
7719
7717
7716
7718
6036
7100
539
3563
7017
794
230
1657
231
757
998
6053
6037
232
156
841
417
842
2524
2525
157
414
8502
8501
8499
8500
416
675
677
6650
7165
7164
198
676
5268
8506
8505
1183
6918
3564
3565
5705
1175
5704
8470
8471
8472
8473
5270
5269
1182
1927
8481
8480
8478
8479
8476
8477
8474
8475
5714
5715
3175
129
130
5707
5706
8285
8284
127
126
2632
2631
978
3308
3307
8340
3306
7864
4175
7847
7849
7850
7852
7854
7856
7846
3227
7845
3226
7858
7861
7863
194
2660
195
915
3287
1557
1558
4158
1556
3291
1384
1381
1382
3292
1383
3289
3290
2009
433
6839
6838
4368
6842
6841
4379
1379
2010
1377
2603
3288
3309
3310
1378
3286
4173
196
197
916
2517
1263
1264
2002
4174
1560
4172
1559
6080
6081
7866
4144
4146
4147
4150
4145
4149
4148
4155
4152
4151
1385
1386
3222
4159
7844
3228
7862
7860
7859
7857
7855
7853
7851
7848
3221
4171
8514
8513
8515
8519
8516
8517
8520
3224
3225
8518
2147
2705
4176
2005
5547
6103
183
3223
979
8252
2699
7267
2700
177
6605
6604
588
7870
1253
3584
3581
3582
3580
3583
622
2066
2067
6041
162
3037
3038
6042
8383
6043
8382
3008
6758
3007
1567
1569
7936
1568
6044
2657
1566
2656
2655
6050
1250
273
1248
3036
3035
1290
102
2953
117
1571
6944
2658
118
191
3128
3004
3003
3562
94
682
681
2760
3002
1069
2766
76
95
2761
96
3773
5046
6652
5048
2764
2765
5468
8376
8375
8373
8374
5047
5050
114
115
5189
2329
116
4347
4361
4362
4363
8379
8378
8188
8189
626
2328
5581
5579
7043
7044
8530
8529
8528
8377
5578
6980
5577
6981
795
4064
4076
4066
4073
4072
8524
4070
4069
4075
4074
4067
586
6069
6066
6076
6071
8523
4065
7991
1071
6063
1073
8522
6073
6077
1072
478
680
4068
4077
482
3803
3794
3912
3804
7873
1416
286
479
6062
6068
6065
6072
3872
6755
6074
6064
6067
1070
6075
77
585
6070
290
6377
3173
6759
6753
6756
6754
287
288
3823
289
579
1074
6757
6752
1412
3831
1413
5591
5592
3839
1075
584
3838
3812
7058
3811
3808
3806
3807
1415
1414
7869
582
2986
4222
5588
6801
5589
6800
6910
6909
6911
4221
4288
5587
2650
5586
3739
4289
2645
1741
1740
165
2654
1261
1249
1570
1262
4231
163
164
526
6550
6549
6551
620
8389
8388
2976
2975
621
3644
3645
3648
3646
166
6580
78
3603
732
7202
7199
7203
3647
737
3649
4106
4107
3650
4108
735
3952
736
4100
7201
733
7200
8186
734
3049
3048
3604
2649
4101
8060
4098
3721
2648
2647
2646
4105
8381
8380
3723
2985
4102
3809
3810
4097
4095
4103
4104
2984
580
581
3722
79
731
1737
8392
3606
8391
3658
730
5621
3199
3198
3219
3220
5619
5620
7095
7094
3200
1409
4802
4803
3201
5852
3631
3632
3724
4410
4415
4411
4404
3725
3738
1403
6410
6408
3737
1402
4383
4408
3726
4403
5694
7587
4407
1401
5693
4406
4414
1400
628
4768
1399
6990
630
4769
631
1396
629
1397
6991
6242
6243
6241
1354
3099
6986
6985
1398
4315
8245
1355
7960
6992
3477
3476
6987
6988
6989
1727
4317
3590
7072
3312
4569
4689
7071
1728
3785
4676
4679
4318
627
8034
1244
3313
3314
4314
4313
3311
6976
6977
4677
6978
6238
4678
6239
6240
6726
1242
4675
1358
1730
4387
4385
6825
4412
4405
4402
1243
6979
4409
4388
4381
4709
4382
4708
4316
4384
1729
4380
1357
6995
4386
1356
4416
6244
5695
1551
4413
4401
6409
5692
3633
4179
3122
8133
1925
82
83
8132
8131
1085
4177
1395
1084
4200
4187
4207
4203
4202
4209
4189
635
5604
5602
8393
5599
5600
5603
5601
2858
84
2859
2857
2856
4210
807
7536
2954
2955
86
85
3058
3057
818
3166
7986
3124
3123
711
509
206
204
8404
1596
712
3012
203
150
205
4261
6258
4257
6259
4246
4263
6260
8002
1347
4267
8003
4243
4254
2013
4256
4265
4249
4253
7961
4248
4241
4264
2927
2926
4240
2919
6499
6495
7875
6487
5165
6496
6492
6497
4331
4233
7625
4259
4262
4251
4255
4252
4244
2892
4245
4260
2894
2895
2893
1349
7626
5170
5169
8027
8026
8025
3053
8023
8024
8020
6706
8022
8018
6668
8021
8019
4232
3570
2324
1168
3612
3613
637
7057
7878
7922
7879
6885
7923
6330
6665
6569
6515
6521
6522
6520
6684
6519
3699
3705
3698
3700
3703
8074
6525
8075
6523
6524
6687
6686
6685
151
3422
3701
1169
3704
3702
3706
6516
6517
1089
6518
7104
5455
5454
5452
7103
5453
5449
6669
6399
6664
6331
3573
3577
3571
6329
7924
7895
3578
3575
3574
3576
3579
3572
7921
7920
3607
5450
5451
1348
275
3852
8283
276
5567
1228
4593
1227
4054
4052
6707
7377
7378
5489
4594
1226
4278
4595
4596
4592
8107
5565
2311
8106
8169
5564
5563
5559
5561
5562
5560
5558
6553
5556
5557
5554
5555
5552
5551
5553
2310
5550
2309
2308
2307
2312
4282
4279
2306
2305
4281
5566
1229
277
1864
2518
2519
755
1593
1595
5525
1912
5528
5530
5531
1911
8127
8128
8126
8124
8125
1463
4034
8123
8121
8122
8120
8115
8114
8116
7498
8119
8118
1008
545
8129
8130
5533
7080
8184
4543
1590
3998
7381
5490
7388
7387
7380
7379
8168
8117
4033
1231
1230
278
5529
2988
2275
1462
4035
5532
4036
5527
5526
5524
5523
1594
5522
5521
1592
546
5568
5569
3121
3120
2388
836
2929
1991
1874
2015
2014
638
1990
2980
817
466
465
8151
7581
7013
7582
4247
4266
4250
4242
2934
4258
2932
2931
2930
2933
464
3119
4280
1992
1876
1875
684
1994
1993
4810
8251
8081
8082
1225
619
1591
7012
3695
5545
5546
3694
8083
1459
4053
4056
4049
884
7025
4060
4050
4806
4055
4058
5534
4061
4059
1995
1996
4805
1997
4048
2104
5163
2103
4051
4808
4057
4807
1881
1882
5536
5535
685
4224
8230
8231
5544
5542
5507
5513
4227
5508
5511
5516
5510
5515
6742
5517
5518
5512
1913
5504
1880
5506
885
7583
6780
7064
6781
7066
2141
280
8040
2580
2581
2582
2979
2487
2565
2564
2569
2102
279
2016
1461
1460
5491
7171
2101
3402
3403
7386
2978
2488
2492
2491
2489
2520
2570
2497
2490
1860
4647
2502
7880
6539
1694
1693
7881
1692
184
1703
1702
947
1704
1699
1698
4220
1700
1294
1705
1883
1887
7152
7153
7159
1891
1890
1889
1886
1894
7158
7157
7156
1893
1885
1888
1884
1892
7154
7155
7633
7634
1091
1862
1904
1092
2637
2636
7632
7205
1096
2070
2071
2072
2075
2073
2074
2078
1906
2077
1905
2079
2082
1907
2080
2081
1908
2089
2087
1910
2091
2090
2092
2088
2086
2085
2083
2084
1909
2097
4798
2069
3999
6401
1098
7631
2100
3822
1097
2096
2095
2098
2093
8402
2094
1099
2068
1095
6741
2099
1998
1094
2076
2696
1977
2695
1976
1093
1978
1090
1895
1695
600
1697
1696
1861
599
595
598
1701
596
1863
597
594
1970
1968
1969
1960
1954
1950
1857
1951
1952
8172
1953
7190
7630
1955
1956
1963
1961
1957
1959
1958
1962
1966
1965
1964
1967
1691
601
5871
5869
5874
5872
5873
5875
5181
8014
5689
5690
4770
4997
5870
5180
8295
8292
8294
8293
6035
6033
6034
8532
1847
8531
1846
1845
5876
531
1856
8253
1855
1854
1853
1852
1851
1850
1849
1848
3733
530
1843
6305
6309
6304
6307
6306
6308
6310
7682
4357
1844
6311
6312
6313
6323
6319
6321
6318
6314
6316
6320
6317
6322
6325
3486
6315
529
7067
6300
6324
1600
8288
6327
6328
6326
3918
8355
8093
8342
6302
6301
1601
1602
8341
6303
1603
4352
4353
1624
4355
6292
8308
8309
8310
8311
4351
4350
7636
4356
6293
7637
5583
6298
1604
4348
1623
1599
6440
6291
6290
7486
6299
7487
8307
8304
8305
8306
4349
4354
6297
6296
5221
5220
2594
2595
7635
6294
6295
7256
5222
2725
2726
1152
6459
6458
6261
6267
6268
6270
6269
6277
6279
7652
6275
6274
6272
6281
6283
7653
6284
6273
6280
7654
7650
7648
7646
7643
8032
6285
6286
7645
7641
8044
7638
7639
3249
7640
7642
3643
3642
7644
7647
7649
7651
6282
6276
6278
6271
6266
6265
6262
6264
6263
5674
6289
8325
8326
8327
6288
6454
6455
6453
6457
6456
6452
6450
6451
6287
6449
3916
7655
7024
6445
6444
6446
6448
6447
5950
5949
5948
3248
1620
1296
5947
3677
1297
1298
1295
4138
3678
1619
1756
1755
721
1748
1754
1753
717
5711
3069
6432
3407
5662
5663
5664
3410
3070
1749
5968
3406
8078
6419
3409
3869
3408
1126
718
3871
6424
719
3870
3411
1125
5978
5976
5979
3729
5983
6433
4787
4652
5986
5987
7279
5985
4585
1121
720
3074
6008
6007
4482
4475
1189
4499
4500
5660
5661
8045
743
744
4734
4738
3081
4724
5470
5469
4735
4722
4591
4742
4517
4511
6659
4514
4519
745
4737
6660
6663
6661
4721
4748
4744
747
1185
8046
8047
1186
748
4763
5228
4764
4767
1187
4753
1188
3162
3161
4757
8095
8096
4758
4751
4756
4765
4761
4755
4750
1112
4760
6631
3670
6562
8422
7661
7662
7078
6554
6558
6555
6556
7281
6559
6557
8324
2992
6563
6561
1474
1116
1476
1475
7672
8323
8322
5008
6560
1115
5005
5007
5006
1114
7673
1113
7668
7669
7671
7664
7670
7663
7667
7665
7666
8321
8320
7674
7675
2991
2993
8094
7079
3668
7658
7659
7657
7656
3667
4449
4448
3673
4430
4436
4435
4444
4428
4440
3672
4423
7660
4322
3666
4762
4759
4766
4752
3669
4754
4438
4437
4424
6442
8282
4439
6443
4433
4420
4419
4445
4434
3611
4432
4441
4447
4421
4418
3609
3450
3451
4426
3866
3865
3864
8533
4429
8534
3610
3641
4442
3863
3447
3446
4443
4422
6952
3448
3445
3449
4425
4431
4446
4427
3444
3082
3665
1111
4749
749
1184
750
4745
4518
4516
4509
6662
4718
4733
4743
746
4720
4521
4512
4510
1110
4450
1170
4452
4451
1109
4728
4740
4727
4739
5227
5223
5226
5224
5225
5614
5615
1108
5613
4725
1107
3080
4726
4747
3914
3915
6658
6921
7213
871
5668
5669
4564
6006
6004
6003
4478
4476
4471
6546
6545
1171
6005
6002
5057
4480
5667
7004
4732
713
4513
4470
5053
5056
5994
8521
4520
1675
1674
5989
5990
4481
1669
1842
1671
1673
5392
1118
5393
4515
4524
7280
5992
5991
4523
5993
6435
5995
6434
5996
5997
4566
5054
6001
4502
6000
5052
4479
5055
4506
5998
4565
4504
4503
1132
1672
4477
4473
1131
1130
1133
5999
4522
3079
3078
714
4563
1117
4474
4472
4590
715
8042
8043
3401
3400
4508
4507
3075
3076
3077
1191
5984
5982
5981
3732
3731
1300
5391
5964
1841
5963
7590
7591
5972
5966
3730
5974
7589
1301
4587
4588
5980
1338
1122
1123
1190
1120
5988
1670
1119
5665
5666
3412
6431
1840
5965
5970
6430
6429
6428
5971
5969
5967
4586
6425
6422
6959
5955
1172
5954
6418
5958
6426
5962
5961
1839
7592
5959
7593
6420
6421
5960
5957
3073
5956
1838
3405
3404
3867
1124
6423
6427
4505
5977
5975
5973
1299
1750
1752
1751
3071
3072
716
1128
1622
1129
1127
281
1621
1194
1193
1192
5891
5679
5890
5889
8213
950
8211
4815
5678
7209
4814
5206
951
949
8315
8316
4813
4811
8317
8212
4812
5676
5677
5479
5480
948
1980
7149
7148
8219
8218
8217
8215
8214
8216
1979
886
887
1273
3131
1267
3129
3130
3132
1987
1302
4579
3133
5035
1303
5032
5036
5031
7436
5018
5019
8063
5021
8066
4575
1304
5022
8064
485
5015
5012
5016
7434
486
8065
5020
5029
5030
5028
5033
4695
5034
6692
5024
4694
5027
5026
5025
4580
7435
722
7531
7535
7534
6513
6040
6039
5154
4984
4982
7533
4977
723
728
724
4986
727
4704
4983
4985
6512
4976
726
5155
5156
4978
4979
6511
4980
4981
7530
7529
7528
725
4987
6510
7532
6514
6038
4974
4975
487
5014
5013
4576
1049
550
92
967
4578
7022
91
966
965
7023
964
963
90
481
7049
6032
6031
7227
4973
962
961
548
7527
5202
5201
5011
7045
7046
7215
7214
4972
5584
3259
5198
3919
8399
8397
8396
8398
1478
1274
1477
3091
89
7216
418
88
364
6544
363
6533
6437
6537
6535
6536
6534
6532
6531
6530
6529
1177
305
1146
7836
7842
6528
361
8414
6436
2046
1176
362
7268
6543
7269
6542
1178
1179
8257
8256
952
87
6651
1625
2738
6799
7712
8008
7984
7983
7943
8261
8258
8259
101
5828
7443
7448
5829
6786
6785
7442
8260
8262
39
61
216
3045
146
3044
7524
7523
7522
613
63
3928
611
612
1858
1859
44
153
219
72
2063
377
739
62
1040
49
740
201
220
154
145
806
773
218
614
42
610
3929
285
984
73
27
1717
6654
75
74
2924
2925
769
378
864
768
7761
7759
7757
7756
7762
7755
7763
7754
7776
7753
7764
7765
7752
7751
7766
7767
7768
7750
7769
7749
7748
40
45
51
60
46
1617
69
560
8450
8449
5009
379
863
831
228
227
415
674
2652
3553
3491
2651
374
373
132
133
435
134
135
832
1720
2804
664
375
437
436
376
561
3490
2987
158
3174
131
683
923
371
3664
370
372
434
3552
1719
1721
1167
2338
407
3263
1722
8281
8287
557
7962
6009
7963
3040
7775
8484
2825
7777
8482
8483
7746
7773
64
3039
1271
54
3014
3013
47
1618
1724
7177
3608
97
4071
2323
556
555
2598
7121
2596
2597
6994
1517
1516
1515
105
2885
2886
2883
2884
121
554
7760
7745
7778
558
1690
2661
190
52
50
3262
2805
7774
7002
30
833
38
35
2826
7747
7772
53
576
4501
7771
7770
7782
8108
438
58
1039
2827
226
1038
37
223
441
440
34
32
3148
3147
774
217
609
66
152
221
225
222
224
1374
36
3190
125
1362
7441
3189
6746
1361
100
99
439
98
33
200
3392
7783
1514
199
124
7784
7707
8408
8407
8409
8406
8410
6697
741
1270
2694
2591
1363
5856
8052
5855
2335
2048
2049
7444
7445
1047
462
1364
742
143
461
1048
7946
7945
7944
7947
2050
5862
5863
5864
6993
5865
7446
41
7447
5867
5866
43
2047
5648
419
8051
1365
144
8412
8411
505
1723
123
142
141
304
303
1046
5649
6798
3090
29
2698
8031
8030
5868
4274
8029
4275
107
6373
6374
106
249
7433
7432
3137
3136
549
4273
248
1743
1744
1035
1036
4577
4570
1037
4571
4574
4572
3135
3134
4573
93
4674
4673
5017
1173
1174
8161
5023
284
247
5257
5135
5258
2737
4681
4680
2735
2736
2739
2734
2732
2731
2742
8318
8319
2744
2727
2746
2745
2728
1135
3671
1134
1195
5877
5881
5878
5879
5886
5880
5887
4730
283
2337
4746
4723
4741
4729
4719
8207
8198
8197
8199
8194
8202
8201
8200
8203
8206
4683
4684
4685
8204
8208
4686
8210
8209
8205
8195
3067
3065
3066
4731
8196
4736
3064
282
3068
2939
5888
5885
5882
5884
5883
2730
2729
2743
2336
7123
7122
8511
2741
2733
2740
8263
4682
7554
5259
5136
8033
5123
5124
5128
5127
5645
5130
7101
1282
3016
1537
3015
299
1283
3024
1436
1042
5636
5637
4713
1281
7985
8092
369
3322
571
3318
3321
7251
7075
7604
6735
7073
7074
7133
6596
3333
3334
3320
3335
368
3336
243
242
3319
1542
918
3484
2317
2315
2316
2314
3680
3683
5131
3324
2320
7509
1543
7511
7506
7507
7505
7501
7499
7500
7503
7502
7508
7512
7510
7504
7513
5617
5616
7437
1642
2318
919
519
3681
3589
518
920
7370
899
983
4139
570
667
4136
668
3329
3682
3684
3679
4135
3323
3485
3327
3326
6688
3330
6690
6691
6689
3325
244
3588
3328
2313
4711
2977
4137
669
569
2322
2321
2339
8028
2340
982
4772
574
898
900
2319
921
922
572
573
4771
1641
5122
901
245
246
5120
5121
3858
5126
5125
5129
5675
7102
302
6784
1746
1745
112
897
5644
847
1747
5643
1041
301
300
5634
5635
5633
5632
4459
6017
6018
4461
4462
111
110
1151
960
6016
7088
1279
1276
8135
4458
2473
7186
8134
137
3923
3922
7189
1272
138
3372
3480
139
1044
1045
140
3371
120
136
122
119
108
4457
2772
3921
2889
1278
2890
1277
2773
1275
3629
3630
3478
3479
959
109
366
367
365
1280
1043
3821
7191
5207
4467
4466
4463
4465
4464
1538
4460
472
473
2794
2792
2793
474
2796
3025
8181
8182
608
475
476
477
1597
3023
3022
296
3018
295
3019
6939
6940
6938
3021
1598
297
298
3017
3020
239
240
6717
4358
1284
1285
816
241
575
7539
3165
5153
6714
6713
7178
5174
5173
6712
6711
6694
6693
1918
6710
5164
6709
3034
1919
1920
3026
3033
5199
6104
5200
5119
238
5118
1287
237
506
3690
1136
1432
1433
1435
1431
5171
5172
2990
2989
553
7060
7883
5488
7061
8007
8006
883
6030
6029
5691
1924
4311
6504
4691
602
6438
2374
2373
2371
606
4226
2370
8017
7005
7006
2563
2372
7439
7440
5682
5687
5688
5683
5685
5686
5684
2562
5681
603
5680
7628
7627
7629
604
7709
8164
8167
8166
7711
7708
7710
7192
8165
6507
6508
4693
2494
4692
2493
7236
7233
7235
7193
605
7234
1232
2967
7065
7166
7167
7438
7169
7168
7170
1589
4690
2928
4225
7089
185
5519
5509
5505
5514
5520
544
5538
5543
5539
5537
5540
5541
1588
5498
5502
5503
5501
5500
5494
5496
5495
5499
6782
3097
543
1914
2106
5493
5492
5497
1916
6982
2105
1915
7580
7579
7000
7993
2369
4228
186
551
508
6028
187
507
1235
1434
1236
1004
552
3754
2389
3917
1917
5152
5789
7884
4169
7882
467
895
3753
896
894
1370
235
7055
893
5208
2630
5209
236
3041
1742
1367
1368
189
1369
5473
5474
3692
5000
1234
678
1739
679
3759
3760
8394
4546
4545
1078
1077
291
6061
5477
5487
1923
3752
8413
4544
3027
3029
3028
1076
3805
293
4170
7054
8395
7059
6538
6485
533
850
1079
1922
8059
8057
8058
8056
3749
7543
5475
188
5476
7542
3750
5478
834
835
1009
2908
2909
1010
532
5045
5044
5043
5049
849
5051
4078
3920
848
2543
3761
113
2774
2771
2770
1238
1288
1289
5004
2775
1286
2776
1239
1237
1233
3693
3949
2786
3247
2787
2784
3842
2785
1921
3691
1137
1138
2643
2644
2325
3751
6376
292
294
3687
3030
3688
2495
3686
5182
4122
233
5183
5184
4166
4168
7885
3676
607
3950
3032
3031
234
3674
3675
4163
4167
4165
587
1738
3689
6358
483
3906
3907
3909
3908
3911
3910
3900
3913
8054
3903
3901
3905
3902
3793
3795
3786
3789
3787
3796
3791
7889
3800
3802
3801
3799
3798
2326
3797
3792
3790
3788
484
3904
4037
4038
3897
7994
3895
3894
3898
7996
7995
7998
7997
617
3899
4164
2496
7886
8055
6357
5580
3167
3896
615
2973
2974
3271
3270
4
1404
2971
2970
8004
8005
2972
2969
3828
3826
3829
3825
1734
3824
7888
7887
3835
5590
1733
1732
1735
3836
8113
8110
8112
8111
7175
7173
7172
7174
4218
4219
3830
6396
4212
7062
2981
7090
4211
4217
4214
4215
4213
4216
2983
2982
3833
3834
1003
1002
7597
3832
3837
1731
1373
583
3827
616
2968
7868
2
3
1405
7031
2798
5598
8013
8010
8011
5597
8012
5608
5607
5596
5595
2797
4199
4195
4198
6398
6397
4191
2860
2861
4184
334
6736
4192
4201
4204
1393
2633
4188
7007
7008
4190
4181
1394
1082
4206
1926
1081
4182
7383
4193
4180
1080
4205
1390
7568
7567
1391
7566
7565
7564
1406
1087
1392
3235
7563
7561
7562
4185
4183
1086
3234
4194
1372
4186
4196
4208
1371
1083
1088
3196
3194
4197
3195
3118
3117
81
1408
1407
80
7120
2685
3585
5593
5594
274
3197
3707
3708
5626
5625
5622
5623
5624
1736
3656
3653
3651
1359
1360
2659
8390
3655
8512
4099
3951
4096
1257
1256
3659
1561
159
1251
1258
1259
1260
160
1252
4004
8286
161
3556
3554
3555
624
623
625
4005
527
3009
8387
3561
8386
8384
8385
6547
6548
528
3559
3558
3560
3557
6355
7680
729
3654
3652
3657
3953
3662
3660
1562
3663
3661
1245
1246
7093
1564
148
7865
5585
1565
1563
1247
128
7
980
3293
4154
6771
6772
6773
6774
4157
1411
1410
149
6
3116
1757
4156
4153
2012
6808
6776
3294
1387
3295
6775
1388
2011
5
1389
2604
5483
5484
5481
5482
633
4996
1550
192
632
634
1380
449
764
5642
6095
1549
450
4374
1352
430
452
879
710
1011
3054
917
2707
6230
6229
6228
453
994
993
5638
2899
2900
5640
5639
876
989
5003
3055
3056
5002
1005
958
4712
1006
1351
6097
451
877
1353
1547
6937
1240
1684
6936
6935
6934
1685
6404
6587
6586
6568
6402
6403
5698
6567
2301
636
4359
7992
1835
2302
8071
6481
6480
8070
8157
6479
8069
7999
8000
1677
1676
7898
7899
1834
1678
2751
1836
1679
7793
7376
7375
6231
6666
7987
7890
7988
2466
7989
7257
2303
8102
2575
2576
8103
8104
1985
2706
2554
7056
2555
2578
2577
1984
2556
8105
1983
1982
8101
1986
4062
6675
6676
6677
6678
6679
6680
7116
8041
5211
2579
2304
5168
5216
8338
8339
5219
5218
5167
6486
6491
6488
6493
6494
6490
6489
7874
6498
2559
5166
8337
8336
5217
5215
6439
5213
5214
5212
8267
8109
3781
1683
6100
6237
6234
6235
2553
6236
3780
3782
1682
3783
3779
6101
3778
6917
1681
1680
6257
6916
6256
2552
8049
7792
4817
4816
2634
2635
1837
4818
8001
6099
6232
6098
7897
6233
1241
1007
463
2551
2560
6606
8333
6599
6597
8335
6600
8332
8334
6598
6667
6045
6903
6941
2550
193
878
6047
2549
6049
6048
6046
1223
6747
6748
2037
2038
1224
995
7140
1971
1972
8372
1548
6983
6984
7139
7138
4364
4372
4366
3111
3109
8369
8368
8370
8371
3110
2605
2606
6094
5641
3115
7132
3112
4371
3108
4376
990
975
1350
4797
4791
4793
1266
6096
429
7119
2923
1974
992
3267
3932
6091
2921
480
6657
7142
2574
4584
618
1975
7249
1219
4804
4801
1149
6889
7250
7032
6888
1220
4120
1221
7247
1714
4121
1147
1148
5848
5846
5847
5850
5849
5851
2390
2004
176
2546
991
2017
2018
1265
976
3107
1988
432
2008
765
3100
8366
8365
8363
8364
6055
6056
6058
6057
6059
4369
3101
3104
3102
4391
4378
3113
8367
4367
3114
3106
3103
3105
1989
7497
977
4795
4794
4796
1222
2922
4792
7118
3269
3268
2547
2548
2719
2006
4773
6092
6090
6082
6089
6088
7141
6087
5159
6592
707
708
4375
4365
4370
4377
8362
8361
4373
709
6655
6656
4031
1555
1554
5203
5204
5205
8084
1553
5262
5860
7614
4081
7615
6102
4080
7610
4799
7612
7611
7613
1552
5859
5261
6060
5861
8347
5260
5858
502
5162
5857
503
8349
8350
8348
1215
1217
1218
1216
6595
1636
6593
7938
8351
7544
504
3212
6893
6894
6895
8270
6897
3207
6896
6892
6891
7622
3206
3208
7617
7616
7620
3209
3210
7621
6840
7260
7261
7259
7618
7619
6890
3211
3205
7547
7546
7548
6874
7397
7400
7402
7401
7399
7623
7398
6928
7624
6927
6594
7545
2703
665
2704
5654
5655
6926
536
2384
3600
3599
3602
4039
6794
6797
6795
4042
2380
1629
1633
5650
1628
1627
1631
5459
5458
5456
2386
1626
5457
2848
3595
3954
6997
6223
4045
6996
6222
6078
4608
6208
6210
6176
6174
6207
6178
6195
6201
6200
6193
6202
6197
4607
6191
3594
6188
3593
7474
7475
6170
6162
6165
6169
6160
6156
6154
6148
6150
6143
6139
6871
6132
6133
6131
6134
4658
4655
5929
5931
8343
4666
4664
4660
5930
4659
5935
4656
5937
5938
5939
6845
5933
5934
5932
4629
4632
5042
6093
4606
5040
5039
4604
7458
4605
4601
4525
4540
4609
4602
4530
4538
4670
4671
4653
4654
4665
4603
4610
7457
4528
7456
4598
4527
4498
3592
4536
4541
5910
4529
4532
4535
4644
4646
4637
4638
4496
4490
4539
4639
4526
704
5108
5909
5908
5117
5907
5058
5906
5110
5905
5059
5904
5903
705
5060
5902
5901
5061
5900
5899
5063
5897
5102
5101
5062
5103
5105
5109
5893
5892
5098
6128
6127
6506
6859
6860
6505
6126
6105
6124
5096
5097
5094
5095
6867
6866
6122
6121
6118
5090
3596
6868
5089
6106
6107
7452
6108
5074
6870
6869
6123
3361
3591
7596
7595
7594
6353
2140
6115
6111
5072
6110
5091
5076
5093
6116
5092
7451
6113
6112
2139
6114
6117
3597
3598
6109
6119
6120
6125
6861
6862
6863
6856
6865
7453
6864
6857
6858
5065
5099
6129
5114
5894
5113
5895
5104
5896
5087
5080
7454
7455
5111
5116
5115
4662
4668
4661
4483
4669
4489
4663
4487
4531
5806
5898
4657
5081
4486
4497
4493
4494
4484
4495
4645
4626
4542
4599
4533
4619
4613
4641
4622
4643
4640
4537
4600
4620
4642
4614
4615
4617
4611
4612
4616
4623
4625
4618
4621
5918
5915
5100
5112
5068
5067
5064
5066
5134
5106
5069
5071
5088
5070
2710
5084
5086
5919
5923
5921
5917
5075
6854
6853
6855
5911
5912
5913
5914
5920
5922
6852
5073
5926
5925
5107
5079
5082
5083
5916
5085
5924
5927
5077
5078
5928
4630
2709
2387
703
8090
4046
7467
4628
4710
4627
6354
7463
4624
4534
4485
4636
7469
6876
6875
4635
4634
4491
4633
4631
4667
6844
6843
5936
7461
7460
7462
6846
7466
7464
5940
7465
4492
5038
7472
7470
7471
7473
6849
6172
5037
5041
6847
5945
5944
5943
6850
6851
6848
7468
5946
5942
5941
6155
6163
4488
6147
6144
6141
6137
6142
6135
6138
6136
7459
6140
6149
6153
6152
6146
6145
6151
6158
6159
6157
6164
6161
6168
6166
6196
6190
6182
6187
6186
6181
6179
6185
6177
6183
6180
6175
6173
6167
6171
6184
6189
6194
6199
6192
6203
6198
6209
6205
6212
6206
6204
6211
6218
6213
6214
6215
6220
6217
6216
6219
6221
6079
1630
1632
2385
5651
6999
6998
4041
6796
5652
3601
5653
3696
3697
4040
4043
4044
7955
5708
957
5658
5657
7027
3976
5656
7028
6248
6250
6249
3727
3728
3989
3992
3996
3991
4305
7374
6245
3987
6246
6253
7939
6251
8068
6252
7176
3993
6247
2383
538
3961
7026
1644
3492
6881
3494
3960
3958
3968
3966
1645
1821
1646
1635
8354
3967
3495
3959
1823
535
1822
3963
1634
2138
2137
2382
3962
3965
7559
6924
7372
3983
3984
3994
3997
3986
3988
7373
6051
3990
7556
7557
7558
3955
3964
3956
7555
534
1651
8353
3995
6527
6526
1650
3514
6882
1824
3957
1825
6880
6879
1816
537
1815
1647
8352
3505
1818
1819
1820
3504
1817
3499
3497
3493
3507
3510
3513
3512
3502
3503
3506
7584
7585
1639
3500
3501
1655
3496
3498
5466
5467
8269
5465
1640
3640
1652
4018
5717
5830
5724
5831
3636
5722
5157
5727
5729
8346
8345
5158
706
5719
6407
3638
5742
5738
5736
5734
3635
5732
5737
5739
6809
5741
5743
5744
5746
5758
5835
5760
5756
5753
7517
7913
5837
5840
5841
5838
5836
5774
7917
5770
5765
5764
5761
5757
5745
5747
5751
7916
7914
7915
7516
988
5731
5730
7258
5728
7919
7918
7134
7911
7912
5721
5723
7903
7904
5720
985
986
4015
7553
7902
5709
5749
5740
5735
7906
7907
5733
5726
5725
5718
4017
6255
6254
8158
8159
5716
4020
1653
1654
4016
2381
4321
1656
1637
5853
7389
6878
6877
1638
1649
4320
6873
6872
4323
4324
4338
3515
6052
3509
3508
1648
3511
3985
3634
4326
4319
3534
3525
7020
7021
3532
8039
6943
3533
6942
8037
8036
8038
8035
8344
3531
3526
3528
5710
2898
4327
4047
7262
3536
3527
8268
4143
4141
4140
3516
4142
3518
3529
3517
3520
3522
5807
3524
3535
7414
3523
3521
3530
6627
3519
6629
4019
6630
6628
5809
5808
6626
1929
1928
1933
1932
5810
1931
4021
1930
5548
5549
987
5811
3685
2135
5834
5833
2136
2678
4785
18
2686
2673
2674
2677
2675
2676
2697
2561
956
5832
8050
5766
7391
5767
5768
7392
5759
7390
5762
7909
7910
7908
5748
5750
7905
5752
5755
5763
5754
5769
5772
7393
5773
7394
5839
888
5780
5779
5778
5777
5771
5776
5775
6465
7395
7396
2684
2688
5842
182
175
3777
3757
3776
431
1150
2003
6625
6624
3931
2573
4774
4597
3266
2600
2702
2701
7552
1667
2681
1467
6929
6930
8463
8462
8465
8464
8468
8466
8467
8469
2679
1666
2682
2680
5142
5147
5146
5137
5138
5150
5143
5145
5140
5144
5141
5139
5149
5148
1464
5472
4284
8504
8503
5267
5266
5263
8440
8441
8443
8442
6761
6770
6767
6766
6760
6763
6764
6769
6762
6768
6765
5264
2716
2715
470
2717
471
4088
3840
1773
1772
2914
2913
2912
2911
5151
4800
6083
7030
1867
7033
5794
5793
6922
5795
4082
5798
4089
5799
4087
5801
5802
6923
1465
5797
5796
5800
5803
5804
1466
4093
4090
4084
1870
3841
1869
2910
6725
6724
1868
2718
1061
8233
468
8232
2026
6723
8234
2025
2920
401
3843
3850
3605
4092
4083
8240
8239
6886
6904
4085
1053
1481
3360
3357
3358
862
3354
402
2763
2762
3338
3353
3344
3351
444
8222
8238
1482
445
2607
2623
3939
3942
1530
8488
8487
1484
3943
1587
6703
6705
1487
1486
443
8170
1725
3876
3883
3875
7371
3878
4123
7016
3464
1726
3892
3880
4125
3873
1473
7011
1309
3886
4969
3877
3879
3889
3884
3882
3881
3587
3887
8434
4124
8433
3874
3891
3586
1480
3893
6019
1479
3885
8171
3888
3890
1485
1468
1662
1307
3367
1471
4007
7427
4010
6946
7428
4006
4008
1492
1491
7029
1470
1469
442
3363
3364
8155
7425
7426
8445
8448
8446
8447
8444
7429
1472
4009
4011
4360
1308
4012
8156
7430
3366
3365
2599
8190
4556
8192
3362
4553
8193
8191
7014
7015
1254
4558
4554
4555
1154
1155
6227
1153
4030
4028
6813
4029
7678
7677
4026
4024
6814
6816
6815
6817
4023
4022
4027
3265
873
269
3264
3317
3315
1050
3316
4025
8241
8244
8242
8243
268
6905
1305
1156
4557
1306
2622
8430
6907
2365
6945
6906
8429
1490
1488
6365
6699
6698
1489
2023
2022
2614
7484
5229
2021
2024
6369
1586
3941
6367
2019
8149
8150
2020
3084
6368
6370
1103
1483
1582
267
7496
6920
6919
3940
8489
6701
6704
6700
6702
2624
2626
8221
6972
6971
3340
3341
6020
3342
3345
8431
8432
8510
8509
3343
3349
3347
3346
3348
8220
3350
3359
3755
3756
823
3339
1494
824
6021
6022
6023
8223
2568
4128
4129
8224
8100
8226
8527
1493
2541
8225
4126
8227
6950
700
6951
8228
8229
4127
4131
8236
6637
8237
7953
7954
701
8508
8491
3352
8490
8495
8494
8492
8493
8507
1051
2616
4290
2615
2532
3944
4291
2628
2627
2625
1052
2592
2593
945
5703
946
3337
266
1581
3125
2535
2536
2537
2533
2617
2618
2534
2538
2529
2528
2527
2609
2530
2608
3972
2629
2531
4130
8235
264
265
2479
2475
262
2476
263
1495
3356
3355
2610
2515
3970
3126
2566
3971
6084
2526
2516
2611
2567
2613
2612
1900
2640
2641
3969
1899
2918
2477
2478
261
5805
8526
3481
3482
821
1901
1903
7263
1902
3046
1023
3973
3758
1577
2672
1579
1578
409
3179
3180
3182
7485
3181
3183
3184
4328
3185
3186
3187
666
6806
6807
7476
3784
254
19
448
22
1896
256
6803
6804
1063
255
1897
257
258
2480
6601
6642
6641
0
