0
5700
4708
1713
4416
1627
4707
4396
1597
4700
1016
1333
1029
2275
400
493
4408
721
6994
1474
6670
1596
625
4762
3440
6859
2553
4704
5667
4703
1271
4982
1606
5447
2554
4631
141
449
5043
2618
613
390
1163
6751
240
4965
3533
310
3372
3389
2848
3364
404
1598
6315
5942
2518
1006
1532
5824
454
2173
3536
5317
1287
4760
6616
4751
3197
195
2615
6138
6407
622
4414
5193
1582
2488
1366
6475
824
3832
4662
357
5916
1311
403
6784
2681
619
2683
6920
3365
3163
3366
3430
2250
2573
1004
6780
4775
1307
1005
6789
1003
6283
6666
1185
5332
618
6318
6524
6364
337
4539
6089
1452
1125
165
348
6139
4612
1317
2207
610
446
4333
116
4504
4752
6204
349
328
108
49
1414
605
6987
2188
5923
140
6069
1424
1337
4605
611
5555
1257
5440
1386
4619
4904
6925
1260
503
2888
536
6222
4423
6286
484
4390
4438
1823
6055
1966
6910
4288
492
5325
6573
6615
4436
1314
487
3205
1018
6376
1268
6972
1419
917
6157
3113
2619
4237
3833
5333
1465
3078
4593
6135
4591
2688
730
5037
237
173
5958
5038
1165
915
1244
4071
483
2999
2721
4479
4587
1604
4588
6683
482
1630
241
1617
5046
4393
5419
2261
3090
6052
6781
6054
4868
437
957
501
2054
1706
3774
5084
3425
1017
948
436
6042
5015
6919
350
6201
5557
3297
2241
3121
2613
4227
4411
1284
4790
2520
1056
1318
3524
1170
6316
2183
6304
3079
3058
6559
384
4228
6317
2536
6303
4476
385
352
1336
6829
4797
3136
3561
6861
1051
3809
5553
2055
2625
4987
1053
3385
1052
6168
3383
3120
6053
3101
4520
3428
535
2052
544
6239
526
6083
497
920
2692
909
555
472
4519
3154
2239
6058
2526
3766
5024
4652
3392
1341
607
31
1191
1057
1300
1007
620
4420
2539
715
5518
6091
5495
5970
6932
1373
467
1270
5496
6373
3551
485
623
4313
6916
4609
919
2148
1382
1739
52
5710
640
3821
1309
4498
6140
4495
5229
5961
6731
6572
209
2163
3190
289
3772
6225
6044
5788
6377
2167
3117
510
157
508
6602
3535
2058
4304
4777
103
3831
290
3737
6394
4232
6882
2487
2166
3155
6953
1297
2479
2
1586
6186
4532
4633
3815
631
6565
6206
3150
4302
3816
5559
4229
530
3104
6214
1254
5941
3397
5882
4757
734
458
444
635
6845
3361
829
453
5837
456
335
1250
247
6203
1364
4559
246
5221
598
4582
1365
4581
110
6684
1124
4541
6336
4558
249
4537
338
1211
6505
168
6231
5515
656
468
5922
4728
6300
3114
6664
971
3560
5170
2558
923
5938
4551
4592
298
5939
2057
1588
4776
1585
2059
1583
6806
486
4547
498
5935
4673
904
1322
2557
1556
6213
3807
728
4738
115
1282
2559
2511
121
1533
5861
2555
5363
6848
5864
1302
2150
3446
6571
196
6210
3436
6209
1264
2155
2531
2151
6727
5901
1155
3826
4507
649
1266
119
4488
6197
3404
6175
609
120
3129
3309
6454
5730
315
448
480
1412
6733
1408
6863
4615
5166
1418
5163
4618
2528
1409
6606
6567
5330
4491
6729
6661
3438
6404
6030
4404
4554
539
4310
1020
1180
1384
5290
2620
4286
1342
6778
4585
3094
2556
1177
2722
974
5972
6568
4658
2153
3441
5881
2189
6198
3201
6581
1186
235
4501
336
152
5919
3739
1460
908
6888
3754
6889
4230
4472
925
3539
3443
5910
3439
2274
4656
2522
5319
6320
3812
699
6716
1104
3431
4493
3452
4499
3523
277
477
2623
1190
1269
465
642
1166
4586
951
3394
6922
1715
6240
2723
2513
519
4697
4670
3109
542
6970
1711
3125
5980
5484
543
3808
5016
1192
552
2514
553
6917
4637
5155
4667
3301
1462
6163
29
1603
5554
1962
5535
2051
139
59
2626
5129
6646
4399
6636
3143
6628
159
6637
3097
5702
5975
551
3741
440
4778
112
326
5556
324
4978
5124
6647
4542
1030
4543
643
4442
4496
6732
641
3080
5008
3141
5316
6843
4706
5156
2161
4487
4756
2638
1458
3541
82
518
2494
4595
6035
520
4878
5009
3116
538
1176
537
6378
5701
5913
2168
2532
6577
1319
6958
5205
6662
3089
402
5548
1015
6380
1049
2685
4759
6332
1050
6188
6884
6805
413
6056
500
6915
1385
3437
2617
953
5070
6075
5069
970
5075
6081
5071
907
5063
3421
1594
944
5067
4971
230
5167
5232
5168
6219
5297
504
6740
505
323
5507
167
507
6862
502
158
5342
2110
5735
2060
6145
969
703
5501
5341
6477
98
6468
379
931
6665
2519
3134
6310
4506
4410
3091
4748
5671
5074
156
1707
910
545
2111
447
1607
5449
5041
2211
3303
407
3077
511
1
4669
4536
3215
332
3369
6151
6649
1172
3562
5158
6860
1963
4557
3122
1338
942
410
3434
5566
153
433
5206
419
3453
418
4233
5828
6473
5978
5169
702
5183
1245
1183
2478
3520
3550
462
276
3521
1058
1965
5441
3423
6988
3403
5439
5147
5751
911
5534
3810
439
5519
438
4197
1010
4260
4521
1171
2220
1173
6087
6752
6093
5184
1011
961
1012
3112
1055
1157
1008
2482
2682
3149
2475
455
1009
1558
1002
1308
5883
1640
2680
5549
5173
4859
2614
48
2684
1283
4497
5884
2272
1523
608
5708
5044
2147
358
30
1381
5707
604
4300
1267
245
2271
1343
4309
1344
2979
3167
5510
3534
615
827
1279
28
1262
6057
2524
599
2574
6028
1259
111
638
1346
3359
1522
2273
597
5017
3823
1156
3825
1313
117
1639
5220
617
5709
4905
1572
6822
1740
142
1347
4538
735
3388
650
2575
2622
3133
5061
322
2849
1281
1013
4973
1014
57
4522
666
6309
3842
2527
2244
6333
2249
2493
1641
6857
32
208
6576
3738
5960
1304
5132
2678
3544
5399
5467
1187
6579
3069
441
912
5068
4311
2160
2184
4397
4553
417
3764
3522
6047
6159
2533
429
5165
3545
4400
6497
3165
6516
3752
306
6329
6818
4661
5474
5182
3829
6826
3828
6774
4513
6779
569
6827
5314
3761
6710
4649
1389
724
3157
6886
6890
5364
3103
2149
5219
5860
2492
380
3050
708
5930
529
3300
2673
1305
726
6604
999
1560
4303
4540
3216
318
5402
5838
105
320
5401
6471
4574
6246
5085
2068
523
921
499
5
496
934
1334
5120
1600
938
3555
956
1288
5914
4483
3304
3547
6327
3548
3773
4502
479
1383
3302
4500
3153
4392
6595
2187
5190
1286
950
1469
4478
516
1629
1464
5483
718
2552
1158
5337
2185
521
1624
4701
1615
1422
1275
491
3559
6247
412
4832
432
5500
654
3442
5718
3742
416
6173
220
3086
4764
1182
6638
5178
5442
6502
738
321
5925
331
4516
329
106
6474
435
6343
411
5915
409
160
5072
6653
5077
3188
1592
163
1591
3049
512
4535
351
3405
4412
2107
397
933
709
5157
4426
2064
1463
1969
4424
3771
1388
3189
5479
2490
5006
3448
4758
4086
5200
966
1054
3160
1335
5187
700
3071
2219
4485
2217
2186
2209
96
2178
612
5448
5772
4486
1315
2245
3096
2237
4444
6487
5520
1406
93
5827
473
5992
463
426
6803
425
5177
1370
6799
1372
4549
1461
6503
525
6038
540
6603
4668
4235
1710
5162
5920
316
3368
6480
1417
3065
442
5299
533
6479
5873
3187
2246
5778
2231
614
2243
474
5875
6469
1405
4284
6985
6476
391
4282
4403
3164
3214
6082
5482
3736
101
3144
4068
2062
450
6199
451
2056
5890
4289
5889
4234
408
4786
5480
4173
428
6957
4431
1174
430
4242
5888
6883
5886
1970
5064
3424
1459
914
6027
164
2218
3830
2238
155
547
4739
5062
327
5887
5839
2248
2508
2230
6918
5874
3426
2247
1554
2233
5773
1340
2213
1280
2234
639
2229
606
2228
1184
3840
3074
2242
3105
2240
2537
2177
5672
2232
272
3827
1278
5869
3355
1320
207
1574
3357
5366
2585
4854
3084
1573
56
278
4085
4761
3204
2611
5485
3843
3088
5035
4694
2235
5704
2693
4231
6408
3127
6911
3396
3841
3814
2691
3740
3845
2584
5870
3354
4763
5673
4729
3454
2609
3162
5867
3108
2227
3100
2214
3183
5872
602
3839
601
3844
3123
34
3106
6215
1398
6909
5194
4069
4503
2641
452
2612
2108
5034
2529
2175
4659
2176
206
636
6821
5036
3200
6905
4508
6908
4336
6907
5181
6906
5042
3035
1555
2190
5040
1576
3152
4413
2512
33
3805
2236
4660
102
3148
291
3126
2216
3033
2212
2509
6191
6776
2221
3192
2222
3184
3762
3191
2223
4813
2224
6775
2226
3186
5817
3185
2225
603
2215
5203
5871
5759
4765
4505
637
3358
3362
3356
1575
4645
6181
2610
5516
515
1625
375
2988
5973
3450
1330
3556
273
1621
274
1618
6897
2551
6319
2636
466
6354
469
2164
3085
2156
945
4088
3082
4439
4236
4422
3083
1031
1274
2690
1626
4471
6444
1028
55
4616
5991
434
60
1325
3159
3367
3158
431
1179
4430
3517
655
6334
4514
3427
99
58
4867
4509
5885
1294
1521
3305
723
5039
239
6728
1162
6797
2523
3401
6895
4699
229
6537
5963
5563
6230
855
1402
6669
514
1605
5660
1312
4853
6137
2507
5418
6361
6964
1048
1316
6902
1298
334
5033
2041
1255
2675
3395
3370
460
6992
4550
3371
1261
4632
1251
6090
5508
653
1631
5252
1393
6846
6709
443
4849
4601
145
422
6039
231
2109
6051
6725
307
973
1509
4241
6885
916
427
4545
717
150
6847
4600
3756
4705
3811
6232
6762
4490
1023
3119
421
3130
5233
3131
494
1178
1401
3076
2867
3156
6812
5334
5912
6787
4515
3751
568
2866
3753
4634
1246
4106
147
5911
3299
1043
3306
719
2510
1371
905
509
6200
506
3765
4510
3151
1033
471
4492
1599
4698
6301
6445
720
2538
393
621
383
1169
1027
5976
4280
664
716
2521
1032
1293
4306
6287
6894
3447
4749
4440
6182
4653
6183
3393
6036
6307
3429
5365
936
3846
148
712
3817
6189
2870
5787
1188
714
4239
6067
1390
2154
3420
6068
478
5421
1258
2165
6335
2158
2987
4419
5974
1595
2517
4671
949
401
3093
5983
941
4432
5724
4389
5176
5481
6734
6194
4285
6195
3072
1589
4651
5720
464
1616
4240
5855
5161
398
6782
722
628
5174
629
3748
2640
6040
2642
6954
2643
922
3529
3422
3542
5164
3554
4070
704
6179
710
5662
5666
5338
4482
6956
1622
5159
4489
5189
113
1292
4409
963
4470
6142
423
3813
1243
5816
406
5834
405
4680
4473
3207
6671
4654
5719
4238
395
5498
242
1277
396
4480
5833
3047
4421
4477
392
5226
6578
146
2846
314
6233
3519
2174
955
6190
1387
2171
1065
6321
3819
5984
965
420
4
2639
935
3546
947
1400
4647
424
5443
1289
3138
6160
964
3543
3147
232
5195
6323
959
6663
475
1714
6850
445
5376
828
1212
4299
2550
6629
5216
3743
6681
4657
4056
6564
6403
6825
2644
3760
2645
3745
5300
4644
5215
6635
6405
6634
3402
2624
3750
5565
5318
6538
1708
6342
513
3135
1709
6849
6575
2053
546
960
1339
6786
2162
355
2170
3518
5562
353
6586
2535
2172
939
6574
1285
4394
3124
394
6913
6483
6324
104
3435
6515
6912
100
6777
6227
3747
3176
6785
4511
3758
4512
7001
6482
5517
300
6773
288
6682
534
5931
5199
5298
524
1193
2515
6331
1323
3139
1420
962
1584
4105
5729
1454
5921
5185
3564
3782
6218
7000
1404
1310
5836
662
4065
461
3822
5779
731
54
705
6560
4395
930
3558
6605
5917
1306
4599
1673
5564
2676
4556
2480
1824
137
3102
6146
6379
6896
330
243
1249
5131
624
5476
929
1456
3075
1164
3213
1623
954
4613
5291
4594
943
5760
3451
6485
3211
4596
1301
2146
333
138
1453
3824
3360
1520
144
1524
356
4590
299
4298
354
4589
6481
1345
3034
3398
5511
4597
6881
548
6934
1421
946
3384
6844
136
6043
3386
212
4617
3081
4614
211
114
1296
2674
2869
3540
325
4301
3390
1519
143
244
1395
6220
6632
3563
6513
727
6836
4066
5831
531
193
238
1291
733
2646
236
2061
495
3768
1324
3202
554
3445
701
6819
6486
1168
4598
3419
6226
3763
5086
4646
6224
3759
5475
161
729
1303
4418
3212
1712
6802
532
5706
2208
1247
595
1263
1161
459
2560
4332
1738
1256
118
6046
594
3391
1368
4583
6525
5937
5081
95
651
926
4866
6472
737
317
773
319
652
1392
109
6496
1123
2073
4544
1253
593
1399
360
2525
5005
6045
5780
1642
4602
166
5320
4441
1703
4287
1587
3132
4610
3068
4427
3298
4611
3161
1001
1189
287
6328
541
6735
6986
3769
517
2990
233
3767
1472
1290
5172
3146
1160
6750
1159
1299
725
5705
4983
5928
1415
1321
1553
596
6507
5865
6633
6926
5840
5560
4281
2169
3199
4087
3196
6584
6041
6015
308
5236
3818
4608
311
4976
3387
6275
6167
6356
5175
5859
6347
6274
2989
6272
3516
6891
4650
6207
309
5310
3140
6580
3363
4606
1391
4604
5420
4603
313
5234
61
5235
6726
6406
6508
1416
1252
630
5214
1473
6933
549
2491
4089
2063
6569
3142
2157
3432
2159
5202
5863
50
6570
457
1413
616
4766
5227
1470
2486
1471
1273
5848
5209
2152
3118
4975
5497
6065
197
5465
5525
4425
6801
4636
6965
6648
3115
4417
6971
550
6800
1475
3553
6299
6322
5049
940
4433
928
4966
2072
6372
6308
5052
5228
1403
600
4494
1295
825
1394
1363
6478
1367
4580
5820
924
826
4584
1425
2677
2621
3092
5047
627
275
5668
626
5940
6899
359
312
5900
4655
6351
5987
5561
1265
6273
1167
6854
3110
6253
4546
4974
3806
5558
2686
6887
3449
6276
5473
6205
470
6355
927
4090
3099
5962
210
5466
3770
6066
6180
4437
4548
4607
6973
1411
968
1407
2530
6997
3137
1410
967
5045
4648
1457
4555
4428
6788
5073
5727
732
4972
1369
5514
5924
1559
1590
937
1593
3755
5078
918
234
3744
5076
3749
5066
6741
415
1561
1000
6966
414
5153
4429
151
5717
5223
5862
154
5716
1964
5050
5499
5053
6730
5055
3444
6037
3757
5051
3746
5054
3107
6711
3098
6352
3203
528
476
4435
6144
3412
972
1331
958
6141
97
2516
6031
3530
3095
2637
3111
4374
952
5048
1455
5971
4552
1332
663
6149
3087
713
3073
4484
6585
3799
4977
1181
6092
3145
6484
6851
6022
4533
3067
6363
5979
94
5981
5107
5079
194
5105
3178
5082
4663
4443
4534
5080
3177
5106
3175
297
149
5918
6924
6353
3206
527
2687
5866
6921
4279
1175
6302
376
932
488
51
522
3070
1423
6558
6566
913
5065
906
6630
5669
2210
5204
5171
3552
481
3557
6371
1248
490
570
489
3549
4702
711
4434
6470
5879
6783
5880
3433
4407
1044
6311
4415
1579
1578
5367
1580
1581
5368
1577
1035
6314
4964
5878
6313
1042
1041
1040
5877
6312
1039
1022
1037
1021
1036
1038
1034
1019
1024
1025
1026
1064
5876
3059
382
381
5019
1063
1062
6306
3525
6305
228
694
693
4481
5144
706
707
5145
5664
686
685
684
697
696
692
698
3532
3531
5143
687
4827
6290
6291
6292
6293
3526
5201
4391
1061
378
6059
6060
377
399
6211
6228
6193
1060
1059
6298
6295
4398
680
4305
6296
6212
6294
6192
6196
389
1636
1637
1638
387
2259
388
2256
2257
2252
5111
1468
1467
2253
2260
2258
6325
6330
2251
1466
4822
2254
2255
4823
4820
4819
4821
2506
2504
2702
2703
2704
2705
2706
2862
2860
6063
2708
2709
6062
2710
6074
2711
2712
2859
2863
2861
5653
2733
2732
2731
2727
2725
2726
2728
2729
2717
5099
5109
5102
5103
5110
2718
2505
2724
6382
2469
4801
5654
6383
6384
2734
2650
5868
2652
2651
2649
2648
2845
2647
2740
6148
2794
2795
2797
2799
2800
2801
2802
2803
2798
2804
2790
2789
2818
2819
2821
2820
2807
2832
2808
2831
2809
3056
2810
2815
2814
2816
2817
2833
2834
2830
2829
2828
2827
2826
2836
2835
2825
2824
2840
2843
2842
2841
2839
2838
5488
1716
2837
4261
4266
4267
4269
4270
2659
2657
2656
2658
2654
2655
4262
4263
4264
4265
2823
2822
1717
4268
4271
2468
4929
2653
1718
2813
2812
5018
2811
1719
1828
2760
2775
2761
2762
2763
2776
2764
2765
2766
2767
2768
2769
1829
2782
6259
2781
2778
2779
2780
6258
5699
4316
4315
5852
6257
4314
6256
2736
6255
2771
2774
2777
2772
2773
2757
2752
2754
2758
2751
2753
2759
1720
2744
5774
5775
5776
2756
2264
2263
2262
2755
2741
2783
2784
2785
2786
2787
2788
36
2793
2791
2792
2805
2806
2796
4920
35
6402
6381
2694
2716
5096
5097
5098
2719
2503
2502
2501
2500
2730
2499
2707
2715
5101
5100
5108
2714
2713
2720
2689
2470
2701
6436
6539
83
2695
5786
84
2696
3528
2697
5821
2698
5822
2699
5823
2700
5777
386
4312
2616
226
3527
6808
6835
6229
227
690
689
695
688
691
681
683
5728
4385
4386
5663
682
6823
80
1602
1601
4387
81
6094
5415
5059
1619
1620
4388
4475
5929
5856
1614
6061
2179
2180
2181
6931
2182
1610
4384
1613
5767
5785
1612
1611
6864
1272
1608
1609
1276
2481
665
2483
6959
2477
4681
2476
4682
2565
2561
1628
4474
6521
6562
6561
6523
6522
6719
2679
4791
6547
184
1067
1068
1995
186
6136
6548
6546
6544
6545
185
6553
5854
1997
2739
2738
2737
2750
1983
1985
1982
1981
1979
5324
5323
1980
1975
4735
1976
5850
1977
5944
1978
5849
4912
4910
1989
1987
1988
1993
5322
1994
1992
1996
1990
1991
1986
1984
5851
4906
6073
4908
5602
5595
4909
4907
1998
4911
4913
2004
2572
2564
6749
2002
2003
3061
2005
6399
1086
1078
1079
1080
657
633
5997
5998
6400
1087
5612
5622
5999
1090
2001
2000
1999
6000
1091
5752
6401
6673
1070
2746
2745
2743
2742
2749
2770
2042
6254
37
2747
2748
38
1092
6001
6004
1071
6003
1072
6002
1073
1089
1074
1088
1075
1076
1077
2006
2007
3060
1085
4642
6446
4793
4575
1084
4640
4641
5596
5594
5592
1083
5590
5604
5599
1082
5597
5600
5605
5606
5598
5607
5591
5601
5593
5603
1081
5996
5995
4578
4579
6949
6948
39
2489
5026
5994
4055
2269
6744
661
4831
4273
658
659
660
3064
3062
3063
634
6937
4783
4784
4274
192
1223
4782
4781
1221
191
4275
4276
4805
1220
190
1216
1215
189
188
187
6134
2270
181
1213
1214
848
1217
1218
5736
2570
2568
2569
6115
5943
1066
1069
1093
4767
1094
4930
5321
2566
183
2567
2563
2583
2562
2571
5932
6133
5934
182
5933
1884
180
5734
1917
1916
1915
1908
1907
1888
4461
4460
1902
1889
1901
1893
4564
1894
1899
1896
853
4565
6518
6398
6517
6178
4058
6520
202
2856
5411
6519
6397
854
2400
2399
2401
203
2396
2402
2413
2403
2404
2961
2409
2965
2960
846
844
4563
845
1891
1890
1892
1903
1904
1905
1922
1906
1895
1897
1900
1898
1224
1222
847
1219
2484
2485
849
1885
1910
1911
1914
1887
1886
1913
1912
1909
1920
1921
850
851
5121
852
4562
4561
6668
205
204
1919
4568
6049
2540
6820
4560
4566
4569
1918
4567
6667
6050
6111
5541
5552
5540
5551
6112
843
6110
2117
5715
5539
5537
5249
5536
6161
5538
2118
2946
2947
2956
2955
2952
3041
2951
2954
2958
2943
2957
785
781
6097
2953
2942
2941
2949
2950
2940
2939
2116
6991
2964
783
4808
2936
5810
2966
5894
2969
2119
5502
5450
2968
2967
2120
5504
4811
6100
6101
782
5737
4061
4810
4812
4809
2844
5829
40
1551
5505
6099
6098
2122
2121
3040
2123
5893
2125
6270
2126
2137
6943
6944
6266
6945
6842
6946
6267
6268
4060
4900
4901
576
3657
4789
575
574
5742
5743
577
4903
583
584
3786
586
585
582
1544
3694
3693
3692
3699
3698
3697
3009
6132
3008
3038
1542
1543
2134
2135
5651
2133
3787
2129
2141
4796
573
2140
2139
2128
3607
3608
3588
3609
6102
3055
786
4272
784
5503
5451
5738
4063
5713
3053
3414
3413
5714
3052
3416
3054
3415
5222
6852
4062
2945
6106
572
3043
2944
2959
3042
3045
3044
6107
571
2963
2411
2962
5658
2948
6108
6109
2397
2412
2408
2405
2406
6113
2407
2410
6395
2398
6396
3836
3837
3838
2893
5659
4307
6025
2010
3252
3251
3254
3253
3258
3259
3260
6747
6024
6026
6451
6452
2268
5951
6449
632
5744
6447
5416
4792
6023
6448
6947
6450
5954
4576
4577
2267
2909
5621
5614
5623
5610
4643
2009
5446
6699
6698
6697
6696
2665
2008
2981
2980
6007
6006
6005
2266
5375
2663
2662
2661
2664
5374
2265
2982
6928
2660
6927
6929
2873
2984
2983
2903
2871
2872
6009
2907
6008
2904
2901
2889
2915
2902
2923
2914
2906
2905
2890
2929
2928
2918
2917
2916
2919
2920
2921
2922
2924
2930
2925
2926
2927
5445
5620
5611
2910
2911
4572
5952
5950
2913
2912
2855
2854
4828
6150
4829
4830
2891
6285
4164
3023
3022
4162
4163
4171
4166
4165
3016
4466
3025
3026
3027
3028
3021
3020
3019
3018
3017
6237
4467
4168
4468
4167
3032
4638
4639
4856
4169
4469
4170
4449
4450
3029
3030
4378
4379
6064
4380
4381
4377
4382
4383
3031
5428
4257
5427
5425
5486
4258
5426
4457
4455
4456
4453
4454
4375
4451
4452
3024
2892
6506
3353
5949
4573
4630
4571
4806
4807
4570
3705
3702
2908
3257
3256
3255
4123
5754
5732
6114
4120
6968
6969
4121
5753
4122
6688
3580
4897
3579
3713
3711
3712
3710
3703
3709
4794
4885
5955
3707
3701
3700
3706
4887
4886
4888
4896
4894
4895
4893
4891
4892
4890
4889
5733
3578
3576
5959
3583
3708
3261
4880
793
3726
3727
4445
3704
3714
4002
3721
3997
4754
6856
2899
2900
6855
4990
4989
4991
4127
3715
3716
3717
3718
3723
3722
3729
4001
3730
3728
4879
4283
3820
3998
3999
4000
2898
4795
4003
3719
3720
3724
4007
5615
3725
797
4135
796
4008
3907
795
4005
4004
4006
3906
4126
794
3651
2894
2895
3637
5533
4124
3634
5927
4881
4125
5212
792
6617
4446
3616
3617
3618
3598
3611
3612
3613
3601
3614
3594
3592
3647
3619
3642
3641
3682
3640
3623
3622
3621
3597
3596
3620
3595
4785
791
3779
3599
3780
3781
3586
3570
3581
3585
3575
4753
3577
4448
3584
3582
5213
5211
3571
6993
3636
3633
3632
5532
3635
3610
3648
2897
3834
4883
4884
2896
3638
3639
3646
3649
3650
3624
3627
3628
3000
3001
3667
3629
3630
3669
3668
3002
3901
3900
3905
3904
3003
3914
3917
3912
3913
3915
3918
5609
4128
4129
5624
4962
3919
3911
3909
3670
4755
3631
5926
3910
4134
6080
6079
4143
4142
6078
5645
5636
5641
5649
5638
4144
6076
4145
6077
5634
5726
5644
5632
5628
5630
4146
4147
4136
4141
5731
4622
4624
4623
6369
4625
6234
6368
4626
4627
4628
4629
4402
4401
6365
6366
4138
4139
5665
5435
4140
6367
6362
5814
5434
5433
4137
5432
5431
4621
4153
4620
4148
4150
4149
4156
4155
4158
4157
4160
4159
5957
4152
4154
4151
5966
5967
4217
4216
4204
6278
5424
5423
5422
4205
4212
4203
4202
4209
4208
4207
4206
6490
6488
4824
3057
6500
4201
6743
6742
5646
4857
4214
4213
4215
4211
4210
6489
5968
5969
5650
5643
5647
5640
5633
5648
5642
5631
5635
5629
5639
5637
5369
4042
4047
4050
3011
4048
3012
3950
4053
4051
4044
3013
4045
4046
4049
4040
4664
4041
4043
4039
4038
2971
3939
4037
3930
3277
4034
4032
4161
3959
4035
4033
3278
3957
3279
3242
3960
3961
4030
4029
4028
5993
4027
4026
6117
4221
4220
6116
4222
3246
3245
3244
3243
4036
4031
4804
4803
3247
3248
2970
3929
3938
3940
3941
4052
3942
3943
5617
5616
3948
5619
3945
3944
3949
5953
5618
2972
5956
3946
6271
1831
3954
5438
3953
5487
5436
5437
3947
3952
3955
3951
3931
4963
5608
5613
3916
4131
4130
3956
3292
3936
3928
3958
3937
3293
3291
4798
3290
3935
6012
3933
3932
5783
5782
3674
3294
3295
3675
3676
3677
3678
3927
3934
3881
3882
3883
3884
5755
3284
3283
3282
3281
3280
3241
4818
3240
4018
4851
4850
4016
5905
3925
3926
5801
3922
5798
5800
5799
5797
5796
3285
3851
3286
3852
3870
5804
5805
3287
3857
3856
3855
3854
3848
3684
3849
3864
3861
3866
3865
3867
3868
3871
3874
3873
3869
3875
3872
3876
3862
3863
3850
4743
6795
6796
6495
6880
4741
6879
3777
3681
3878
6877
3892
6876
588
3921
3296
589
3877
4817
4816
3924
3923
3920
5802
5803
3885
3886
3887
3879
3888
3880
3894
3896
3897
3004
3673
3903
3672
3902
3671
3666
3665
3664
3654
3663
3895
6072
3899
3898
3908
3626
3625
3891
3652
3653
3662
3661
3679
3680
3890
3889
3005
5948
3006
6493
6494
6878
4742
3687
3734
5292
3686
3732
3733
3735
3893
3775
3776
6942
4815
5947
6941
6939
3590
3591
3593
4898
2547
4779
2546
2545
2541
2543
2549
790
4780
4447
3569
6143
3573
3574
3572
2544
4988
3568
6104
6105
6103
3566
3589
5740
5741
5429
4308
5430
5739
2011
3587
787
788
789
3565
3603
6011
2542
3602
3604
3567
2012
2548
3605
4800
3606
4799
3600
41
3615
6269
4899
4902
3655
3656
5945
3644
3643
6940
5946
3659
6938
3660
3036
4855
3683
3037
3691
4814
3685
3695
3688
5806
3689
5807
1545
6282
4326
581
580
3039
578
3788
579
3645
6235
3658
6236
3696
3971
5908
587
42
3853
3289
3288
3858
3860
3859
3847
3690
5909
5907
5906
3970
3969
3968
3967
2365
2376
2377
5460
5459
5462
5461
2384
2380
2378
2379
2366
2367
2368
2369
2370
3981
4826
4825
2371
2390
2391
4246
4245
3778
5083
216
218
68
215
5225
3010
1529
5463
5464
3976
2142
2143
2144
71
4458
6592
6610
70
73
837
2132
838
839
4967
840
2136
841
2127
2124
842
6963
6962
2931
2932
2113
2938
2112
2937
2934
2933
2935
1550
1549
6961
2114
6960
1548
6858
6393
2115
6551
6392
1830
1547
6391
2138
6010
2130
6208
2131
6552
5248
6390
6389
6612
6611
4278
6613
4277
2145
6147
6265
6264
1546
72
5457
5458
4256
2029
74
2015
75
76
2014
2028
77
2027
78
2013
1534
1535
1537
1538
2016
2017
2018
1528
1527
5224
1526
1525
66
219
217
65
67
6014
213
3977
3978
214
4100
4098
4097
4103
4104
5652
4094
4102
4095
4099
4101
6279
2395
4093
2375
4096
2374
5745
2394
2373
5746
3007
3128
6070
2372
3962
3966
5003
3989
4021
4022
3972
4023
4017
4015
4014
4020
4013
4012
4011
4010
4009
4024
4025
4019
3996
3995
3994
3993
3988
3992
3991
3987
3990
3963
5002
3964
3965
3985
3984
3973
3986
6718
2381
2382
3983
3982
2383
3979
3980
2385
5453
5456
5452
5455
5454
4059
2386
4981
3731
2387
2388
4247
2393
2389
2392
2363
2362
3494
2364
3496
3492
4250
4251
3489
6280
6281
4254
4255
4243
5250
3504
3490
3491
3495
3493
4979
2361
4980
3498
3506
3508
2359
2360
3512
6016
3505
3500
3501
4244
3515
3503
3507
6013
3502
3514
1541
224
5240
3497
4248
4249
4252
4253
5809
5808
3499
3509
3510
3511
3513
6714
1539
2025
1536
2024
2021
1540
2022
2023
2026
2020
2019
225
5004
6713
64
6460
6462
4970
6461
6466
63
6766
6464
6465
5139
5007
6388
6458
5899
6463
6459
6467
6767
6455
6456
6457
79
2356
2358
2357
5210
2474
2473
3488
69
5140
5296
5294
4770
1730
2328
4768
4769
5295
5293
5141
221
222
2355
4858
3471
4720
3470
3459
2353
2324
2354
3457
5750
2471
5830
5749
62
2472
6184
6185
5748
6614
5747
3474
3455
3469
3465
3466
3467
3468
3475
3476
3460
3461
3477
3456
2592
3463
3464
2534
5127
2591
4679
5128
3458
179
2333
2334
2335
2332
4675
4674
4676
4677
2331
2330
2329
2349
2350
2347
2346
2348
2339
2344
2326
4718
4716
2345
2337
2338
2336
178
3482
3483
4678
6536
6357
5137
3462
3478
3479
3480
3481
4717
4715
3472
5138
3473
4719
2325
2342
2343
2340
2341
2351
2327
6358
6359
174
223
5218
2352
2319
2302
2307
175
2280
2313
2310
2315
2320
2322
2309
2312
2318
2321
2314
2311
2317
3051
2316
2323
5723
5725
2303
2304
2306
2305
2279
2278
2308
176
2277
177
2285
2286
4195
2287
2288
4196
2289
2290
2291
2292
2293
2294
2295
2283
2282
2281
2284
2276
5142
2296
2297
2298
2300
2299
2301
6491
6492
1194
1202
1201
2069
4737
4736
1195
2070
2071
1197
1198
1196
1974
3974
3975
5151
1205
5149
5150
1199
1200
4734
4733
172
4732
1203
1204
1207
1208
1206
3181
3180
4731
171
170
1209
1210
4740
5832
1973
4860
4960
5148
5154
4961
1972
5152
4057
169
2065
2066
2067
1971
1557
4334
1967
1968
5289
679
1833
1832
6162
4335
2101
2100
2102
2103
2097
2104
2105
2098
2099
4937
4938
1552
1834
53
2095
5784
2106
4370
4327
6900
3048
6557
3046
5188
6430
6428
6429
6426
6427
6424
6425
6422
6423
6420
6421
6418
6419
6416
6417
5192
5186
5841
4290
4291
4292
6746
678
1732
4200
4199
4226
4225
6840
6221
2087
4184
4189
4186
4185
1935
1936
1937
1938
1731
1737
1734
5657
2088
2089
4172
4174
2090
1939
3538
6217
6216
2096
3537
4084
3418
4223
2092
2093
2094
2091
2868
5847
3417
1735
4073
4076
4078
4074
4077
4295
4075
4175
4079
4176
5656
4080
1736
4177
1961
4224
1940
1941
3209
4198
4365
4082
3210
4081
4366
4367
1942
1943
4181
4180
6176
6177
4083
4179
4178
1944
1946
4194
4192
4191
4193
4190
4188
4187
4293
4294
6841
6838
6839
1960
1733
1955
1951
1952
6952
1954
4183
4182
4368
4369
1957
1959
4297
4296
162
1932
1933
1958
1956
1949
1948
1953
1950
6326
8
9
2034
2033
5160
5936
6514
677
6
7
5191
2032
4691
4692
5513
4693
6998
6999
4072
6645
6504
2030
6288
6261
6262
6758
6263
6631
6759
6757
6593
6594
4686
4688
4684
4683
4685
4687
4689
6260
4969
6736
6717
2031
4690
3783
4091
4092
6765
6914
6737
6738
5313
5550
6739
6794
3784
13
11
10
1374
1375
2887
1376
2874
2875
1377
1378
2883
1379
2634
2635
5339
4329
2886
2885
2884
2882
2881
2880
2879
2877
2876
2878
5306
5469
2631
2630
2632
2633
4328
1945
1934
1947
4330
4331
5522
5523
5521
5524
2735
1516
12
5335
3408
14
3407
17
5336
15
16
2666
2667
3307
6370
5058
18
4730
4371
6453
6250
6152
5988
6248
2075
6249
6437
5853
5989
6642
6641
6130
6644
6643
6951
6950
2076
6556
5990
6131
6251
2074
2077
5670
6898
6715
977
978
986
982
5403
979
985
983
980
984
981
988
989
991
990
992
2078
3785
987
2036
2035
993
994
1480
1483
5315
1478
1567
674
305
566
5661
1154
5506
5825
5722
5826
6583
122
6582
5655
5277
5271
676
1863
6837
6289
675
1835
1836
5977
5703
4459
1531
3484
3485
3486
3487
304
2040
2039
2038
2037
1530
995
1481
1482
1479
1568
6034
5340
5721
5902
6984
5408
6531
5689
6530
1153
5903
6527
123
6526
5904
6174
6529
5273
6528
5274
6977
4852
124
4870
6874
1505
5125
1504
5113
5112
4882
5276
5275
5272
5270
130
2603
2604
774
3400
2605
5311
5574
1564
1563
1562
4666
131
5526
5010
4959
1566
5572
1565
5267
2607
5266
4957
4465
1569
255
1506
1115
4324
2084
2080
565
2085
2079
2081
6170
2086
6169
2082
2083
1116
4322
6172
6171
1117
3173
4956
3174
1758
1757
1756
5573
4954
1755
1751
1227
5571
859
4320
5529
860
561
1120
1766
1773
1772
1769
1771
1770
1494
1767
1765
1764
1495
1496
560
559
778
558
6590
1635
1632
1242
1634
6659
6660
1241
4935
856
1113
2851
1112
2853
6706
6704
6705
4325
342
4321
4323
1114
1111
280
339
340
1239
257
341
2852
2850
1102
4936
1240
363
1447
6658
4877
891
4787
4875
4876
362
361
1121
1103
1122
4064
557
1326
281
6589
6588
6587
996
1633
1119
1118
858
857
562
563
1759
4955
564
1754
1760
1753
1752
1750
6277
1761
1763
1762
1925
1923
4376
4405
1924
4372
4373
6640
6967
6639
6627
4406
6624
6625
6626
6223
2608
5494
5493
3790
3796
3797
3792
3794
3793
4133
1826
3274
6443
3269
3272
3271
5545
3795
5546
5547
3270
3268
3273
3791
3789
6541
1746
6543
6542
6550
4997
1741
2996
3239
6563
5410
5409
1742
4999
4998
1743
6549
1744
4996
1745
1748
4995
4994
1747
6540
1749
2997
2998
135
1226
6435
4319
5444
4318
1228
867
6654
869
870
6655
1780
1778
1779
303
6284
5392
5390
5813
5811
5812
2975
2973
2976
2974
2977
5576
5579
871
872
6702
6701
4726
4727
5544
873
874
3226
2465
2978
3225
5379
5581
3835
1724
3224
1822
1727
1360
3221
3222
5394
1816
5385
4317
1820
1817
1818
1500
4861
4862
1821
3223
2466
644
3230
5380
5468
5377
5378
3229
3228
4117
3227
2467
271
3334
3333
3331
3325
3332
3330
3329
3328
3326
3322
3320
3323
1722
3321
2991
1705
648
647
134
5543
4724
4725
4723
6700
1927
4113
4112
5542
4110
4109
3264
4111
3263
4107
3262
1827
1825
6534
6158
6983
6535
6981
6533
6982
5895
5846
1518
4844
5897
5896
5001
5000
20
4842
4843
19
6532
6980
21
1517
6678
6677
6903
6904
6675
6680
4845
90
6798
4985
4986
6679
4722
4721
22
5011
5014
4746
3249
5013
4747
3250
5790
5130
3352
5982
5789
23
92
5795
2672
4992
5792
6923
5104
91
2668
4984
2671
5791
5793
89
5794
3308
6120
5819
6123
6238
43
6128
4848
4847
4838
4864
27
88
4837
4835
44
4523
46
26
25
3406
86
85
47
45
2670
4833
4839
6127
2669
6118
6129
6122
5818
4846
6807
6387
6386
6344
6345
6346
5690
4836
4834
5585
87
6121
6415
6412
6413
6793
6375
6374
6674
6676
6124
6126
6119
3411
5589
5134
5892
6125
5688
5687
5686
5685
5762
6771
6770
6772
6672
6892
6893
6828
6623
5133
5766
5765
5692
5761
5843
5697
5695
5694
4773
5691
6764
6804
6763
5891
4772
4774
5512
5696
5758
5031
5032
5028
5029
5030
6768
5842
5693
6769
6708
6621
6622
6620
6720
6618
6619
5844
5845
6707
5764
5587
5763
24
5684
4771
5683
5027
4119
201
5179
5180
200
199
198
5198
5056
5197
5057
3338
3351
3335
3336
3337
3339
3350
645
3310
3311
3315
3316
3166
3317
3319
3318
3314
3313
5586
3312
5588
5583
3340
3341
6712
5584
3324
3349
3348
646
3343
3345
3344
5021
5022
5020
3342
3346
3347
4108
3266
3265
4116
4132
4114
4115
3267
3327
1930
3233
3234
5288
1928
4349
1729
1726
5857
1704
5858
1721
4346
4750
4348
4347
4364
1728
3237
3238
3236
3235
3231
3232
1931
5123
3800
3801
3802
1725
4840
1476
6831
6830
4841
3804
3803
1477
5509
976
3798
1819
279
4869
807
5577
805
808
806
1926
671
673
975
592
283
669
670
668
590
2586
672
667
591
819
818
2590
2589
2588
4219
4218
764
1354
1352
1351
270
758
1645
1646
4343
761
4339
258
3208
763
765
3198
5396
762
766
302
301
832
833
836
835
2587
834
4865
1929
802
1350
1348
804
803
1349
1353
769
768
5386
809
1097
4921
1098
4118
771
6153
770
6154
6155
5395
5383
4914
1813
810
1501
5578
1497
1499
1814
1815
1359
3220
3219
3218
3217
5580
831
4939
4940
1812
1810
1809
1808
1807
1805
1806
1801
1802
1803
1804
1361
1498
4941
5326
5384
816
1362
1800
1510
1793
1791
1792
1785
1789
1786
1790
1328
1329
5417
1777
1776
865
866
868
5528
864
5012
862
861
863
1774
1775
1327
5393
1781
1782
1783
1784
5397
830
6033
1811
6338
6032
6339
6341
6340
1788
1787
1799
1798
1797
5575
5582
1796
3409
1795
1794
5381
1864
5382
6756
5391
4915
369
366
876
1237
4932
5388
1238
263
1723
5387
4931
1235
1234
1231
1230
4917
4916
745
5489
5490
4934
4933
1229
1232
780
779
1233
1768
875
282
742
1236
743
744
367
747
368
749
801
365
264
748
265
1515
268
1513
2985
1671
269
760
1096
4350
767
1095
6438
2498
1672
812
813
6348
811
817
815
814
6349
1512
1514
6350
1511
2497
3410
5405
5404
5407
3182
5406
1865
750
755
756
800
266
4922
753
799
267
754
757
6596
1643
4351
4352
1644
1651
1650
740
1678
3194
4863
4340
739
4338
4341
4344
1660
1655
3170
3169
4362
4363
1681
4355
4354
4353
2047
2045
2046
2048
371
1871
1870
1869
898
1687
1688
5681
5682
1853
1854
1880
1682
6434
6431
2600
1847
1875
1857
1686
5398
1685
1684
3193
1874
4802
6692
1876
1846
1845
294
4919
893
259
364
296
295
260
261
5771
4918
2043
2044
746
262
2995
4709
4712
4714
2994
4711
4713
4710
896
895
897
5770
5769
1872
1856
1855
1873
1850
5568
1851
1852
899
1858
900
5679
5678
5400
5677
1859
5389
2050
1878
1879
1877
4360
4358
4359
4361
4357
1674
5676
1689
1868
1867
4356
1866
6555
2049
6554
751
752
4923
798
372
373
741
2864
374
1652
759
1648
1676
3195
2865
1677
5698
4924
1679
3171
1680
1653
1647
901
1654
1649
4345
4342
5675
5674
1702
1662
1675
6096
1701
4337
1380
370
1099
1669
1666
1668
1665
1667
1664
6095
902
903
1661
1663
343
2462
6597
2464
2461
2463
344
5898
2458
2443
2442
6071
2449
2450
2452
2451
2453
2454
2441
1656
2460
1659
6901
5208
1670
1658
2459
1657
2457
2455
6995
345
2456
2448
2444
2447
2445
6930
2446
2440
2427
2426
2428
2436
2430
2429
5680
2435
2433
2432
2431
2434
6607
2439
2438
6242
6689
6243
6241
6687
6690
6245
2437
2425
5087
2421
2420
2419
2418
2417
2422
2416
2415
5302
2858
2857
346
2423
1691
5095
5094
5093
5092
5091
5090
5089
5088
6791
6790
6685
6244
6686
2424
6853
6609
6792
6599
6598
6600
6048
6601
5492
6695
5491
556
1849
6691
6694
1683
6693
1690
2601
2595
6721
6723
6722
6724
6433
6432
2594
2596
2597
2593
5414
5530
1842
3015
3014
5768
5135
4928
4927
4926
293
1841
1434
1882
1840
5328
5327
5412
6745
1839
1356
1355
1883
1435
1445
1446
1441
1440
1439
1443
1444
2495
2496
4942
4944
4945
4943
4946
4948
6748
4947
5060
1438
1429
1430
894
1427
1844
1431
1432
5531
1881
1843
1433
1848
6824
6760
5570
2598
5569
2602
6761
6608
2599
1428
6754
6755
6936
6650
6651
6753
6935
6652
1442
3399
2993
2992
1357
6996
1358
4788
127
6989
4925
2414
5301
5303
6499
5370
132
133
347
6498
1692
1693
3276
3275
6703
1694
6441
6440
6088
5781
5371
6086
6085
6084
6439
6297
6385
5352
5361
5358
5351
5346
5357
5359
5348
4067
5345
5362
5347
5355
5353
5360
5344
5350
2986
5305
2582
5343
5349
5354
5356
5567
1698
1697
5304
1695
1696
1699
6410
6409
5246
2581
2580
2579
5239
5238
5237
2578
2577
2576
5372
5247
5373
5243
5241
5244
2200
2206
6414
4993
2201
2202
4968
2191
5242
2192
3379
5245
2205
2193
2196
2197
2198
2199
2203
2204
2194
5835
5251
4695
4696
2195
5986
6955
5815
4672
1490
1489
1485
3382
3381
3380
1488
1487
1486
5263
5471
1131
5259
1484
5264
1492
1126
5309
5308
1860
1862
3378
5472
6501
6411
3377
5626
6337
1861
5625
3376
1508
1493
5307
5262
3172
5260
5261
250
5230
1127
5231
251
5470
5279
5278
1129
1130
252
5119
253
6873
6871
6976
6866
4871
6974
6875
4665
1105
1570
5217
775
3168
2606
5312
4958
777
776
1571
5527
6979
881
882
3179
880
877
5269
6978
1101
6187
1100
1106
1108
883
5023
1107
1109
1110
256
4462
886
884
887
885
5196
888
889
1135
1451
6442
890
5711
5712
1449
6657
6656
5136
1448
892
1450
4951
1436
1437
292
129
5756
5413
128
4949
1700
4950
5757
1134
6021
1133
6017
5146
126
6019
4463
4464
6020
6018
4873
6029
1838
1837
125
4872
5118
5117
5116
1426
878
879
1132
254
5126
6975
6868
6867
6870
6872
6869
6865
4874
5257
5258
1396
1397
1128
5256
5254
5253
5255
5329
5268
1503
1502
3375
5627
3374
3373
5281
5282
5265
5285
5286
5287
5280
5283
1507
5284
6591
1491
248
1138
1136
1137
2629
4054
6156
5207
1047
6252
6834
4744
6833
1225
6832
567
6510
286
6509
4518
1140
1143
2627
6165
6164
285
1145
1144
1142
4517
821
820
822
4952
4953
772
997
998
736
107
823
1045
5478
5477
1046
4259
6360
6511
6512
6166
1139
5985
1141
4745
2847
5115
5114
3
3066
5025
284
5122
2628
1146
1147
1149
1150
1151
1152
1148
4635
6202
6814
4527
6990
4531
4526
4529
4528
4524
4530
4525
6813
5331
6815
6816
6811
6817
6810
5964
5965
6809
0
