0
4465
9162
7314
5638
8451
5650
4244
5295
11502
5283
10903
5281
2405
10599
10763
5414
10761
2429
10760
5278
2626
9701
11915
9699
11743
11409
11714
4970
5375
4649
7224
4666
11717
4499
7552
4656
7470
4650
7453
4670
9202
5648
9211
4769
12938
9697
2436
4806
6449
2895
6281
11349
6446
4659
11851
4671
6860
2841
5643
7895
506
4763
6279
4602
11891
4663
5378
4646
7465
4647
11867
11629
5107
4603
10632
7084
11635
4604
7451
4658
9644
7082
10127
4500
2185
12472
8475
4677
12361
5300
2939
5273
4308
12132
10602
11898
5393
11844
2053
10974
3520
7569
7570
7571
3525
382
11730
3830
11701
5396
9722
11982
10978
3832
11836
5394
5373
12264
11887
7929
11913
5395
11700
6445
12941
6597
5114
7927
12940
4971
11735
2045
12135
11410
11719
7572
11896
4768
6917
5301
2542
4765
7012
6507
6929
7063
6895
4776
5584
5621
2595
4664
12131
3156
8473
4611
6061
2827
5425
4673
4441
4679
8471
6965
8480
4683
11421
12241
8345
6969
6280
11348
12910
4608
6451
4503
8482
4684
11832
4682
6960
11803
11858
4662
6959
2834
6961
9148
11882
11802
2186
9146
11892
9149
6417
2788
8481
2824
6418
9144
11828
9147
9808
4674
10977
4681
11205
9145
10968
12165
11854
3545
6071
3906
10969
3445
6066
7271
1152
12164
1675
3447
12238
7267
788
5824
11883
5826
11731
11018
11739
7889
4466
7888
10132
3470
6097
7892
5109
7756
11857
5823
10976
3469
11845
3471
1928
7259
1155
3464
9578
3489
11906
7257
11902
7256
2467
7258
5605
8139
3182
3467
6074
3466
11343
3468
2519
3501
3170
3502
2157
3506
2503
11019
2502
8137
11895
5825
2488
3532
2372
3505
3173
3504
4994
3503
782
3500
12928
3531
3165
7262
12929
7263
1163
3472
10622
3533
6893
7266
4992
3459
9980
3458
5206
3460
11912
7272
12428
3446
11860
3514
7464
7177
2707
5784
11903
8055
7551
3538
12942
3517
12824
7178
2495
3487
12687
3537
3570
3488
11237
3516
11720
3534
12946
3513
7463
7714
11341
3508
12931
3507
2516
3845
1827
7121
7469
3474
2584
7681
2395
7269
3181
3512
6070
12166
5379
7798
11909
3905
11868
7270
11889
3473
586
7264
7467
7768
6075
3912
11876
3515
9724
11456
5697
2983
6932
5401
508
12489
9197
11606
9204
9596
2446
5569
11685
2152
12157
4529
4501
12937
4601
11724
4969
11718
4968
5383
3530
5384
10048
11721
10049
11206
12203
11861
12204
5112
3524
4995
6554
11842
6555
11849
3522
12935
4648
11871
3529
11894
4644
5172
6556
2417
3523
5105
3542
12042
5619
2419
4657
6421
4672
2421
4502
11899
3526
10979
3521
11207
4665
2418
4600
9800
5609
10992
4654
11728
7568
11869
3541
5190
4606
9207
3151
12818
5132
9199
11472
5696
4840
10645
4581
11000
1927
9208
6484
12133
12898
9213
13019
6373
388
12510
7055
2485
6967
2490
3528
9212
4862
10643
12616
9967
6858
12989
5348
6800
5006
5788
11699
5790
10461
3823
6926
3825
12360
5787
11865
3828
11853
5786
11878
3304
7462
3827
7446
3826
11838
6596
11922
5652
12481
4642
11454
3852
12333
8477
12858
4241
4816
4640
5352
5084
4511
2187
2879
9695
9733
4535
387
2195
6834
12919
4513
12047
12060
2188
2943
12514
12868
12515
2907
3837
4516
4284
11463
789
7911
2432
5949
7772
386
2182
4826
10828
5694
5947
5090
5167
11480
6087
5091
12226
5088
12688
5100
12949
12014
10930
5280
2571
2876
5322
4631
6930
2600
11344
5598
11345
7910
1568
9742
11372
6505
1
1570
1095
10670
2976
6510
3496
2056
1998
6712
6679
6703
4868
5775
4860
1951
4617
7808
4928
1824
3203
2144
4780
11698
4775
11716
4804
3824
5372
6629
9639
3822
4991
3821
9720
5782
5382
4811
10944
4789
11741
4785
9651
5781
7449
5789
6904
4799
1674
6576
2142
3205
1822
3202
12150
4614
6622
2885
7806
4615
8350
4915
10131
4878
5571
8068
3569
5102
7221
5342
12037
12156
12513
6552
5149
2878
5927
2880
5082
7458
2163
3154
5606
4718
5285
3399
12075
8136
11133
3428
2435
7119
7471
3427
5600
3485
11740
3486
8383
9630
9723
2597
11831
2609
10623
3431
584
3482
5680
3426
10634
3398
11884
8138
12457
3435
11872
9631
7447
7118
5290
3187
5627
1926
12083
5427
5345
5644
2913
5294
12872
5639
4837
10086
2944
4273
2946
2607
2859
499
2198
11239
13016
7240
4844
6378
5693
12070
12574
12071
12052
8347
4847
10741
7917
6704
1999
6698
4848
6694
7916
11755
12143
11753
4850
6705
12334
4153
5649
4246
12607
3850
11603
7899
6118
3434
5374
7122
7473
3433
1779
3437
10616
3432
2517
7123
8551
7891
7468
12297
6078
7900
5380
7260
11859
7083
8695
10773
12094
4676
12049
4607
10993
4574
9210
5407
12134
2932
12816
9594
2189
12857
511
7045
11002
5408
2159
10617
12451
4450
7179
2388
5610
12448
4519
5007
13010
11597
12039
2378
2795
6092
6010
6621
2937
4715
2794
11366
2933
11328
6504
10742
5674
11761
2934
11162
3123
7788
6009
6758
4627
6707
2817
6700
4633
11373
2936
6756
1989
6693
1991
1922
4832
6491
2796
4636
3155
8354
2814
12450
9709
6566
2486
2438
2382
5128
2506
12862
2164
5265
2161
4520
7792
2162
4492
2368
3152
10999
11911
10995
2439
2190
12427
10994
11885
10568
759
6443
2870
2191
5262
2192
3134
10567
4831
8394
5679
9198
7835
10935
12901
9201
4730
9200
2861
10735
4984
11460
12936
2475
11738
7829
9711
2505
5127
10129
2881
11339
2882
11459
5595
2515
2987
12453
10083
11746
5665
11403
12038
9977
6015
9978
2789
9445
2829
12217
5083
4315
10942
5689
583
4867
9972
9734
10945
11607
9998
4727
6770
4857
2507
4477
2367
10627
5226
2910
2155
2443
4431
10626
4429
2908
2374
3141
2384
3132
2380
2833
12222
12040
12220
12866
12223
12863
12218
2835
12219
6013
12221
2437
10952
7918
2371
11702
2168
5675
2150
5116
10107
4539
12452
12878
2360
4856
11385
11309
2365
5080
12449
2847
2497
12880
10769
4843
6962
9449
2054
4724
10672
4726
9740
12054
2077
8830
10671
2197
2978
2860
8356
4845
2387
4470
2498
12837
9609
12896
2496
11467
2481
5673
8346
5043
2482
4818
11384
12045
9788
2837
12823
4827
2420
2922
2137
12036
12446
12604
799
5129
4426
3148
4430
5676
12224
6561
4427
6934
4428
12046
786
9150
3559
2968
1677
2552
5115
5233
2828
12926
3144
2376
2840
5682
2819
5227
10638
1146
7072
12918
10780
10193
5020
5325
4930
5326
12606
4733
4628
7811
5044
11247
5941
5630
6912
5634
2923
5592
2442
11592
12099
12821
10159
4510
2462
12843
5011
11404
6966
5946
5008
2370
12907
8077
2842
7021
2804
810
5252
1864
5406
12746
5250
12744
5541
6267
2962
805
4729
5247
7225
2149
804
2183
1385
3153
800
3149
1769
5134
803
4463
2891
9646
2445
1144
10611
796
2953
1136
7834
12125
5135
3163
2175
12077
5140
1138
756
11315
12844
787
4838
5050
2871
11183
4585
1727
5666
7215
7915
7218
775
12363
6402
5527
12879
12459
10624
4461
7926
5531
2530
5119
1866
5632
12741
9593
12743
9603
5928
5087
781
4591
2938
8188
6400
5640
753
5410
2855
9612
1828
5623
6399
5310
8189
2605
758
10776
2952
5625
6049
11474
7243
4720
6077
2940
3177
3131
5578
11535
4592
7637
3139
5601
11468
11673
5081
11672
5153
12093
2926
12582
5572
2791
6069
12480
6695
4922
6377
1993
2052
3206
1153
12958
2916
5229
6016
4493
2822
4433
7697
2375
2836
4432
5199
5234
6012
12982
7076
1162
12889
1157
2875
12735
5079
12733
11611
12586
4593
1156
11400
1164
4491
2402
3140
12739
2960
5184
3190
5224
2826
2151
2899
4495
11708
5231
10629
4494
11707
5232
11704
7849
10628
6500
5677
6499
3143
5271
2790
2520
5269
12822
2430
3558
12997
1676
2921
2180
2890
2453
1160
6875
6130
5085
2531
2174
12525
12877
3564
2560
3563
2906
794
2919
1952
11301
7803
2918
6068
7144
3179
2867
6076
11551
1151
4453
8076
5074
11534
12895
8079
7887
9791
12884
10948
4864
7832
4983
7023
12894
12092
2456
7018
11709
806
12163
1863
2892
7017
4487
6907
11874
2411
11877
6908
10160
11303
5328
5124
5147
12908
5217
3147
5538
3150
5537
2441
3342
773
5533
2501
2461
2484
3125
5778
776
6710
3129
2416
11020
12455
5218
5562
5154
12960
6050
3020
12456
10781
2391
11914
2366
11856
4282
5312
505
5588
5942
5235
2474
2172
3341
5086
4736
3136
12815
6052
5566
5944
5534
12828
5151
12827
5540
4283
11897
6886
3195
6563
11637
10130
12943
10667
3145
9606
7042
5560
11185
4632
3544
4833
11575
1818
3216
6033
4714
6031
1946
8275
3204
5208
1933
585
12596
10134
5156
5209
5558
12953
5216
2470
5544
4289
2173
4290
5545
4242
11678
795
5546
4031
11900
11340
11893
1154
5223
11338
3018
1135
5256
11497
5198
1139
2849
8056
5317
802
5255
7016
12633
8113
5299
780
497
12742
5413
12103
5416
1865
5251
7020
5526
12729
2170
10943
11679
7828
5220
7244
1930
7019
4734
4245
2447
11184
11713
10137
11434
1137
5549
10135
10630
11342
2898
2167
5214
12239
5222
8032
11910
10961
4313
6059
3130
6060
5529
6057
10940
6062
10618
6450
5381
6058
5213
7837
5197
10957
11669
6063
11846
7541
2832
2165
2793
5604
4508
8033
11834
4152
11905
11921
11908
9970
2802
7970
5575
4243
5543
8050
4921
6759
4612
5270
4919
7875
12126
1924
2685
2980
4917
6091
4902
11616
4911
1950
4908
1564
4613
11649
4909
12185
10564
1814
1994
6714
1575
1815
6518
7876
4906
6757
4907
11760
11636
1910
1995
6709
1576
1921
6515
6490
1944
2091
8831
9625
4621
5777
771
6702
4934
7706
5193
8075
2558
10947
1931
1386
11648
1387
5249
7831
2457
8112
5245
8078
11677
1770
5319
811
5253
12745
5318
12740
11605
2529
5244
9911
5523
7022
5142
7241
9592
12072
4451
7239
7051
587
11446
12732
2557
7315
5241
1143
2886
7801
2963
7216
12893
1145
10606
7217
5405
3209
12491
11477
11036
9739
12859
1142
4567
7214
6401
10668
11470
10946
3019
9738
5565
2478
5236
2476
11873
2394
12948
4030
2823
2669
5221
11496
2563
12624
5522
1384
5246
5929
9595
808
5254
11128
12536
807
5520
809
5243
6268
5521
801
5258
1768
5207
10312
5248
779
5657
12104
5307
9971
12096
3162
9604
5033
4285
5542
10929
5530
12952
1932
10934
5539
2396
2458
4281
2434
10931
5590
10937
5320
10928
11706
4456
2404
9976
7035
4597
2900
5201
11638
12447
5667
2139
766
589
12871
11166
5036
9400
4938
12148
763
3835
768
10185
2783
11134
10113
10080
12603
7015
11633
10772
2851
5641
10612
11312
2559
9615
10607
5642
755
5399
7049
11313
2961
5626
7052
11314
7048
5308
7043
9614
7050
5412
12842
10771
7046
5398
389
5242
2854
5400
4853
5411
2848
7774
7034
10744
1571
10743
12485
12118
777
2427
4797
12922
7456
5146
3137
5159
2884
2423
10719
4808
5117
5581
13013
6906
2831
2590
4540
8317
2839
8702
5191
8699
5183
9968
5192
9969
5329
10114
2148
5003
5574
4599
5573
12605
3330
4598
5576
2504
11448
503
2985
9963
4481
2511
2994
8696
5327
6562
11449
8321
5054
2408
5189
2513
7799
2512
2904
2514
5018
8698
5185
7830
4454
9640
4542
12990
9610
10138
7044
12085
10723
6415
10758
3178
10583
6406
7181
9579
10768
12968
4798
5228
7180
6897
2614
11610
4792
5171
5334
11855
7066
10184
4582
4986
11037
5130
2412
5305
6910
10774
2410
10770
6413
7078
4452
10591
2599
6968
11734
7061
6084
10754
8697
4661
5162
4688
4460
10675
11907
11001
11829
7059
9901
4687
11422
2624
2522
10732
8382
10728
5182
2615
4566
7182
11881
4766
11715
4777
7454
4787
4538
10779
12041
7068
11631
10731
2181
8064
10950
5335
2494
4517
10445
13004
2153
11451
10109
10586
7041
4316
10640
10590
5925
2941
8393
2920
7805
6011
2071
2806
7807
2786
8349
2785
6419
8066
6083
4817
1780
2869
5076
11504
5073
13005
2428
6048
6416
5017
3849
5010
2363
12912
2409
4583
6804
10597
4458
10119
4534
4790
3335
2816
4635
4634
2593
5612
2413
7833
6086
2702
2414
2957
8470
10603
12048
5353
5926
7074
2510
2905
2539
3157
2538
760
2526
11431
4440
5057
8338
5668
7327
11503
6805
4572
6923
5004
6922
11663
2544
2567
10783
13024
2525
5267
2523
12057
6920
5685
10821
12002
2541
10941
12950
11302
793
12016
2171
5365
3167
5661
1165
4571
12864
4541
2521
11447
8703
5174
8701
3146
5161
2591
5013
8318
3338
7403
5536
12331
5624
2942
5409
2947
1778
5583
8384
5137
4641
2459
5620
10998
5622
10997
9450
7222
11458
7223
9710
5653
5155
8186
3133
10462
2986
12987
4476
7219
10115
1147
5053
11825
4439
11473
2594
5022
5935
11441
7324
4595
7249
5160
4863
5180
5359
5150
7081
5943
4696
10192
5669
12730
2873
2466
11248
2464
10767
5168
10717
2487
4689
12074
10718
8687
4691
1149
5266
1934
11466
11495
2566
2477
6404
2369
2967
11726
11453
3006
5684
6611
2872
2570
4620
5587
11818
1935
11816
12934
10594
7038
9151
4496
10582
5148
5355
2184
11824
8335
12018
8479
11815
9605
10585
5377
11826
5577
761
6067
4731
2147
10584
2705
11819
5924
4514
5110
10587
7445
2564
2426
12188
4434
11432
6551
5092
12044
13000
8029
4829
10954
6096
11901
2463
12738
10112
11852
13003
6085
4830
11435
4828
3345
5948
4444
5937
5931
5141
12043
11457
7444
5103
11727
4805
11723
9700
11725
4800
11722
9696
10820
5019
2389
11429
11843
4512
8474
4314
10635
7248
5014
6439
2858
5417
10613
9656
3194
5597
5346
6801
10600
792
390
12909
4317
5548
12904
12911
5695
2949
12924
772
5561
4310
5585
5268
2528
11508
2509
4796
3016
5332
9966
4788
5163
4782
11880
4770
5166
4823
5528
5347
11335
4626
2146
5611
2145
10755
5188
7058
11445
12902
11259
2425
10621
4435
2452
4442
10620
5164
5012
2547
5330
3007
10746
3014
4812
5580
10748
6892
7062
2424
7065
12458
4813
2627
2569
10724
2550
2613
6508
2623
6927
10726
2379
10764
7323
5015
10975
11809
6565
4545
6806
12262
9205
5607
2160
11814
12734
5658
1161
10759
5108
10674
2540
10637
11870
10729
5186
2617
10939
2625
11847
10751
2537
7070
10738
10636
7448
4793
5524
6833
10641
6047
9209
2820
8476
10722
12577
4801
5385
4781
9641
11452
7013
12059
2543
11483
10833
3186
3337
2856
7971
7037
6899
11640
2548
4596
11613
11401
5691
4482
2945
5078
2956
5077
2852
7851
6397
9975
12488
10311
11806
5215
5344
2589
4794
12731
12887
2545
4311
12091
5195
8700
2866
2508
4988
12594
7328
13015
3343
2893
5323
4872
2059
11665
3180
11808
8333
1929
12689
13026
10739
5938
5324
5095
12988
11810
5196
4825
8334
5096
7472
7071
12445
11511
3568
4625
6088
12888
11923
4927
4447
4999
11848
9712
2489
11442
4449
9707
12933
5021
2373
4573
9577
8187
3164
498
12983
5002
7452
12915
4437
10631
3566
5664
3565
12914
9799
5651
1159
11430
11599
10082
3172
4935
2586
3198
6394
4312
5055
3197
2393
12013
5175
2911
6442
5363
10133
10762
785
5660
3168
10747
778
10592
7553
10085
3189
10588
2468
12019
10827
5662
2807
5659
10949
2925
12454
11501
2135
13014
3901
2810
2062
6506
2089
12486
6900
2792
11651
12482
1566
1912
6516
2060
2809
1565
769
4527
4624
3833
4859
4536
12664
6803
4866
797
4849
5169
12890
9607
764
4459
12029
2606
4851
7800
4852
6564
12886
4533
12892
4537
12885
9735
4725
9736
4865
12954
6398
2472
12055
2469
2874
2471
3212
12955
11531
12956
3126
2553
11509
9997
10111
2549
10161
6409
12058
10777
7053
9600
7054
5402
4846
11462
4584
3127
11604
6405
502
2561
11650
3211
1945
12051
11329
2798
7810
3124
5776
12483
11165
2863
7868
2801
4543
7329
12187
5934
754
5936
5138
7325
5631
7047
6924
4457
783
10711
3169
2449
12069
3183
2140
3185
6901
2924
2407
5000
3171
5663
784
5001
6414
10156
2158
5364
2176
12891
9626
765
8348
2602
10951
10730
2551
5340
5075
7060
11737
7064
11864
7057
5194
5339
10128
12906
8466
2903
12233
5350
12947
10991
4446
5362
3332
5349
8336
10601
12032
7079
12930
5683
5113
2565
11841
12438
9598
7080
7040
5419
12986
10610
6807
4579
9783
5336
10140
7069
11850
6553
12201
385
12511
4320
3334
7457
3336
2830
1141
10765
12932
7766
5589
2612
5376
5337
7466
5351
4286
12015
10566
2959
2392
11827
12035
5360
7039
11813
5321
13008
798
13009
5591
10596
12034
12102
6371
5031
2095
11664
9974
4610
2092
4901
2138
2988
1140
5136
12853
4861
6690
3218
6717
5049
5930
5039
5772
5046
6614
4893
10740
5048
6701
4879
7869
4891
6706
10562
5553
11666
6090
4892
1569
5040
12196
11667
6716
5041
1990
5047
6816
4941
9399
6578
6623
4944
1820
4945
8353
12540
8355
12541
5773
6625
3903
3220
11924
5045
6687
1948
6760
5038
6489
3495
49
4637
12551
4638
6615
4883
1914
11668
6686
4894
1911
2686
7874
6517
6488
1997
6711
11789
6713
1996
6689
1992
6029
3208
1819
6836
8351
3217
5554
4880
8357
4881
7873
5366
2078
6835
11017
4882
6708
5032
1817
5042
11762
4914
11745
11765
6034
5034
11758
7716
5774
2604
6699
2598
11763
3201
6697
3199
13028
593
6715
11576
4569
5037
11016
4898
1909
3191
12690
3192
2055
5035
2090
3221
6080
2808
5072
12113
2143
2951
3836
2196
5596
2901
9809
8832
6495
2928
4464
11822
11833
11465
2518
7836
2179
11500
2385
12916
11598
11499
5261
4871
12155
12869
7809
2850
2101
2865
6620
12882
11374
2562
1821
2864
6624
12836
1567
12883
10988
12867
12195
2862
11518
7909
510
6403
4445
13007
4993
10589
10938
10713
2479
12490
2473
2950
7802
10850
5259
2838
8478
12017
5593
5361
2454
11823
3838
7903
6691
2958
6420
2800
6372
2912
5582
5333
4497
5358
5106
5331
10936
12020
6497
11821
2460
11817
5923
4515
7455
10110
4436
5940
8030
10625
2706
4587
3561
5656
3562
8067
12578
4544
6412
2618
11863
9867
5219
5338
10953
10598
4528
5016
2546
2964
8320
12595
3851
5005
8065
12913
6411
11464
2583
2993
6408
2448
10782
9713
6921
5125
7010
3193
2094
1949
2050
4895
2058
1947
2057
11662
7537
10721
12426
10749
6496
10766
9737
4623
6032
4869
5525
11812
5311
10595
11426
7773
11532
7011
5688
6410
2954
12149
5690
6915
12917
5284
6905
5240
6911
5309
6909
5302
6913
5289
12957
5279
3188
5313
5126
5158
4723
10775
6918
5274
12865
5426
2592
5292
7459
5314
7906
6919
4819
6925
5291
12870
5637
4722
5286
7460
5421
12593
5647
12875
10428
2555
5424
12031
5293
6933
5586
4576
5579
5275
5933
5277
8319
7896
5564
7075
6407
4694
5629
2616
6808
10750
11114
4699
9642
10756
5633
2622
5628
4618
5315
10727
3567
10753
9650
7067
11311
2444
4803
3160
10734
12876
1823
2883
6688
12332
11164
7538
10644
2619
10956
6014
2480
12484
2499
12098
9789
4518
7292
5686
11602
770
5418
757
5420
12479
2483
7908
10955
4918
6696
4916
11617
4920
2500
5051
7913
4594
11300
9602
2787
10106
5672
4690
5170
4697
1781
4685
11742
4786
11866
4810
4997
10605
11732
4779
11736
4791
10081
2629
6028
4795
5187
4764
6072
2821
9654
4717
12026
6073
2825
9617
2422
9613
5118
9599
5122
11310
12903
2194
8928
6444
3184
5599
12899
509
12998
3346
11682
11830
13001
4996
4814
11733
2989
4448
4815
3005
11681
4443
5950
12225
2966
6079
11684
11427
11747
4471
5692
3021
4306
11450
10834
4438
5058
2364
2984
5173
12592
12944
4609
12076
5145
5052
11683
4532
5089
5165
11455
3333
4575
7321
2601
7804
6577
10391
12845
12737
4855
1816
4854
10182
12873
2136
12874
10183
7914
500
2556
2075
4728
501
12053
12967
11612
6030
5687
12736
12030
5932
12573
7320
5094
4531
5093
8031
13025
791
13027
12127
4577
12068
11478
12461
4307
2141
7606
12512
12575
12686
5097
5945
4821
5568
12999
9996
5139
2527
4824
6493
2965
5260
5099
4530
5101
6494
10162
6089
5098
11875
5357
9790
13006
3174
5655
3560
5056
6916
2451
10904
12754
10619
4619
11365
4926
4590
7907
7850
2868
9979
4858
5570
3159
9203
11479
5123
3897
3196
6898
11444
4643
12881
4639
2784
7220
9608
12854
5415
2782
1150
2927
1148
2917
2100
11661
5557
2797
11652
3128
3902
2805
590
383
9973
4588
4987
4807
9270
11879
10778
5111
4692
6896
11811
5200
4698
11238
10593
6802
2812
7972
5608
10136
384
2386
12617
10139
4900
6754
4870
2061
7904
6692
10563
2072
11639
11759
4836
10714
4622
5594
10757
5681
4771
3339
4783
2381
4700
2415
4686
3331
1925
9655
4695
11336
4693
7450
2621
2403
10720
2524
10716
6065
2887
9401
4630
1134
5143
6081
2915
5567
9616
2582
12631
2588
12082
11600
5403
6914
4802
9652
12027
3138
12025
12056
6958
2955
5144
2948
12084
7905
4809
12905
9648
5104
2178
11482
7056
12814
11820
2431
7032
6894
3013
9649
5181
5785
6902
5783
11886
6630
9645
12860
6903
2894
9556
4784
9787
3012
12959
5178
2811
7014
4580
2587
5306
2581
9708
8358
2450
790
2853
12920
2888
6448
12897
6447
12900
2596
5152
2585
4455
9647
4589
9555
3015
5356
4732
5354
10733
4629
5779
767
2076
2877
3834
12028
8352
6483
6685
3219
8472
4318
9611
588
13002
7326
4578
12921
4820
8337
5939
7322
4822
12460
9601
3142
12357
12330
2166
3135
12359
2897
12358
2857
12923
4990
9638
5177
5205
2902
2406
3527
12568
9643
5654
2383
2455
9653
12861
2177
2440
2708
10615
1726
9490
10190
2799
12476
12033
4309
12090
4985
3017
4288
4735
7077
3344
4509
3340
2815
5547
2935
5404
7919
5304
10608
9597
2803
5563
2813
5532
5133
504
4616
10673
4885
5211
9905
12567
2400
3011
10932
3213
2401
11680
2399
5157
2398
2914
2397
4989
5288
2818
5287
2465
10715
507
4680
4716
4505
5645
4668
11888
4504
9721
5276
12362
5272
4932
2193
3207
10642
10614
12817
3200
6859
2554
10996
752
9206
4774
12939
4652
12945
4507
11862
4655
11904
4669
11744
4653
11835
4506
11840
4651
6370
4498
5423
4660
12709
762
5282
4586
9618
5343
12951
5341
5635
4767
12516
10609
10117
4839
5422
4645
11839
4667
6082
10604
1158
10084
3166
2620
5176
2628
10927
7073
10191
10725
11494
10752
2433
4675
4472
4678
6928
6550
6931
11807
5225
2896
5210
12927
5212
6498
3010
2909
5204
4488
12961
4490
12964
4489
12962
3158
12965
11703
12963
4721
2169
4719
2156
10633
2154
4485
5202
774
5230
11705
6064
5636
11182
4778
11386
9698
5603
11533
5602
11498
5646
2377
11630
3008
5131
5203
4319
3009
10108
5009
6612
4486
9965
9591
4287
5257
4280
5316
10933
5559
10745
11729
7265
9964
7268
5535
10019
11837
3511
2390
10020
4998
12544
5179
3904
8817
10018
5678
11234
11890
3509
5821
5822
3510
3535
3536
12167
2608
12168
7928
13023
13022
13021
13020
12169
7125
7124
7120
9924
7126
3829
9923
3539
9984
3547
3519
3518
3548
3546
3540
11408
2044
5853
12584
12583
5855
5847
5857
5846
5856
5852
6453
6452
5848
5859
5858
5854
5845
11407
6455
6457
6459
6454
5849
5850
6458
6456
5851
4157
6461
6462
4158
6467
6468
6476
6466
6475
6474
6469
6471
6472
12813
12811
12812
6465
9930
6464
6463
6473
3927
6470
3926
5832
6460
9909
5831
9910
3925
12432
12433
12429
12430
12431
4547
4546
12173
3451
12542
3449
3450
3448
9161
3454
3455
3457
3494
3456
3461
9159
3453
3452
9160
9158
3462
7715
5830
3463
5829
5828
5827
3444
4548
7890
10038
10039
10034
10035
3465
10037
10036
4549
7261
4550
10041
10040
10042
10043
9164
9163
10044
10045
12487
3443
4557
3442
3440
3439
11505
3441
4551
7254
4558
4552
4553
7253
4559
4554
3419
3481
7255
4560
3420
3421
11506
11507
3438
3422
7165
3423
3436
3424
3425
7158
7164
3400
7157
3403
3404
4561
6641
6644
6642
7148
3390
7159
7149
3401
3397
3396
3394
7163
7152
7153
7154
7155
3393
3392
7151
7156
6594
9632
6595
6627
6628
7812
6593
2610
12829
8140
8054
5780
3395
3484
9637
3483
3429
3430
7117
7116
7162
3402
7150
7161
7145
3391
7146
7160
7147
7168
7169
7170
7166
7433
6626
5389
5390
6592
5391
5794
6590
5811
5802
5801
6589
5816
5808
5807
5392
12835
12834
12193
6584
2047
381
12194
4154
4155
6617
6618
6613
4156
6619
6616
6582
6581
6583
6580
12533
6579
2603
2046
3907
3908
9636
3820
11934
11930
11928
11929
11932
11937
11933
11927
11931
3909
11935
11936
3910
6586
5793
5792
5815
5791
6585
6598
5817
5809
5814
5795
5813
5812
5810
5805
5806
7089
6587
6789
6588
5796
5797
5803
5798
7127
1482
5800
6591
5804
3846
7167
10158
3377
3378
3382
3476
3381
3380
6631
3389
3477
3478
7108
3379
6632
3376
3373
3372
1478
3493
1475
1473
1474
6633
3370
7172
3371
7171
3369
6635
3368
6634
6639
7175
7173
7174
11710
3386
3387
6637
3388
6645
6643
6638
6646
9634
9633
3405
3406
3480
3409
7251
7250
3417
3418
7894
7252
7893
4564
4555
4556
10409
3416
7111
3410
7109
11481
3414
3413
4562
7110
7115
3412
7112
7113
7114
11484
3411
11696
11687
11686
11688
11689
11697
3415
4563
4565
3479
6647
3407
3408
12000
9635
6640
6636
7176
10118
3383
3384
3492
7104
3385
3375
3374
10157
10120
1477
1476
1479
7091
5799
7090
7092
7093
7128
1481
1469
1470
3349
3351
7086
3350
7102
3352
7095
3353
3356
10307
3358
3359
3360
3475
3357
7105
3361
7103
3362
7085
3365
3366
7106
7107
3367
3364
3363
1472
1480
7087
1471
7088
7096
3354
3355
7099
7097
7098
3348
3347
7094
9448
3818
3893
2049
9366
2051
2048
7789
3892
7100
7101
6098
3819
6812
6811
9389
11126
11969
6761
11973
6762
11971
11970
6764
6765
2088
6763
9623
11972
2087
6755
2086
6766
2085
9624
6753
2084
11944
11966
11942
11963
11954
11964
11952
11948
11951
11946
2096
11949
11961
11962
11953
11950
11943
11955
11939
11940
11938
11941
11965
11945
11967
11947
2097
11958
11968
6815
11956
11957
11959
2098
11960
6830
6831
2083
2093
2082
2081
6798
5818
6797
6799
5819
2063
6792
11757
6793
2080
2079
6813
2099
11692
11691
11694
11978
11977
11979
11693
11695
11690
6814
11974
11976
11975
6794
5820
6795
6796
6791
12202
2981
380
379
12124
1913
5556
5552
5551
5555
5550
6509
1917
1920
1919
1918
2979
2064
1916
1915
11578
11579
50
1923
11485
194
1908
11486
11581
12552
12186
10958
10959
1813
1563
1561
1562
12184
10960
2070
2073
2074
1551
1546
1547
1545
1937
672
19
10819
18
671
10363
10818
10817
1027
1529
6121
10816
1531
1532
1534
6105
9138
1533
1028
1029
10362
674
673
7842
7841
10359
2977
10361
675
669
670
1698
6385
1553
751
1549
1550
1548
1552
6393
1554
750
1559
6809
1560
6386
6389
6390
6387
6388
6396
6392
6391
10669
10710
7853
7852
10709
7576
7684
2974
11574
3499
2975
6284
12111
12112
2973
1524
1523
1525
10068
10069
677
1526
8638
12097
676
678
6395
10071
1528
10356
10355
10354
6019
1527
6265
10360
10358
10357
10070
1522
6357
6358
1521
7912
1976
1520
6288
1517
6289
1519
17
12110
1518
1030
6287
1031
1034
1710
1033
594
1691
6017
1543
1032
6116
1083
1082
6018
1690
1541
1542
10467
1502
6103
1503
1505
1504
1091
1090
1499
1498
1936
1940
478
4978
6126
6127
6128
1943
6129
1941
1942
1938
1508
12117
1939
595
1493
1494
1507
8537
1495
8536
12543
8534
14
6104
8535
1497
1496
1501
1500
16
15
12109
1092
1506
476
477
6102
6101
6100
6099
1089
1087
1086
1084
1085
1515
1514
1513
1512
10815
1530
1539
1540
10814
1516
10813
1535
6132
1536
1538
6131
7441
1537
10812
47
1511
10811
1544
1088
1509
1510
6123
8445
6124
6122
6125
4977
48
7935
7944
6093
7934
10810
9551
46
1697
6827
3001
3002
4979
9552
6826
11436
2998
2997
6820
2065
6822
2029
6823
6824
8552
6821
11129
8566
8601
2995
3000
4212
2066
1829
6888
4211
1728
1873
7555
6846
6845
6847
6862
6848
12442
6864
6866
6867
6863
6865
9546
939
6891
6889
6890
1111
929
1112
9544
1110
1702
1129
938
9572
9573
9574
1413
9908
9902
9903
1113
347
1125
1109
12810
1108
7247
7230
1107
937
9553
1725
1123
1723
9622
9575
1122
1116
12619
1131
936
3301
11203
8959
1124
9580
345
9582
343
9589
1133
344
914
744
68
12571
746
1132
12237
342
12807
12802
12805
12803
10353
12105
12801
12806
12804
12800
12799
474
6861
745
66
1491
911
934
912
7461
71
12572
913
935
11626
1117
9586
72
1036
6938
2683
6937
3214
10073
1038
73
337
9919
5431
9786
3210
7312
9747
7313
6940
9694
1487
1490
7438
6942
6941
9693
6939
9746
10078
10072
1039
9476
6817
6818
7709
1629
7226
7228
12313
9714
1631
1604
1724
1630
12554
3491
3490
12255
1809
2748
7708
10495
718
2742
1810
1900
9538
9539
2687
3121
335
9784
6843
6844
9692
9749
9748
336
9785
2744
3120
3119
334
1901
8425
214
210
211
212
213
332
6727
3122
6728
644
1414
10501
1975
1974
659
660
3549
1961
645
10499
10500
10502
661
9485
325
7734
7691
326
327
6730
6731
664
7690
665
666
667
7687
7688
7689
1803
328
1771
1767
1773
1772
649
654
655
329
662
6282
8738
648
9484
209
9483
207
7442
208
240
1633
9562
7642
1634
10301
245
7641
246
241
242
243
6000
873
1327
5999
874
10296
886
6001
10294
9759
10298
875
1748
876
6002
1332
1267
896
5961
1902
1322
9758
10295
9760
6768
1323
1324
5962
10067
9757
1757
11305
11304
1637
11170
1758
10066
8539
1638
1792
10046
1759
10065
10064
6740
6739
6738
5503
1639
6744
6743
6745
6742
11352
6741
11362
8538
5963
10063
1760
1797
10047
6752
1640
5915
5914
11356
11355
6746
6748
6749
6751
5913
6750
11354
11353
10017
7737
1326
1325
7736
6747
10016
1642
1643
7735
1641
7698
11169
2104
7700
7699
1644
5960
4033
4032
1762
1761
1645
1763
1764
6769
1796
1795
1788
1793
1794
1903
1787
1789
6839
1791
6838
12622
1756
1765
2749
1609
1766
12621
1790
1755
9486
1754
1784
1280
2112
2110
2111
7695
1785
1786
6837
9981
2131
1753
1862
2684
10804
1176
10806
1177
9542
10805
1273
1271
1272
9543
10803
10802
1270
10432
10433
10434
1170
2010
10299
5502
10297
10300
10303
5922
1955
5921
2012
2009
897
2011
899
9761
6003
1331
1636
1330
885
878
881
882
1305
653
652
1802
1736
10450
1608
1607
1750
663
888
887
5501
9912
1973
7686
1700
4036
4034
4035
2778
2779
12474
1688
1687
650
7692
1735
8541
8546
651
1730
1734
2776
1169
2777
2772
1731
889
6734
8486
890
4091
7947
1328
8494
8492
892
893
891
1732
2773
2774
1733
8485
894
895
1686
1729
2109
1302
1303
1304
1301
2108
2107
1298
10791
1299
1300
10792
10429
1178
10830
10832
10831
3831
6732
2781
2780
6733
3804
9927
1798
6020
8433
9929
10075
1776
9248
1181
12175
12378
12655
2013
6570
9928
1008
6729
10503
10504
6569
330
6021
3554
5517
7701
3780
471
9916
9917
6726
1621
8332
331
1622
8331
1620
1623
642
11475
6723
1960
8311
1959
1958
467
9959
9957
9955
9954
466
9956
9950
9946
9948
515
9951
9945
8309
8310
641
8308
8569
1486
8312
8313
640
9922
402
395
394
400
393
9494
403
404
638
639
340
341
12493
3176
9921
516
339
338
2747
333
6283
9983
9982
2743
2745
8306
8307
2746
8305
10074
3175
9920
75
74
1037
1035
391
9587
392
1119
7404
1118
1120
9585
1121
9590
346
7719
10657
9581
6819
407
9489
1488
7227
1489
405
9487
1412
7242
1411
406
9488
10902
10901
12808
12809
1743
465
7229
1745
1744
12107
9113
12108
12106
7679
1603
1602
2991
3578
7678
1605
4772
1126
12174
3576
1127
9576
3577
2069
1857
1858
2999
11438
6832
11437
2996
11439
6828
6829
1696
45
43
1701
12981
11227
11226
12620
8376
12524
12523
12477
6878
6879
6883
6884
11622
11332
11330
12261
6882
6885
6881
11375
9545
1891
7846
29
42
1888
7844
7845
7843
12623
11656
11632
12061
11670
2695
44
3302
12478
2698
11769
11768
12140
11132
10396
12637
11418
12618
11246
11416
11417
12636
11425
11420
11244
11243
12462
11369
11371
11370
9495
12128
1214
1719
10493
1213
10492
5508
10494
1215
1216
5509
1217
1218
5510
1224
1199
2696
2697
8038
5518
1201
1200
1198
1212
1202
1204
8533
1210
1099
1953
1211
1208
1203
10372
10370
10369
20
10371
9763
9764
10484
631
630
9766
1097
9767
1718
9768
63
9769
9770
9771
69
8431
933
9774
70
627
628
9751
12171
626
12272
9776
9719
9718
7439
7440
65
67
64
1096
7561
7559
7558
473
7560
5429
12547
8082
1115
1114
10481
1130
1101
1105
1104
1102
1103
1098
1100
1106
10482
9762
10483
9765
12170
10485
10373
10486
10374
10375
8049
10378
10377
33
10381
10380
10379
10490
1209
10489
10376
21
10487
10488
7886
1207
7925
1205
1206
1223
1222
10491
1221
5507
5432
7480
7796
7474
1721
1722
1890
2982
5511
7795
10386
9498
7402
10387
7401
1720
5512
5513
5670
10385
31
7797
32
5671
10384
7479
7475
7476
7478
7477
12654
10383
5433
10382
9939
9938
9940
472
9941
9772
12213
9773
8039
9775
932
931
1410
930
636
12609
1024
1023
1026
7431
1025
8040
7430
12646
11367
34
8081
1022
7754
1020
1019
1016
1015
1889
6767
7429
7432
7728
8080
10090
10091
11167
11419
30
11586
10092
10093
10094
7847
10096
10095
12693
12691
12692
1021
7390
1018
1017
7755
7753
35
1014
1013
39
1012
12694
12695
12696
38
40
7546
7547
7725
7838
7840
7721
7815
7726
7724
7722
7839
41
4570
7848
7723
7814
37
36
7406
635
9629
909
10430
5514
10431
637
5515
5516
634
633
4980
4981
7408
7407
632
7405
9628
679
747
7727
749
11671
10153
10123
10124
910
11585
10126
3004
2133
1610
1618
1611
1617
3555
1616
1615
3556
8290
1613
8289
1614
3307
1612
9257
1619
2650
6719
6720
2651
2649
1166
1167
12214
7621
12215
12216
9961
6724
6725
6718
10676
10576
13012
12278
12277
2580
11293
1879
1880
1878
8316
1009
1010
643
2362
6043
1699
470
9496
469
6567
6568
6722
1492
6721
8493
1168
9960
468
9958
10152
514
9953
9952
399
9947
629
680
9627
7409
9777
9778
9943
475
9942
12172
9944
9588
401
396
397
398
9949
681
748
8328
1011
1957
10125
8426
8429
10154
3003
513
11331
8428
8427
8430
1892
1881
1899
1898
11233
1894
1893
1876
5519
12665
1877
3557
10989
11266
12408
11265
11264
11262
11260
11261
11263
12414
12415
11268
12247
12248
12405
12404
11271
11272
11274
12413
11279
11276
12411
12407
11277
12406
11278
11275
5702
12410
12409
12412
11267
11269
11270
11273
512
2132
5699
5701
5700
11064
12528
11063
11030
1400
1401
1399
8061
1402
9937
2670
2671
1662
1660
8063
1661
1896
1897
8062
3856
2672
12116
11517
1672
7696
1848
7771
1851
522
11192
1850
521
11333
5998
1855
1875
7718
11334
8568
518
519
12697
1895
5698
12377
1856
6880
12527
6876
517
520
1849
1670
1673
1668
1669
2218
2219
2220
11191
2128
4305
1664
2673
6955
1671
4304
1665
1663
1666
1667
6953
6954
6952
11754
11161
10900
1403
10898
10899
10897
1408
1407
1846
1406
8484
1847
1404
1405
1852
1853
1854
1867
11660
1844
1845
2134
1409
1652
1653
12656
11029
11028
11284
11282
1884
12209
12532
12464
12590
1799
1800
11283
11287
11298
11286
12144
11285
11026
11657
11022
11024
11288
11659
11443
11023
11025
11297
11515
11514
11658
12969
12970
12979
12492
12773
12993
1801
12980
11800
11027
11299
12971
12191
12977
12973
12978
12974
12975
1777
9962
2033
9918
12207
1752
12256
12258
12257
12260
12259
11391
11513
11390
11010
10986
10987
11009
11011
11641
11111
11562
12115
2039
7758
1981
1980
2035
4522
1869
1984
1983
7757
1870
2751
1982
11295
2036
2037
12012
12050
3553
3552
2129
2130
1985
3551
3550
1986
1988
1987
2038
12114
11168
11601
10388
12401
12398
12400
11563
11492
2114
12530
2034
12529
12531
2113
8489
8488
8487
8491
2102
1625
11493
12402
12399
11529
11038
11516
10389
10390
10985
1715
2118
1774
1716
2117
1775
12972
12976
11021
2115
2116
2119
12379
2120
12380
12367
12372
12369
12373
12374
12397
12396
12080
12079
12371
12370
12078
12416
12368
12190
12364
12403
8297
1180
1340
12679
1338
1339
1341
1179
1336
1333
1334
1335
1337
12647
1342
10141
1343
2121
1175
2040
1174
2043
2122
12649
12648
11218
12653
12652
12650
2042
12208
12441
2041
12439
12440
1868
10837
1172
1173
10835
2124
2123
2125
2126
10836
2127
10392
10838
10393
9497
1281
1282
1283
1284
1285
1286
2105
1624
2106
10843
2103
8302
1289
8490
1287
1288
1290
1295
1294
1297
1296
1291
1292
2763
1293
1650
1649
2767
2764
2771
2769
2770
10518
12386
10517
5500
7731
10516
1751
1737
1969
1971
1972
9913
7951
10639
1965
1966
1967
7885
1626
7883
7884
8544
1963
8543
2766
10795
2775
10796
2768
1648
1651
2765
12385
1964
8540
8542
1970
8545
8547
5911
5910
7760
7759
5912
1275
7578
1276
7579
1278
1277
12538
1279
12539
7682
7580
1274
7872
12591
7683
10515
7871
7870
10514
9914
9915
10436
1269
10435
1956
10302
1954
1268
1968
6737
12275
12276
898
884
877
883
6735
6736
10010
1265
8322
8323
10012
10011
1306
1266
1749
7554
10368
879
880
656
657
8182
1804
658
647
646
350
349
10498
348
5909
9521
10497
11160
717
10496
1811
1812
1806
1807
1808
1632
9517
9518
9519
9520
1329
10848
9516
1907
377
1635
7577
9513
1628
9510
9509
9508
901
900
7966
11159
11158
233
1904
7562
215
234
1906
1905
237
10789
1415
1416
235
7563
7565
1739
1738
1321
8469
1311
1742
1741
9565
1313
1308
1310
1307
1309
1312
1316
1317
1318
1319
1320
9564
1315
1314
1740
7564
1747
1717
236
238
239
2067
244
4523
5504
10565
11522
9512
5505
1805
11196
9515
9514
9511
9507
9506
928
12389
12390
8324
2992
5506
2068
1417
369
367
368
371
7557
12517
12518
7733
836
6546
6106
7732
12651
370
372
1746
1128
373
374
940
10561
6935
7556
7707
12526
376
375
6502
6503
9452
6501
9451
1683
1682
6810
1685
1684
592
6
8
7
9
13011
10
8842
9455
9453
7575
10463
7573
571
7574
7567
7566
4976
1872
8304
12129
4975
12130
1977
8303
10689
9457
9458
9454
9456
232
11155
11156
11154
9447
11157
12585
12635
4274
8639
12634
11
9547
11112
10427
4605
10426
8434
5303
10425
5298
5297
353
352
977
5368
8464
1588
1978
1590
1979
12797
1589
904
1383
1381
1397
206
1380
1382
225
1398
463
1592
1591
10197
7036
419
420
2734
224
902
903
204
10059
10060
10061
10058
2008
1578
1579
1577
2682
2681
7026
1581
1580
5296
1583
5367
1582
1585
1586
524
523
11634
565
9472
431
429
9895
570
422
555
421
413
408
412
411
557
427
428
1657
568
9898
9899
6512
10056
1220
1219
1388
6511
10055
569
9362
9359
7435
9360
9245
9505
9244
9988
10057
9504
9243
10443
10444
10441
10442
13018
9361
7786
7787
1346
10419
11171
11172
1347
1351
10418
10417
1352
1353
10416
6514
1348
6513
1349
1350
10415
1358
1356
10414
1355
10413
1354
10412
1357
10411
1359
6825
550
10144
528
8931
8933
1656
8929
542
9465
10146
10145
9527
7857
9529
9528
9530
9531
7858
7859
9535
9532
7775
12365
12366
9533
553
9658
8132
8133
9657
8134
434
10150
9534
10148
9537
9536
10147
551
8043
552
10149
433
8045
432
2718
549
8046
6007
543
544
1655
8247
545
546
2699
8044
529
8932
10143
12553
10235
10234
10233
10232
10231
3295
1360
10194
8440
1232
12658
7310
4196
7309
12381
1231
8439
1230
8912
1229
12509
10088
10196
1225
10195
7603
4178
11440
1227
1228
1226
12855
4186
10570
1234
4172
1253
7601
8406
1254
4171
11291
8786
7602
1255
9869
12212
1233
7548
9143
7443
5917
5918
9868
12388
6948
2493
12387
8580
5706
8838
8578
8572
6477
8576
4251
4250
10571
10572
8573
6478
6479
6480
2022
5707
5708
8837
5709
10808
7135
8836
10809
8888
2023
2024
2026
2025
2016
2017
10574
10575
8887
10573
7136
8886
2492
10884
2491
10343
10345
10347
10348
10822
7393
7391
7395
7394
7398
7397
11115
10346
10342
7399
10344
7392
10878
8587
2019
2021
2020
2018
8589
8588
6682
6683
6681
11521
10823
6680
12176
10825
10826
11228
11230
11231
11229
11232
8591
3326
3327
10406
10407
10408
10824
3328
7746
7748
7747
7749
8571
8590
992
11346
8592
8594
8593
8595
8577
8575
7957
3685
11525
994
7962
7964
7965
993
8570
8574
7767
8579
7400
10890
11642
7793
8008
8028
8026
8027
10891
991
10556
10555
10557
2655
2654
7978
7977
7980
7995
3656
7976
7940
7941
10526
8735
3627
10520
10513
3628
9335
7501
7502
11224
11225
7500
9336
9337
9338
7499
7992
10521
7503
10189
10188
9339
10187
12005
7993
12008
10186
9717
9732
8004
12004
9731
9730
9725
9727
9729
9726
9728
12007
12009
12006
9334
4368
4367
4366
4365
4370
4363
4383
9686
9685
9687
8096
9333
9332
9331
9330
4369
4364
9322
9323
9329
4362
9326
9325
11926
4360
4359
9342
4348
4339
4325
9327
9328
4335
9340
4337
9303
4324
4361
9302
4329
4336
4332
4334
9306
9304
9305
9307
4338
4340
4347
4343
4358
4330
9314
9313
9319
9318
4326
9321
4350
9315
4349
4354
4356
9312
4346
4342
9365
4344
4341
4345
4327
4333
4331
4328
9308
9309
9310
9311
4382
9343
4381
4380
9341
4353
4352
4351
4357
4355
9317
9316
9320
4373
3843
2361
8098
8097
11647
9324
4388
4389
4394
4390
4391
4392
10216
8180
4384
4401
4399
10215
4400
12830
12852
4385
4397
4395
4396
11048
11049
4372
4386
4387
10855
10856
4402
4403
4425
4404
4409
4406
4407
4408
10883
11644
4410
4405
11771
4411
11645
11643
11646
4414
4413
4416
4415
4393
11208
11190
4418
4417
4420
4419
4421
7729
4422
4412
4424
8181
4398
4423
11306
11307
2204
11791
11793
2203
12424
12423
12422
12425
4291
1840
10351
10338
9803
10336
2199
4713
4712
10333
11711
11363
10349
10341
11582
10340
10350
10352
10334
11364
10332
10331
11712
10329
10330
9750
10328
10327
10326
12434
12435
12436
12437
10335
10337
10339
1839
1838
11566
11568
11565
4293
11567
4292
1841
2206
2205
4294
4301
4302
7953
4298
4299
4300
4303
6964
7939
4297
4296
4295
2207
1842
2208
4371
2211
1837
2210
10854
4379
4376
4375
4377
4374
4378
11775
12698
11772
11773
11774
12421
12466
12419
12468
12420
12469
12467
12465
12470
12471
10983
10984
12159
11394
10971
10973
10972
11395
11393
12160
12162
12161
10970
9688
2209
4008
4007
9285
1428
1430
4005
4004
3986
10875
4003
4002
1431
9218
3979
9222
1843
3977
9224
9232
9219
3768
3769
1833
9301
2201
1832
3981
3770
3841
3842
4321
4322
4323
11004
9286
3978
3980
4148
3932
8436
3898
8437
1836
1835
3931
3934
3933
3935
1834
3767
3936
3937
3968
3972
3973
3938
3976
3975
3969
3974
3967
3966
3963
3971
3965
3970
3964
8438
3960
3962
3961
11396
9189
4151
4150
10560
3771
3900
3899
4029
8826
11387
572
3949
3950
3948
3952
3951
3953
4149
3954
12925
3956
3947
3946
3957
3959
3958
7295
3955
4028
3911
3879
3915
3913
3914
3916
3917
3918
3919
3920
3922
3924
3923
3921
8772
3945
3944
7761
3939
3943
3942
3940
3941
10446
11039
8825
8807
8803
8802
8811
4215
4214
11398
11397
8619
8666
8618
8765
4207
8766
8767
8768
8621
8620
4210
4209
4208
3847
4206
11402
8665
4239
4240
4235
4236
11382
8625
8626
8630
8627
4205
8722
8721
7625
8685
8686
8681
8607
8604
8605
4213
8629
8603
8632
8628
8606
8631
7628
7636
8737
7627
7626
11250
7631
4146
4145
8834
7630
7629
7633
7635
7634
7632
11251
11252
12021
11200
4141
10320
10314
11201
4142
4140
10319
4026
10321
10315
4025
4128
10318
4024
10325
10317
11580
10316
4139
4138
4129
4131
4130
4133
4132
4135
4134
4137
4136
10313
8829
8680
4143
11198
11202
11199
12024
8839
3161
12789
12022
11254
11253
8809
8806
9344
8805
8804
8794
8810
8801
4010
4011
4012
8808
8812
4009
2200
3812
3811
9221
9223
9220
3982
3983
3985
3984
3988
3987
3990
3989
3992
3994
3991
3993
3996
3995
3997
3998
9300
11564
3999
1425
1426
9295
9296
9299
9293
9294
4000
1427
9298
11584
9170
1432
4001
10873
10876
4118
4117
4116
1429
9172
4041
9173
4043
4044
10581
4047
4048
4050
4049
4051
4052
4054
4053
11050
11054
11052
11053
11392
11051
12985
12984
4055
4056
4057
4058
4059
4060
4061
4062
4063
4064
4065
4066
4045
4067
4071
11405
11406
4046
4095
4069
4070
4068
4077
4073
4083
11163
11399
4075
4088
4089
4090
8095
4074
4086
4087
4084
4085
4081
4080
4079
4082
4078
4076
4094
4093
4092
10874
4072
4096
4099
4097
4098
4103
4101
4102
4100
4104
12794
10872
4039
10877
4106
4105
4040
4107
4108
10871
9169
12292
10578
10577
10579
12293
12294
4112
4111
11756
9171
10580
11558
4042
11559
4006
4115
4119
4120
4121
4114
9690
11587
4113
12699
8897
4109
4110
8894
9297
8895
8896
8892
8893
1424
4122
4126
4123
4124
4125
4127
12791
1420
4234
2535
8797
8787
8789
8788
1421
9560
9561
1422
1423
12790
4237
4238
8623
8624
11379
11383
11380
11381
8654
7294
11125
11124
11236
11123
11121
8655
7952
12751
11235
11122
8715
12777
7622
12776
817
3318
8662
8456
8723
1418
8457
8667
8668
8674
8669
8706
1419
4219
4220
1679
1680
4218
4217
1678
8724
8726
8708
8705
8704
8725
8707
8659
1681
820
7882
4221
4222
4223
4224
4227
4226
4228
8245
4225
8246
8550
819
8796
6276
6274
6278
6275
6277
4233
6273
8800
8798
8799
8795
9691
4229
4232
4231
6887
4230
2536
10304
8656
4216
8661
8658
8660
8657
818
8716
8717
8718
8719
8684
4201
4202
4200
4199
4038
8670
4197
4037
8673
4204
8709
8710
8675
8671
8676
8672
4203
4198
8683
8682
4147
8720
925
926
9659
4144
11045
8678
11043
11044
8734
11046
8679
12391
11047
8711
4759
4761
4762
4760
8727
8728
8729
11674
11091
927
4758
4757
11094
11090
11093
11092
921
8730
923
4756
924
9664
9662
4740
4741
4743
4742
9660
4739
4744
4745
4751
11089
4749
4750
4748
9663
4752
4746
4747
4753
9665
4737
4738
9667
9668
9666
8260
9669
8259
4755
4754
922
9661
920
9683
9670
9671
9672
9680
9675
9673
9676
9678
9674
9677
9684
9679
9681
9682
821
8714
8713
4834
4835
8712
12779
12832
12833
6332
6331
12684
6333
6334
6335
6336
6337
6338
6340
3255
6342
6330
6341
11015
10180
10178
3268
6345
6346
6347
3254
6349
6348
9415
9414
11076
11075
11074
10663
6339
6350
3253
6351
6352
11073
11067
11066
11065
11069
11068
11070
11072
11071
6353
3252
3251
12321
6375
12966
918
9804
12775
12249
12322
12320
12324
12323
12325
12326
6379
12327
6380
12319
12318
12317
12316
12315
5718
5738
10181
3728
3729
6985
12314
12329
12328
3730
917
8051
8053
8215
8052
6573
6609
6610
6574
6572
6601
6603
6607
6606
6604
9412
9409
9410
7675
9413
5988
8223
8222
916
6600
7741
6575
9441
9440
9443
3739
7743
7742
6599
10868
6602
6608
8398
8248
8249
12340
10465
12339
12338
12336
12337
12341
12342
6983
6984
6982
10464
6981
9417
3745
11193
8224
3744
3743
9418
3742
3741
3740
9442
7676
9439
3738
7660
5985
5986
9271
5983
3747
3746
3762
9214
5982
11096
3749
9273
9272
3748
7659
11095
3750
3751
4271
5990
3758
3756
1345
3757
3761
3755
3753
3752
3754
9215
8226
8227
7658
1344
9217
11101
4272
9424
12752
10399
575
10398
10400
9406
9402
9405
4267
9429
9433
9431
9434
4269
9423
4270
4521
9422
4268
7673
7667
7669
7668
7662
7663
7664
9407
7665
7661
3737
3766
915
5984
11106
5987
3760
5991
7670
3736
3733
3732
3731
9408
3759
7674
9411
5994
11590
5993
11589
9420
9419
6605
9416
5989
5992
8217
9584
9403
3734
5995
3735
7666
7646
7672
9421
7671
9404
4266
6545
9462
9432
4265
9430
9435
4841
9428
823
9427
9436
8405
9437
9426
9438
2215
4886
4887
4884
2214
2668
2667
2665
7612
7613
4904
11097
4903
6525
6527
6526
6528
6533
6529
6532
6530
6531
12629
12630
12628
12627
6534
10888
10887
10886
11476
12625
12626
6535
11222
6536
10889
10885
11523
4965
4962
2213
12769
2212
11524
7648
4257
4256
4255
6322
4933
4937
4913
4946
4949
4942
4943
4939
4950
6324
6323
10648
10650
11573
10649
4947
4948
4940
4967
6320
6319
6321
4842
12768
11256
6317
6316
6318
6315
9704
6314
9702
11920
11257
11918
11916
4254
11917
11919
11255
10679
10680
6313
10681
6311
6310
6309
10864
11414
11415
6307
6305
6306
6308
6303
6302
6304
11412
6299
6301
6300
11413
6296
6295
6297
6298
6294
6293
12678
12676
12677
6312
12535
6285
12675
6292
6291
12673
12674
12669
12671
12670
12672
6290
6286
11627
12668
7647
11591
11624
5968
4964
4966
4963
6537
6538
6539
6540
6541
6542
12065
12798
12064
12063
12062
4923
4929
4931
4936
4924
6543
6544
8360
4925
4912
4951
4952
4953
11005
11007
4954
4955
11316
11317
4957
4956
4959
4958
4960
10651
4897
4910
4905
9926
9925
4899
4890
4889
4896
4888
4961
8216
4877
8444
12991
4874
11258
4876
4875
4873
12770
12772
12771
2666
5769
5770
5771
4259
2307
4260
4263
10477
4262
8402
8403
12766
12767
12765
12764
4261
4264
8401
8396
8399
8404
8397
12392
12759
6119
6120
824
12762
12761
12760
2234
10697
11194
11195
2281
12710
11210
11138
11135
2262
2268
2248
2257
2259
2253
10656
2327
2267
2326
2266
2325
2288
2287
2286
2344
6266
2285
10688
2290
6165
2273
2274
2291
6257
2292
6262
6258
6259
6261
6260
2293
6256
12088
12701
12089
12707
12703
12702
12706
12700
12086
12705
12704
12087
2341
2340
2342
11219
6164
2289
2343
10448
5616
6162
6163
10449
6157
2322
5618
6210
6156
6155
5614
6158
5613
6154
10655
2357
2356
6264
10452
2355
10451
6263
6150
10453
10456
6159
6235
6161
2359
2354
6232
6234
6236
6230
6233
2324
12708
6194
6241
6242
6229
6225
6228
6206
6227
6226
6223
2323
6168
6243
6207
6252
6251
6208
6246
6244
6245
11087
6247
11085
6248
6172
6171
6170
6249
6250
6174
6173
6212
5724
6205
6213
5722
6202
6201
6190
6189
6191
10457
5721
10455
6214
6215
6216
6187
5725
6181
6177
6179
6176
6178
6175
9716
9715
11539
2328
12393
2329
6180
11488
11491
11490
6185
6211
5726
6184
6183
6182
5727
11088
8296
2331
6186
6188
6199
11034
5713
6198
5719
6197
5714
5715
6195
6196
6203
6192
6200
6204
10454
5723
6217
11033
6193
5720
6166
6167
6169
6219
6221
6218
6220
6222
6240
6224
6237
6238
6239
6255
6231
6209
6160
5617
10653
10654
6147
6149
6148
6145
8938
6151
2347
6152
2346
2345
6144
6146
6142
6143
2358
6141
6140
6134
5615
10652
6153
2352
6137
6139
6138
6136
6135
6133
2353
2297
6253
6254
2298
11794
11795
11797
11799
11796
11798
2311
2310
2302
2299
12177
2348
2244
2243
2242
2256
2247
2260
2270
11186
11189
11188
2226
2222
2224
11197
2278
2223
2221
2225
2233
2249
2232
2241
2240
10116
2252
2255
2251
2250
2276
2275
12382
8017
247
59
55
2337
10268
10269
2296
2336
10223
10221
10224
10219
10229
10222
10225
28
1171
12819
9503
2238
2236
7866
7867
56
10963
7865
7864
7863
12521
11217
57
5740
2317
2313
2316
6519
2315
2321
6520
6521
9372
611
6522
8326
610
8325
9287
12395
1184
1182
261
1196
262
263
2001
8242
264
266
267
1190
268
8152
1191
1195
8153
265
7920
7924
6871
1183
5455
5456
8293
8294
8295
8239
8240
8241
2330
5499
6874
6873
6663
11530
8327
11528
6665
11608
6666
11609
6664
7523
7522
7880
7524
11347
7878
7879
7877
12722
12724
12721
837
269
270
5879
5878
959
6110
956
957
3588
3591
5475
3590
2532
2533
2534
6109
5865
5866
3592
8299
5863
8563
8558
8561
8554
8556
8234
8560
8559
8562
8557
8555
5876
5875
5877
4022
8926
4701
8148
8151
10000
10001
8144
10009
11469
10007
4702
9999
10004
10008
8149
10005
12137
10003
10006
12136
8150
8200
8201
607
5450
5451
9548
10002
609
4982
12384
951
6381
8927
8301
952
953
954
6051
8300
11981
7936
8159
11377
11378
5996
5997
5965
605
603
7361
4479
7362
7359
7360
8343
8340
4473
7363
7364
7365
8341
4474
8521
8512
8519
8510
8520
8511
4478
8342
8530
8526
8524
8527
8531
8532
8525
8528
8529
8517
8518
8522
8523
8514
8516
11788
11784
11787
7345
7357
7354
7351
7355
7352
7353
7356
9558
9559
7350
7349
7348
7346
7347
11570
11569
11571
11572
8386
10964
10965
7358
10013
11782
11785
11127
11783
11786
8548
4475
8059
8060
8515
8513
10794
7370
7371
9706
2759
4708
4707
2758
2573
2574
12714
12715
2575
9796
9797
5893
5894
8567
8505
2576
5892
2755
2577
2578
5903
9798
2579
6384
6383
10793
11536
11537
11538
2754
5904
7368
7369
7367
9395
9393
9885
9884
9872
9890
9891
9887
9888
9879
9889
7343
8506
9876
7344
9886
9873
9881
9880
9877
9871
9875
9882
9874
9883
9878
8507
8498
8501
8496
8509
8499
8497
8503
8502
8508
2753
8500
11588
8504
8495
9396
7377
7378
2752
7340
7341
7342
7421
7416
7428
7415
7422
9807
7423
7426
7425
7427
7418
7417
7420
9397
9392
7419
9805
9806
7424
7330
7331
5766
7332
5765
9569
12847
12242
12243
12244
7333
8103
12846
9391
9567
9566
9568
9398
7338
9811
7339
9813
9812
9810
9394
9792
9794
9793
9795
11294
1882
7336
7334
7335
7337
1883
7382
7373
7374
8183
12712
12713
7375
9705
8390
8391
7376
12718
9054
12717
12716
8185
8277
8184
5901
5902
11359
7824
8278
2572
11357
8276
2757
7826
7821
7822
9826
9848
9841
9835
9838
9844
11512
9840
7827
7825
8385
9856
9863
9864
9862
9855
9854
9857
9858
9859
9861
9853
9860
11748
12119
7823
5895
5898
5896
5897
5899
9814
9817
9815
9816
9865
9866
5900
9818
9822
7816
9829
9831
9850
9827
9833
9830
9846
9849
9852
9843
9837
9845
9847
9836
9828
9825
9851
9839
9834
9832
9842
7817
7818
9821
7819
7820
9819
9820
9823
2756
9235
11770
12121
12120
11358
9892
5369
5370
5371
5449
4709
2760
12720
12719
5446
5447
5445
5448
5444
5443
5442
12558
12560
2761
4710
12557
6042
12562
12561
12559
12826
8339
12825
11988
11989
11986
11987
5441
11993
11985
11996
11999
11984
11997
11994
6382
11990
11983
11992
11995
11991
11998
8291
7366
601
600
4706
8156
9541
8157
8154
8155
8158
4705
4703
12011
12010
606
10847
11980
7379
7380
7372
9620
9619
9621
604
5964
5966
7381
8422
8423
5967
8424
12565
12563
599
4711
12564
602
2762
4484
6524
8363
6039
6108
6040
6041
8344
8392
8364
598
4483
4480
196
596
597
12723
4704
8146
8147
608
8145
4021
5874
5864
4020
5868
5869
5870
5477
5476
8168
5867
5872
5873
4019
5871
7937
7938
8233
4018
949
5489
5488
4467
8176
4468
4469
7930
7932
9049
8177
7931
8105
8106
8162
8163
8104
8164
950
8160
8161
8166
9689
8167
8165
4462
9044
4014
4015
5860
8172
955
5437
5439
5438
8171
5452
8170
8169
846
845
5480
6036
844
843
842
841
5478
8232
5436
840
838
839
850
5435
958
271
3589
5739
273
272
5881
12496
12497
11583
12495
11619
12494
12504
5457
12501
12502
5882
11676
11675
12503
5458
5459
12498
11461
12500
5471
12499
5883
5884
5885
8329
5469
5460
5440
9051
9052
7009
5479
5453
5454
8174
8173
8175
5862
5861
8421
5491
5492
849
854
5493
853
5490
851
453
852
464
11280
8459
8042
11281
8455
856
855
454
455
456
5495
11055
11056
10784
10785
10786
10787
458
459
5494
457
848
4013
847
11350
5481
5482
6037
5487
5486
5485
6038
5483
5484
5750
3081
4016
5759
4017
446
447
685
947
683
684
8229
8228
737
5763
7762
5764
7763
682
3303
5757
5753
448
5754
5755
5756
9048
5760
5751
5752
5758
449
450
451
460
8178
3321
948
5761
12725
9045
11058
11059
11062
686
687
715
714
445
2729
8190
9053
461
9047
4023
860
9050
11060
12566
11061
9046
738
742
862
7923
12152
11057
12153
861
12151
863
740
5762
741
5467
5466
5728
5465
8448
5464
5729
5463
5472
5473
5462
8446
5461
5474
5887
5886
5888
5468
12507
12508
12506
12505
8230
8231
5470
274
5891
10076
11032
10077
11031
275
5890
858
5730
5889
9371
5731
9780
7956
7955
5717
5716
452
9779
9781
5735
9376
7791
5734
5736
5733
5732
857
8380
11804
8381
8378
11615
9907
195
191
8379
58
9502
257
12520
2239
6872
258
7790
259
260
8194
8193
8298
8195
8196
8292
8192
8191
1192
1193
1194
1189
1197
8225
6374
1185
1186
1188
1187
12394
8142
11487
11489
8400
11086
11556
9127
8564
9128
9471
11545
11543
11541
11547
11546
11544
11778
11781
8197
9491
11777
11780
8199
11776
8198
9493
9492
11779
2309
11180
11181
11179
11548
11549
11542
11550
11557
11553
11554
11552
11555
11540
2312
2295
2305
8011
2300
2301
6788
2320
2230
2229
2228
6523
2294
10098
2319
2318
2314
2332
5742
5741
5745
5743
5747
5748
5744
5746
5749
10097
8018
8012
11178
2279
2245
2227
8016
2231
2246
2277
8013
8014
8015
2338
2269
6440
10845
10844
10846
10788
2339
2265
2264
11187
2263
11148
11149
11142
11140
11141
11147
11146
11143
11150
11144
11145
11139
10458
11136
11137
2261
10479
8828
2280
2284
2282
6777
2283
6772
6774
6775
6786
6776
6785
6787
6784
6779
1069
1071
1070
1068
6778
11510
1067
6771
2351
6782
2350
2308
2303
2304
6780
6781
2254
2349
6783
2258
6773
8827
10478
10480
10476
8143
11211
11214
11213
11209
11215
11212
6434
6433
10698
2235
2237
11216
12711
12475
10217
2306
10218
1860
12548
12299
12298
12300
12301
6435
6436
2272
6437
6438
2271
10474
10471
869
10472
10865
10475
10896
10473
870
871
10292
10293
6422
10291
9801
10199
10203
6271
6272
6270
10437
6430
10439
6957
6429
10438
10440
12266
12267
12265
10167
6431
10207
10206
6425
6424
10198
10169
10200
10201
12418
6117
12417
10807
6426
10205
6423
10289
10290
10288
4568
8583
6547
10511
10507
10512
10509
10510
10508
10505
6558
6559
3772
11321
11320
11322
11319
12763
12644
12643
9463
9464
9461
11323
2216
9460
9459
3225
3224
9033
9027
9020
3222
8972
3300
8970
8272
8273
8973
8971
8977
3273
8984
9007
8824
10506
8820
8818
10212
578
8819
8821
8822
8823
907
9055
10447
625
11245
986
10395
10394
624
8211
60
8212
119
118
114
311
312
867
868
8262
120
12726
8208
8213
12545
8206
8207
11242
11241
117
984
982
983
9106
12274
12273
9108
12642
9107
12640
116
9103
115
310
9258
6949
8261
12641
12138
7897
24
25
26
2658
6950
5496
5498
5497
313
985
6008
193
192
9499
6951
6107
8286
9479
9478
8258
8255
8257
11764
321
83
95
85
53
6035
8388
86
87
94
88
89
125
126
159
169
160
10966
161
164
162
163
165
166
167
168
170
171
174
172
173
9377
183
179
12141
12142
180
181
182
10967
296
300
8447
299
297
298
11368
314
5737
315
304
319
301
302
318
303
317
293
866
292
316
289
290
859
291
286
287
288
285
284
184
8377
277
276
278
279
280
281
283
282
7922
7921
11790
189
9378
190
294
8648
9375
9374
9373
8643
54
254
253
252
10699
2334
6432
10171
249
256
248
250
251
10263
10266
255
10264
10265
10267
2333
2335
10226
10228
10962
10220
10227
9501
9500
27
8111
9105
9102
9104
7898
8442
8209
8210
12522
51
10210
10209
10204
10202
6427
6428
10839
10840
10841
10211
10403
10208
10287
10286
10165
308
10262
11120
10168
10278
10163
10170
10164
6441
10166
10842
306
307
305
295
8214
8650
8640
62
61
76
78
8642
79
188
187
186
185
8646
197
81
9782
622
623
84
872
620
619
621
8645
82
8644
8649
80
178
8641
175
176
177
8647
11118
77
11117
320
5880
8256
12727
8288
8287
9477
12728
11326
11327
10853
10851
10852
10857
322
12546
11324
323
11325
201
8101
324
8102
200
198
199
149
150
145
12245
144
143
153
98
202
97
96
146
99
155
123
122
147
124
154
2031
9069
9074
11614
9065
9085
9082
9072
9066
9083
9067
9070
9076
9073
11098
7187
9131
9132
9068
9259
960
12206
9090
12831
9071
12234
12235
12236
12610
9084
9092
6369
9824
9755
9754
9756
9752
12073
9753
10309
9091
9056
9057
9133
7854
357
358
9058
360
356
9134
359
9075
9089
9079
9086
12139
9088
9077
12147
9099
9097
9081
9094
2677
3792
3793
3790
2678
9176
6571
12383
8833
3795
8688
12645
12570
2679
378
355
6870
3791
3794
2717
1006
1007
12556
7024
4525
4526
7581
613
612
7311
4524
9380
9381
9382
9384
9385
9388
7497
7498
9383
9386
9387
9379
614
1004
7595
1005
7594
9125
7933
9124
995
7307
996
8582
997
998
8596
1003
1001
1002
7308
7969
7590
7589
9743
9744
12550
10829
2713
9745
2714
2715
2716
9126
8693
8691
8692
8581
3083
7130
8585
7131
8584
11749
8925
1000
7129
7752
11801
12608
12682
12681
12066
6936
12067
12100
10459
3082
8100
12158
12856
3085
3084
8407
7302
9111
7306
9110
7305
8409
8408
3086
3087
8450
3107
3593
3101
5969
10660
3100
5972
987
3103
3104
3105
3106
10553
8740
2845
7861
3607
3608
3022
8743
8760
8763
8751
3024
8745
8755
7954
3023
8759
8746
8753
5767
5768
9116
8752
8747
8845
3889
3884
3875
1059
3874
8750
8754
1057
9276
1056
9275
1052
1053
1055
7650
7651
8362
7649
8361
7680
1054
1060
1058
1061
3873
3886
7677
3885
3887
3888
3890
9154
8846
8850
8843
10460
8756
8847
3061
8840
8764
8739
8757
8761
8758
8741
8749
8744
8748
8742
3054
3057
7973
8889
3066
3067
9249
3052
3065
3050
3069
9168
9153
3048
9157
3049
8281
8244
3043
3047
8280
8284
9120
3046
3045
3606
3860
8283
9119
7511
7963
9117
2930
3035
3028
3033
3027
3034
8899
8871
8884
7527
8883
7536
9267
7414
7413
8858
8859
8857
7003
3813
3814
1462
1464
1465
1463
1461
1460
9936
9188
3855
3854
1466
7550
1452
7549
1447
1453
1454
1455
1456
1468
1467
2652
12851
12850
8793
10122
3869
7609
3872
10105
8790
8792
3870
8791
11560
7778
7777
11519
11520
12288
12279
12289
12290
12291
3839
11620
3880
3871
12285
12284
12280
12101
12282
12283
12286
12287
9466
11561
12281
8058
1048
4027
12295
7720
3806
3805
1440
1439
10895
10893
10894
10892
1438
8652
10367
3808
3815
8651
1434
3807
1437
3817
3810
3809
3816
1435
1436
1445
1446
1444
1442
1443
1433
1441
1448
1449
1450
1451
5428
9278
9281
9279
9280
9277
1457
1458
1459
10366
9266
9265
5705
3848
9262
3329
3883
7388
7389
7387
1049
9260
8218
3882
9263
1051
1050
9261
3881
9264
9178
9177
10121
5703
5704
7385
10364
7386
9193
10365
9194
9192
9196
9195
3025
3026
8919
10849
8921
3861
3863
3862
3864
3031
8920
7694
7693
3029
3030
3032
3041
3040
3036
3039
7002
3037
8947
8948
1831
8949
8950
3853
8435
7528
3044
8279
3042
8778
9118
8285
7274
7512
7514
7513
3051
9167
3605
2844
2843
8848
1062
1063
2929
8780
3053
8779
8282
3062
3059
3060
3058
8907
3063
3056
3064
8900
3075
3055
3080
7974
7517
8945
7134
7133
7516
3118
3076
3077
3078
3079
3115
8844
3114
8266
3117
8265
3116
8946
7518
3073
3072
3071
3070
3068
8880
3074
7813
8865
8866
1830
8873
8876
10666
12192
8868
9482
9480
9481
8914
8622
1709
12349
12350
4249
8916
9563
5906
5905
3322
3323
7604
3497
3324
8915
351
3325
7596
2680
11318
8913
3293
8614
10799
10798
8041
11289
9135
7291
11290
8613
8781
7276
11221
7275
8612
7316
988
989
990
8616
7318
8924
354
999
8615
12683
10272
12680
7231
7317
8243
8690
10270
10273
7624
7545
7623
10276
10271
3579
8732
3580
3693
9156
3587
7582
7132
8663
7542
3585
7534
7319
7246
3586
7540
7533
7531
7532
7544
11577
3601
8019
7245
7535
3581
11376
7293
3600
3582
8733
7543
3599
3597
8736
7968
3598
3596
7620
8785
3603
3602
8267
7617
3604
8784
8782
8783
7530
3609
1065
2846
7862
1064
8762
3594
3595
3091
3099
3094
3092
5387
3097
3575
3111
3112
3573
5975
3572
3109
3110
3113
3571
5970
8774
5388
5971
3108
3096
8035
3102
3095
3093
3090
7942
3574
3098
5973
5974
8908
3089
5977
3722
3088
3260
8988
8776
8775
8141
5976
8985
7297
8986
3719
9348
3701
3707
8010
3720
8989
3721
9346
3706
7645
3708
3697
3696
7655
3725
10323
7296
3695
9011
9017
9035
8999
9018
9040
9008
9029
9183
9187
9180
9181
9186
10685
10684
10682
3715
8009
10683
10466
8994
9024
5919
3716
3718
3705
8036
7654
7653
10677
9179
9185
3709
9023
8996
3710
9369
10736
9282
10737
3779
3714
3713
10678
3712
3711
10155
7779
7782
7783
9370
12473
3866
3868
9570
9571
3867
3865
9283
3259
7784
9274
7785
3876
12753
7959
7961
7960
3878
3877
7780
7781
9291
9292
3717
9182
3726
3258
3727
9240
9241
9239
9238
6993
10867
6992
10700
6991
6990
9470
10866
6989
6988
6987
6986
6994
4252
10858
10172
6995
10860
10859
10176
6355
10177
10179
6356
6354
11792
12685
6343
3256
3257
6344
11084
10707
6997
6998
8365
6999
6996
10863
10175
10861
10174
10173
10862
7001
7000
9236
573
9237
7958
11082
11081
3928
3840
11388
6329
6327
6328
6325
6326
10664
3844
10665
8057
919
822
9703
12778
12758
8395
4258
12757
12756
4253
3250
11014
12311
12310
12312
11083
8359
6376
12307
12305
12306
12302
6973
6972
12303
12304
11308
11361
12308
11099
6971
11100
6970
10469
12309
6975
10468
6974
9358
6976
10470
6978
6977
10869
10870
6980
6979
3249
3248
10687
10686
10981
9469
10980
6684
3247
9356
9444
10704
10706
9355
10705
10702
9357
10703
10701
3246
3267
8007
3245
10693
10690
10708
9289
10696
9290
10691
8034
8037
3698
9390
10694
10695
10692
9184
10322
9010
5920
9028
9000
9025
9009
9031
10405
3694
8993
9012
9032
8998
9039
9036
9288
3700
9002
3724
9021
8990
3244
9284
10402
10401
3266
3240
3241
3242
3243
3239
3238
3237
9001
9003
7644
3929
574
577
7519
3930
7521
7520
576
3236
11040
11041
10305
3234
3269
8976
8982
8975
3786
3787
3785
3235
10306
3777
9216
9425
3774
3775
3776
10214
8252
8968
8961
3773
8967
9038
9005
3223
9015
9013
9019
8974
8965
3226
3227
3228
7739
7738
8966
8962
8964
8251
3229
8978
3271
908
3778
3788
11006
3789
11008
11035
8250
11003
3270
3230
3272
8960
3233
3231
8274
10712
11752
8944
3232
8987
7656
9349
9350
5981
3704
3702
3703
5978
5979
7298
7301
7300
7299
7304
7303
9026
9554
8995
9016
9022
8992
9014
9583
5980
7652
9347
9345
3699
3723
9037
9006
9004
9041
9030
9034
9354
9353
8997
7643
9352
12581
8991
7657
8981
8983
8979
4279
8980
3261
12180
12268
12269
10397
3797
12580
10310
7943
12579
6095
9123
10324
8910
2217
6094
12179
8118
8114
8115
8116
8117
10213
10790
8123
8129
9115
8130
2661
8131
9114
2662
8128
8963
8127
8969
8122
7740
8253
8254
3784
3783
8125
3782
8124
2664
2663
8126
11103
11102
3781
11107
11110
11109
11108
8119
8120
8121
3796
3262
3265
3263
3264
12783
6557
12784
3282
2659
12782
6560
12263
9059
2202
12781
12780
9064
9063
8024
9368
2660
9062
8023
8022
9060
10539
8021
10538
8664
7605
8020
7610
1066
9061
12271
9367
7525
7526
579
12270
8689
12785
9100
8263
490
489
11433
9101
9098
9095
9093
9096
11351
580
9109
3299
3281
3296
3297
3284
3285
3289
8872
8864
8863
8869
5907
8870
1704
8205
1705
8203
7619
7618
7273
8269
8270
8271
7614
3691
8268
7615
7616
7529
3692
8903
8902
8901
8905
7950
8906
7949
7948
8904
10277
12353
10275
12352
10274
8918
9152
8074
8069
8073
7492
8070
8443
7278
7282
7281
7277
7494
7283
7493
7490
7489
7284
7488
7491
7287
7288
7487
7290
7289
9526
9525
7483
7484
8071
8072
7285
8467
8330
7280
7279
7286
7486
7485
7482
7481
8935
11428
1708
1707
1706
12356
12354
12355
8878
8879
12463
8204
3583
8867
7769
8885
3584
7770
3675
8877
8875
8874
8637
3859
8314
8315
8731
7515
8635
8633
8636
3674
7139
7141
7140
7138
8898
3038
2931
8951
9121
7137
9250
9122
8634
7004
7005
3663
3612
3661
3660
3662
3611
3610
7583
8954
8952
9165
3672
9166
8598
9268
7591
7592
3657
8953
3621
10546
10542
10540
10545
10541
3671
8179
10410
3617
3684
9255
10662
3626
9251
3625
9252
9254
3623
10543
10547
3658
9269
3622
3624
10544
3620
3618
3619
3857
9253
3613
3614
3615
3616
3659
7507
7505
7504
7584
7998
7999
7508
7506
7585
7509
12003
10661
3629
3630
3664
3631
3635
3634
10532
3665
3640
3639
3638
3633
3632
3637
3636
3666
3667
8087
11116
7997
8003
10530
8001
12588
12589
3649
9351
3669
3309
3641
3668
8094
3642
3643
10535
10533
10536
10534
3644
8092
6054
6053
11152
11151
11153
10537
6850
6851
6852
6849
6853
6854
6857
6868
6855
6856
10658
6869
8090
8089
10659
8088
3312
3315
3314
3316
10531
3317
3311
3310
3313
8091
3308
5263
5264
8465
12122
12123
3648
3647
8093
3646
11471
11655
11654
11653
10527
3645
10529
3652
3650
3651
12839
12840
12841
12838
10559
11337
8372
8374
8373
8371
8370
8369
8375
8367
8368
3655
3654
7996
10528
10554
8099
10519
7607
7608
3653
10524
10525
8458
10522
10523
8002
3670
7979
7975
7981
9256
3673
10879
10880
10569
12747
12748
12749
12750
7588
12199
2653
10558
7396
7586
8941
7587
11621
11424
8135
12198
8943
8942
11423
10552
10549
8955
10548
10550
7143
10551
8597
3858
7142
12200
3687
3686
8264
3677
3676
7510
8909
3680
8841
8891
3689
3679
3690
3678
3688
3681
8890
3682
8835
3683
5916
4248
9870
12351
8694
3290
3291
3292
3286
3287
668
12549
1252
3288
1251
3274
3275
7599
1250
4168
11625
4169
1264
7496
1262
1263
11292
1246
1245
1244
1243
4159
3306
1240
1241
4161
6481
9474
6482
8814
8815
8813
8816
4162
11618
1239
3305
4164
4166
4163
1237
1236
4165
9042
9043
4189
9112
4167
12335
4190
4191
4194
4195
7436
7437
4185
4188
4192
4177
4176
4175
4174
4179
4180
1235
4193
4187
4184
4183
12347
1238
4181
12820
4182
4170
12994
12995
12996
4173
12343
9142
12023
3277
3276
7600
7597
7598
10087
1248
1249
1242
11240
4160
1247
9473
7860
7855
7856
7033
8107
8108
1257
1256
7495
8463
1258
8460
8461
1260
8000
7991
11594
11220
8462
1259
6945
1861
6946
1859
1261
8109
7593
11360
8110
6944
12632
11249
12250
11411
6947
12657
11595
11593
10990
11596
11766
8237
10982
7994
8235
8236
12638
8238
8862
2015
11119
8861
11223
11204
8860
8777
6487
8773
7434
7710
1874
9446
1885
1886
6943
1887
5430
7713
7712
7711
2014
11104
11105
9363
13017
9364
9900
8219
8220
6023
558
562
1393
1394
1390
1391
1389
1659
435
561
6026
6027
6025
9904
6024
9993
560
9994
559
8221
9995
5397
6022
563
6006
1658
1392
554
410
409
567
9897
426
6005
4773
2003
5120
976
975
8934
8851
3543
5121
6956
425
9896
424
423
556
1627
6963
9130
1395
547
548
1962
7007
1396
414
9894
430
2568
7704
564
566
12796
4278
7029
4277
8940
8939
4276
4275
7030
7031
6004
12537
1584
1587
10033
10032
9893
10031
10030
10029
10028
10027
10026
10025
531
2693
5023
9129
7006
2750
1484
1601
10151
1596
1598
1485
1782
11751
11750
1599
1595
1600
1593
9155
1594
12992
905
8553
3215
1597
221
220
2709
12788
10251
10252
8923
3896
3895
11527
979
965
11526
9475
962
961
8483
980
964
3894
8922
10253
10255
12786
2972
2971
8917
963
218
10254
217
216
10256
10257
8565
8468
814
815
10260
10259
10258
946
10261
7702
1646
945
828
1871
444
2735
6492
2737
2736
1376
944
1377
8432
442
826
827
1375
1374
441
825
942
10285
10284
10283
443
10282
943
6548
228
941
205
1362
6877
203
10281
10280
816
10279
4247
1378
6046
2688
2006
617
2000
616
12230
8366
10053
1368
12231
2007
8047
1367
8048
5710
1366
1365
6549
9540
1364
10050
1371
1372
1078
1079
12519
11925
1081
7776
1077
1075
1074
1076
1073
1072
1080
1370
1369
10051
10052
5712
1363
12240
12229
10054
7881
7685
5386
615
440
439
591
1373
3
2027
7945
5711
7946
10797
4
8771
5
12597
8769
8770
12599
12600
12601
12598
2675
12602
9992
3763
9989
3765
3764
436
9991
9990
12666
8677
2722
437
438
7539
8202
10424
10062
10423
10422
1379
6485
835
12095
7028
7027
526
2721
2723
2703
5238
5237
2720
2719
525
2704
4973
12660
4972
834
830
7703
7705
5239
2725
2724
8549
829
831
4974
832
833
12
10421
418
9247
1694
1693
1692
11623
415
226
227
10420
8608
2674
13
12612
12613
12615
12614
12611
5908
1783
417
2691
2692
1647
2690
2689
416
12755
462
223
2733
12774
222
2970
2969
10089
2711
2712
2710
10249
219
8653
12795
10250
8937
12787
10248
10247
12792
10246
812
2005
2004
10308
813
978
8936
12793
5024
1712
10101
10801
10230
10103
10104
10646
10647
10800
10102
10100
10099
1711
10245
10244
10243
973
974
972
966
967
968
969
970
5029
5028
906
10240
539
1361
538
540
2002
2700
2694
530
2701
532
1483
533
534
536
535
537
1713
7008
3891
10241
1714
971
10242
5026
5025
5030
5027
527
10237
1689
6840
10238
10239
10236
10021
10142
1654
10022
10023
10024
8930
8617
541
1695
6841
6842
8911
3294
3279
3278
3280
3298
3283
7025
581
8025
582
8449
2657
2656
5434
231
138
8414
137
102
103
100
9557
101
148
121
140
139
141
142
105
104
157
107
156
7984
109
108
110
136
111
8387
135
8441
362
361
366
106
158
151
9549
9550
8389
152
365
364
363
52
92
91
93
112
113
131
132
133
134
10015
90
127
128
129
488
480
706
707
699
698
697
713
700
694
693
692
728
690
743
9986
9985
9987
865
864
719
12254
12253
716
689
10882
10881
11077
11078
688
3320
11080
11079
691
720
721
12154
722
723
724
727
726
725
729
1047
7989
701
695
696
8418
10014
8419
712
8420
12181
2730
8415
130
8417
12534
12251
12146
2990
6044
23
6045
8413
8416
9080
9087
6113
8956
8957
6112
2030
3800
10905
3799
10908
10906
10907
9225
10910
10909
10911
2611
8086
8085
11389
8084
2738
8083
6055
6056
11113
7640
10913
10912
2739
9231
9229
9230
8958
9228
9226
3798
9227
9137
9234
9233
12252
8849
2676
9933
11042
7990
8410
618
11177
229
230
491
8586
8881
7383
8856
8853
8852
8855
7730
9139
9140
6360
6361
6367
11012
6366
6368
12344
12345
11628
11013
981
12001
12189
12232
12227
12228
12569
12346
12348
12246
9174
7967
9175
6359
6365
6364
6362
6363
492
6269
12444
12205
12443
12296
8854
8882
6111
11175
11174
11173
12145
8006
9078
8005
2032
9136
11176
8411
9141
8412
2726
6114
2727
12848
12849
2728
8611
8610
12081
7384
8609
735
732
739
734
733
736
731
730
709
708
705
711
12555
7983
702
3319
703
704
7985
7986
7982
12587
7988
479
710
7987
2731
12375
9802
12376
481
9467
5066
5067
482
9468
486
485
1040
483
10079
10918
10919
10921
10920
10917
484
1046
1044
1045
12576
12662
12663
9191
493
11131
9932
1042
9935
11130
1041
495
9934
12211
12667
9931
494
12183
12182
1043
9906
12178
12661
8599
8454
8452
8453
8602
3801
487
10915
10916
2732
10914
309
5068
10922
8600
10925
5069
5070
5071
7639
10926
7638
9190
10924
12659
10923
496
5059
2741
5060
5061
5062
7902
7901
2740
9242
9246
5064
5065
5063
3802
22
5959
2646
1825
7192
7193
7412
7410
7191
7190
7411
7189
7717
5952
5954
5951
7611
10404
5953
5833
1826
5839
5835
5837
5840
5844
2633
7197
7195
7196
7194
7188
2632
2630
2631
7751
7750
11805
5838
7198
2648
2647
7765
7199
7202
2639
7764
2638
2640
2636
2637
2634
2635
2644
2643
7200
2641
2642
2645
7210
7211
7208
7209
7207
7213
12210
7212
5958
7206
6790
7794
5957
7205
5956
5955
7201
7203
7204
11767
2028
5843
5842
5841
7744
7745
5836
5834
12639
9741
3803
2889
1093
6660
6661
1094
6648
6649
7184
7183
1703
12197
6670
6676
6669
6674
6668
6675
6672
6673
6667
6671
6650
6651
6653
6652
1606
6656
6655
6654
7232
7237
7238
7233
7235
7234
7236
6657
6659
7185
7186
6658
6662
1555
1556
1557
1558
9523
9522
9524
6115
6677
6486
6678
11296
1572
2
1574
3498
1573
0
