0
2433
1154
5223
11338
4472
2896
3018
2909
2169
5082
11679
10633
10943
2170
12729
5526
7020
5251
1865
5416
12103
5413
12742
497
780
5299
8113
12633
7016
5255
802
5317
8056
2849
1139
5198
11497
5256
1135
3010
4989
5288
2818
5287
2465
10715
507
4680
4716
4505
5645
4668
11888
4504
9721
5276
12362
5272
4932
2193
3207
10642
10614
12817
3200
6859
2554
10996
752
9206
4774
12939
4652
12945
4507
11862
4655
11904
4669
11744
4653
11835
4506
11840
4651
6370
4498
5423
4660
12709
762
5282
4586
9618
5343
12951
5341
5635
4767
12516
10609
10117
4839
5422
4645
11839
4667
6082
10604
1158
10084
3166
2620
5176
2628
10927
7073
10191
10725
11494
10752
5225
11807
6931
6550
6928
4678
6498
2880
5927
2878
5212
12927
5149
2154
6552
12513
12156
5230
4675
12037
5342
7221
5102
5202
774
5210
2397
2914
2398
5157
2399
11680
2401
3213
10932
3011
2400
12567
9905
5211
4885
10673
4616
504
5133
5532
2813
5563
2803
9597
10608
5304
7919
5404
2935
5547
2815
3340
4509
3344
7077
4735
4288
3017
4985
12090
4309
12033
12476
2799
10190
9490
1726
10615
2708
2440
2177
12861
9653
2455
2383
5654
9643
12568
3527
2406
2902
5205
5177
9638
4990
12923
2857
12358
2897
12359
3135
2166
12330
12357
3142
9601
12460
4822
7322
5939
8337
4820
12921
4578
7326
13002
588
9611
4318
8472
3219
6685
6483
8352
12028
3834
2877
2076
767
5779
4629
10733
5354
4732
5356
3015
9555
4589
9647
4455
2585
5152
2596
12900
6447
12897
6448
2888
12920
2853
790
2450
8358
9708
2581
5306
2587
4580
7014
2811
5178
12959
3012
9787
4784
9556
2894
6903
12860
9645
6630
11886
5783
6902
5785
5181
9649
3013
6894
7032
2431
11820
12814
7056
11482
2178
5104
9648
12905
4809
7905
12084
2948
5144
2955
6958
12056
12025
3138
12027
9652
4802
6914
5403
11600
12082
2588
12631
2582
9616
5567
2915
6081
5143
1134
4630
9401
2887
6065
10716
2524
10720
2403
2621
7450
4693
11336
4695
9655
1925
3331
4686
2415
4700
2381
4783
3339
4771
5681
10757
5594
4622
10714
4836
11759
11639
2072
10563
6692
7904
2061
4870
6754
4900
10139
12617
2386
384
10136
5608
7972
2812
6802
10593
11238
4698
5200
11811
6896
4692
5111
10778
11879
9270
4807
4987
4588
9973
383
590
2805
3902
3128
11652
2797
5557
11661
2100
2917
1148
2927
1150
2782
5415
12854
9608
7220
2784
4639
12881
4643
11444
6898
3196
3897
5123
11479
9203
3159
5570
4858
9979
2868
7850
7907
4590
4926
11365
4619
10619
12754
10904
2451
6916
5056
3560
5655
3174
13006
9790
5357
11875
5098
6089
10162
6494
5101
4530
5099
5260
2965
6493
4824
2527
5139
9996
12999
5568
4821
5945
5097
12686
12575
12512
7606
2141
4307
12461
11478
12068
4577
12127
13027
791
13025
8031
5093
4531
5094
7320
12573
5932
12030
12736
5687
6030
11612
12967
12053
501
4728
2075
2556
500
7914
10183
12874
2136
12873
10182
4854
1816
4855
12737
12845
10391
6577
7804
2601
7321
4575
3333
11455
5165
5089
4532
11683
5052
5145
12076
4609
12944
12592
5173
2984
2364
5058
4438
10834
11450
4306
3021
5692
4471
11747
11427
11684
6079
2966
12225
5950
4443
11681
3005
4815
4448
2989
11733
4814
4996
13001
11830
11682
3346
12998
509
12899
5599
3184
6444
8928
2194
12903
11310
5122
9599
5118
9613
2422
9617
2825
6073
12026
4717
9654
2821
6072
4764
5187
4795
6028
2629
10081
4791
11736
4779
11732
10605
4997
4810
11866
4786
11742
4685
1781
4697
5170
4690
5672
10106
2787
9602
11300
4594
7913
5051
2500
4920
11617
4916
6696
4918
10955
7908
2483
12479
5420
757
5418
770
11602
5686
7292
4518
9789
12098
2499
12484
2480
6014
10956
2619
10644
7538
11164
12332
6688
2883
1823
12876
10734
3160
4803
2444
11311
7067
9650
10753
3567
10727
5315
4618
5628
2622
5633
10756
9642
4699
11114
10750
6808
2616
5629
4694
6407
7075
5564
7896
8319
5277
5933
5275
5579
4576
5586
6933
5293
12031
5424
2555
10428
12875
5647
12593
5421
7460
5286
4722
5637
12870
5291
6925
4819
6919
7906
5314
7459
5292
2592
5426
12865
5274
6918
10775
4723
5158
5126
5313
3188
5279
12957
5289
6913
5302
6909
5309
6911
5240
6905
5284
12917
6915
5690
12149
2954
6410
5688
7011
11532
7773
11426
10595
5311
11812
5525
4869
6032
4623
9737
10766
6496
10749
12426
10721
7537
11662
2057
1947
2058
4895
2050
1949
2094
3193
7010
5125
6921
9713
10782
2448
6408
2993
2583
11464
6411
12913
8065
5005
3851
12595
8320
2964
2546
5016
4528
10598
10953
5338
5219
9867
11863
2618
6412
4544
12578
8067
3562
5656
3561
4587
2706
10625
8030
5940
4436
10110
7455
4515
5923
11817
2460
11821
6497
12020
10936
5331
5106
5358
4497
5333
5582
2912
6372
2800
6420
2958
6691
7903
3838
11823
2454
5361
5593
12017
8478
2838
5259
10850
7802
2950
2473
12490
2479
10713
10938
10589
4993
13007
4445
6403
510
7909
11518
2862
12195
12867
10988
12883
1567
12836
6624
2864
1821
2562
11374
12882
6620
2865
2101
2850
7809
12869
12155
4871
5261
11499
11598
12916
2385
11500
2179
7836
2518
11465
11833
11822
4464
2928
6495
8832
9809
2901
5596
2196
3836
2951
2143
12113
5072
2808
6080
3221
2090
5035
2055
3192
12690
3191
1909
4898
11016
5037
4569
11576
6715
593
13028
3199
6697
3201
11763
2598
6699
2604
5774
7716
11758
5034
6034
11765
11745
4914
11762
5042
1817
5032
6708
4882
11017
6835
2078
5366
7873
4881
8357
4880
5554
3217
8351
6836
1819
3208
6029
1992
6689
1996
6713
11789
6711
1997
6488
6517
7874
2686
1911
4894
6686
11668
1914
4883
6615
4638
12551
4637
49
3495
6489
5038
6760
1948
6687
5045
11924
3220
3903
6625
5773
12541
8355
12540
8353
4945
1820
4944
6623
6578
9399
4941
6816
5047
1990
5041
6716
11667
12196
5040
1569
4892
6090
11666
5553
10562
6706
4891
7869
4879
6701
5048
10740
4893
6614
5046
5772
5039
5930
5049
6717
3218
6690
4861
12853
5136
1140
2988
2138
4901
2092
4610
9974
11664
2095
5031
6371
12102
12034
10596
5591
13009
798
13008
5321
11813
7039
5360
12035
11827
2392
2959
10566
12015
4286
5351
7466
5337
5376
2612
5589
7766
12932
10765
1141
2830
3336
7457
3334
4320
12511
385
12201
6553
11850
7069
10140
5336
9783
4579
6807
10610
12986
5419
7040
7080
9598
12438
11841
2565
5113
5683
12930
7079
12032
10601
8336
5349
3332
5362
4446
10991
12947
5350
12233
2903
8466
12906
10128
5339
5194
7057
11864
7064
11737
7060
5075
5340
2551
10730
10951
2602
8348
765
9626
12891
2176
5364
2158
10156
6414
5001
784
5663
3171
5000
2407
2924
6901
3185
2140
3183
12069
2449
3169
10711
783
4457
6924
7047
5631
7325
5138
5936
754
5934
12187
7329
4543
2801
7868
2863
11165
12483
5776
3124
7810
2798
11329
12051
1945
3211
11650
2561
502
6405
11604
3127
4584
11462
4846
5402
7054
9600
7053
10777
12058
6409
10161
2549
10111
9997
11509
2553
3126
12956
11531
12955
3212
2471
2874
2469
12055
2472
6398
12954
4865
9736
4725
9735
12885
4537
12892
4533
12886
6564
4852
7800
4851
2606
12029
4459
764
9607
12890
5169
4849
797
4866
6803
12664
4536
4859
3833
4624
4527
769
1565
2809
2060
6516
1912
1566
12482
11651
2792
6900
12486
2089
6506
2062
2810
3901
13014
2135
11501
12454
2925
10949
5659
2807
5662
10827
12019
2468
10588
3189
10085
7553
10592
778
10747
3168
5660
785
10762
10133
5363
6442
2911
5175
12013
2393
3197
5055
4312
6394
3198
2586
4935
3172
10082
11599
11430
1159
5651
9799
12914
3565
5664
3566
10631
4437
12915
7452
5002
12983
498
3164
8187
9577
4573
2373
5021
12933
9707
4449
11442
2489
9712
11848
4999
4447
4927
11923
12888
6088
4625
3568
11511
12445
7071
7472
5096
8334
4825
5196
11810
12988
5095
5324
5938
10739
13026
12689
1929
8333
11808
3180
11665
2059
4872
5323
2893
3343
13015
7328
12594
4988
2508
2866
8700
5195
12091
4311
2545
12887
12731
4794
2589
5344
5215
11806
10311
12488
9975
6397
7851
2852
5077
2956
5078
2945
4482
5691
11401
11613
4596
2548
11640
6899
7037
7971
2856
3337
3186
10833
11483
2543
12059
7013
11452
9641
4781
5385
4801
12577
10722
8476
2820
9209
6047
10641
6833
5524
4793
7448
10636
10738
7070
2537
10751
11847
2625
10939
2617
5186
10729
11870
10637
2540
10674
5108
10759
1161
5658
12734
11814
2160
5607
9205
12262
6806
4545
6565
11809
10975
5015
7323
10764
2379
10726
6927
2623
6508
2613
2550
10724
2569
2627
4813
12458
7065
2424
7062
6892
10748
5580
4812
3014
10746
3007
5330
2547
5012
5164
10620
4442
2452
4435
10621
2425
11259
12902
11445
7058
5188
10755
2145
5611
2146
4626
11335
5347
5528
4823
5166
4770
11880
4782
5163
4788
9966
5332
3016
4796
2509
11508
2528
5268
5585
4310
5561
772
12924
2949
5695
12911
12904
5548
4317
12909
390
792
10600
6801
5346
5597
3194
9656
10613
5417
2858
6439
5014
7248
10635
4314
8474
4512
11843
11429
2389
5019
10820
9696
11722
4800
11725
9700
11723
4805
11727
5103
7444
11457
12043
5141
5931
5937
4444
5948
3345
4828
11435
4830
6085
13003
11852
10112
12738
2463
11901
6096
10954
4829
8029
13000
12044
5092
6551
11432
4434
12188
2426
2564
7445
10587
5110
4514
5924
11819
2705
10584
2147
4731
6067
761
5577
11826
5377
10585
9605
11815
8479
12018
8335
11824
2184
5355
5148
10582
4496
9151
7038
10594
12934
11816
1935
11818
5587
4620
2570
2872
6611
5684
3006
11453
11726
2967
2369
6404
2477
2566
11495
11466
1934
5266
1149
4691
8687
10718
12074
4689
2487
10717
5168
10767
2464
11248
2466
2873
12730
5669
10192
4696
5943
7081
5150
5359
5180
4863
5160
7249
4595
7324
11441
5935
5022
2594
11473
4439
11825
5053
1147
10115
7219
4476
12987
2986
10462
3133
8186
5155
5653
9710
7223
11458
7222
9450
10997
5622
10998
5620
2459
4641
5137
8384
5583
1778
2947
5409
2942
5624
12331
5536
7403
3338
8318
5013
2591
5161
3146
8701
5174
8703
11447
2521
4541
12864
4571
1165
5661
3167
5365
2171
12016
793
11302
12950
10941
2541
12002
10821
5685
6920
12057
2523
5267
2525
13024
10783
2567
2544
11663
6922
5004
6923
4572
6805
11503
7327
5668
8338
5057
4440
11431
2526
760
2538
3157
2539
2905
2510
7074
5926
5353
12048
10603
8470
2957
2414
2702
6086
7833
2413
5612
2593
4634
4635
2816
3335
4790
4534
10119
4458
10597
6804
4583
2409
12912
2363
5010
3849
5017
6416
6048
2428
13005
5073
11504
5076
2869
1780
4817
6083
8066
6419
2785
8349
2786
7807
2806
2071
6011
7805
2920
8393
2941
5925
10590
10640
4316
7041
10586
10109
11451
2153
13004
10445
4517
2494
5335
10950
8064
2181
10731
11631
7068
12041
10779
4538
4787
7454
4777
11715
4766
11881
7182
4566
2615
5182
10728
8382
10732
2522
2624
11422
4687
9901
7059
11829
11001
11907
10675
4460
4688
5162
4661
8697
10754
6084
7061
11734
6968
2599
10591
4452
7078
6413
10770
2410
10774
6910
5305
2412
5130
11037
4986
4582
10184
7066
11855
5334
5171
4792
11610
2614
6897
7180
5228
4798
12968
10768
9579
7181
6406
10583
3178
10758
6415
10723
12085
7044
10138
9610
12990
4542
9640
4454
7830
5185
8698
5018
2514
2904
2512
7799
2513
5189
2408
5054
8321
11449
6562
5327
8696
2994
2511
4481
9963
2985
503
11448
2504
5576
4598
3330
12605
5573
4599
5574
5003
2148
10114
5329
9969
5192
9968
5183
8699
5191
8702
2839
8317
4540
2590
2831
6906
13013
5581
5117
4808
10719
2423
2884
5159
3137
5146
7456
12922
4797
2427
777
12118
12485
10743
1571
10744
7034
7774
2848
5411
4853
5400
2854
5242
389
5398
7046
10771
12842
5412
7050
9614
7043
5308
7048
11314
7052
5626
2961
11313
7049
5399
755
5642
10607
9615
2559
11312
10612
5641
2851
10772
11633
7015
12603
10080
10113
11134
2783
10185
768
3835
763
12148
4938
9400
5036
11166
12871
589
766
2139
5667
12447
11638
5201
2900
4597
7035
9976
2404
4456
2506
5265
12827
2439
2161
4520
5540
5128
4734
7019
1930
7244
5220
7828
4492
4031
12862
2164
6052
12815
3136
6886
7792
6563
3195
2162
11637
2190
12583
2368
3152
10999
11706
5204
4488
12961
4490
12964
4489
12962
3158
12965
11703
12963
4721
2156
4719
5545
4242
11678
795
5546
4290
2173
4289
5544
2470
5216
12953
5558
5209
5156
10134
12596
585
1933
5208
3204
8275
1946
6031
4714
6033
3216
1818
11575
4833
3544
4632
11185
5560
7042
9606
3145
10667
4485
4245
2447
11184
11713
10137
11434
1137
5549
10135
10630
11342
2898
2167
5214
12239
5222
8032
11910
10961
4313
6059
3130
6060
5529
6057
10940
6062
10618
6450
5381
6058
5213
7837
5197
10957
11669
6063
11846
7541
2832
2165
2793
5604
4508
8033
11834
4152
11905
11921
11908
9970
2802
7970
5575
4243
5543
8050
4921
6759
4612
5270
4919
7875
12126
1924
2685
2980
4917
6091
4902
11616
4911
1950
4908
1564
4613
11649
4909
12185
10564
1814
1994
6714
1575
1815
6518
7876
4906
6757
4907
11760
11636
1910
1995
6709
1576
1921
6515
6490
1944
2091
8831
9625
4621
5777
771
6702
4934
7706
5193
8075
2558
10947
1931
1386
11648
1387
5249
7831
2457
8112
5245
8078
11677
1770
5319
811
5253
12745
5318
12740
11605
2529
5244
9911
5523
7022
5142
7241
9592
12072
4451
7239
7051
587
11446
12732
2557
7315
5241
1143
2886
7801
2963
7216
12893
1145
10606
7217
5405
3209
12491
11477
11036
9739
12859
1142
4567
7214
6401
10668
11470
10946
3019
9738
5565
2478
5236
2476
4486
4281
2458
2396
5539
10934
1932
12952
5530
10929
5542
4285
5033
9604
3162
12096
9971
5307
12104
5657
779
5248
10312
5207
1768
5258
801
5521
6268
5243
809
5520
807
12536
11128
5254
808
9595
2823
11496
2563
12624
5522
1384
5246
5929
5086
3341
2172
2474
5235
5942
5588
505
5312
4282
11856
2366
11914
2391
10781
12456
3020
6050
12960
5154
5562
5218
12455
11020
2416
3129
6710
776
5778
3125
2484
2461
2501
5533
773
3342
2441
5537
3150
5538
3147
5217
12908
5147
5124
5328
11303
10160
6908
11877
2411
11705
6064
5636
11182
4778
11386
9698
5603
11533
5602
11498
5646
4718
5285
3399
12075
8136
11133
3428
2435
7119
7471
3427
5600
3485
11740
3486
8383
9630
9723
2597
11831
2609
10623
3431
584
3482
5680
3426
10634
3398
11884
8138
12457
3435
11872
9631
7447
7118
5290
5131
1926
2913
5294
12872
5639
4837
5644
5345
5427
12052
8347
4847
10741
7917
6704
1999
6698
4848
6694
7916
12071
12574
12070
5693
6378
4844
7240
13016
11239
2198
499
2859
2607
2946
4273
12083
10086
2944
11755
12143
11753
4850
6705
12334
4153
5649
4246
12607
5627
10617
2159
5408
11002
7045
511
12857
2189
12616
3850
11603
7899
6118
3434
5374
7122
7473
3433
1779
3437
10616
3432
2517
7123
8551
7891
7468
12297
6078
7900
5380
7260
11859
7083
8695
10773
12094
4676
12049
4607
10993
4574
9210
5407
12134
2932
12816
8068
3569
3187
5606
3154
2163
11502
789
7911
2432
5949
7772
386
2182
4826
10828
5694
5947
5090
5167
11480
6087
5091
12226
5088
12688
5100
12949
12014
10930
5280
2571
2876
5322
4631
6930
2600
11344
5598
11345
7910
1568
9742
11372
6505
1
1570
1095
10670
2976
6510
3496
2056
1998
6712
6679
6703
4868
5775
4860
1951
4617
7808
4928
1824
3203
2144
4780
11698
4775
11716
4804
3824
5372
6629
9639
3822
4991
3821
9720
5782
5382
4811
10944
4789
11741
4785
9651
5781
7449
5789
6904
4799
1674
6576
2142
3205
1822
3202
12150
4614
6622
2885
7806
4615
8350
4915
10131
4878
5571
2446
9596
5569
11685
2152
12203
11861
12204
5112
3524
4995
6554
11842
6555
11849
3522
12935
4648
11871
3529
11894
4644
5172
6556
2417
3523
5105
3542
12042
5619
2419
4657
6421
4672
2421
4502
11899
3526
10979
3521
11207
4665
2418
4600
9800
5609
10992
4654
11728
7568
11869
3541
5190
4606
9207
3151
12818
2788
8481
4681
11205
9145
10977
4674
9808
9147
9594
12157
6417
9149
11892
9146
2186
11802
11882
9148
6961
2834
6959
4662
11858
11803
6960
4682
11832
4684
8482
4503
6451
4608
12910
11348
6280
6969
8345
12241
11421
4683
8480
6965
8471
4679
4441
4673
5425
2827
6061
4611
8473
3156
12131
4664
2595
5621
5584
4776
6895
7063
6929
6507
7012
4765
2542
5301
6917
4768
11896
7572
11719
11410
12135
2045
11735
4971
12940
7927
5114
6597
12941
6445
11700
5395
11913
7929
11887
12264
5373
5394
11836
3832
10978
11982
9722
5396
11701
3830
11730
382
3525
7571
7570
7569
3520
5590
10745
12451
2053
5559
3906
6071
3545
4601
3460
5206
3458
9980
3459
4992
7266
6893
3533
10622
3472
1163
7263
12929
7262
3165
3531
12928
3500
782
3503
4994
3504
3173
3505
2372
3532
2488
5825
11895
8137
2502
11019
2503
3506
2157
3502
3170
3501
2519
3468
11343
3466
6074
3467
3182
8139
5605
7258
2467
7256
11902
7257
11906
3489
9578
3464
1155
7259
1928
3471
11845
3469
10976
5823
11857
7756
5109
7892
6097
3470
10132
7888
4466
7889
11739
11018
11731
5826
11883
5824
788
7267
12238
3447
1675
12164
1152
7271
6066
3445
11851
3534
12946
3513
7463
7714
11341
3508
12931
3507
2516
3845
1827
7121
7469
3474
2584
7681
2395
7269
3181
3512
6070
12166
5379
7798
11909
3905
11868
7270
5320
10602
11885
4646
2377
7272
5257
4501
7465
4647
3008
11629
5179
12544
4998
10049
11721
10048
5384
3530
5383
4968
11718
2608
10969
13020
11854
13023
10968
7928
5678
13022
11837
12168
11724
3536
11729
3535
11206
12167
9965
10018
8817
12165
9591
3511
2390
10020
10108
7268
4280
7265
9964
10019
4529
7084
11635
4604
4535
387
2195
6834
12919
4513
5262
2192
3134
10567
4831
2191
2870
6443
759
10568
11472
5696
4840
10645
5132
9199
2824
6418
9144
12132
2841
5643
7895
506
4602
6279
4763
6860
4671
4465
9162
7314
5278
10903
10599
2405
5281
4244
5650
8451
4769
12938
9697
2436
4806
9967
9701
6932
5401
508
12489
9197
11606
9204
12481
5697
4319
5295
7458
5273
4308
5283
10933
3904
4287
11234
5316
2895
5300
12361
4677
8475
4603
6612
5009
5535
11454
4642
6858
12989
5348
6800
2983
3009
10763
5414
10761
5638
10760
2429
2626
5203
11630
6281
11349
9211
5648
9202
4670
7453
4650
7470
4656
7552
4499
11717
4666
7224
4649
5375
4970
11714
11409
11743
9699
5652
11922
6596
11838
3826
7446
3827
7462
3304
11878
5786
11853
3828
11865
5787
12360
3825
6926
3823
10461
5790
11699
5788
5006
3852
12333
8477
12858
4241
4816
4640
5352
5084
4511
2187
2879
9695
9733
12047
12060
2188
2943
12514
12868
12515
2907
3837
4516
4284
11463
11460
5127
10129
2881
11339
2882
11459
5595
2515
2987
11403
5665
11746
10083
12453
9711
2505
12866
12220
12040
12222
2833
2380
3132
2384
3141
2374
2908
4429
10626
4431
2443
2155
2910
5226
10627
2367
4477
2507
4857
6770
4727
9998
11607
10945
9734
9972
4867
583
5689
10942
4315
5083
12217
2829
9445
2789
9978
6015
9977
12038
2382
2438
2486
6566
9709
12450
2814
8354
3155
4636
2796
6491
4832
1922
1991
6693
1989
6756
2936
11373
4633
6700
2817
6707
4627
6758
6009
7788
3123
11162
2934
11761
5674
10742
6504
11328
2933
11366
2794
4715
2937
6621
6010
6092
2795
2378
4450
7179
2388
5610
12448
4519
5007
13010
11597
12039
12223
12863
12218
2835
12219
6013
12221
2437
10952
7918
2371
11702
2168
5675
2150
5116
10107
4539
12452
12878
2360
4856
11385
11309
2365
5080
12449
2847
2497
12880
10769
4843
6962
9449
2054
4724
10672
4726
9740
12054
2077
8830
10671
2197
2978
2860
8356
4845
2387
4470
2498
12837
9609
12896
2496
11467
2481
5673
8346
5043
2482
4818
11384
12045
9788
2837
12823
4827
2420
2922
2137
12036
12446
12604
799
5129
4426
3148
4430
5676
12224
6561
4427
6934
4428
12046
786
9150
3559
2968
1677
2552
5115
5233
2828
12926
3144
2376
2840
5682
2819
5227
10638
1146
7072
12918
10780
10193
5020
5325
4930
5326
12606
4733
4628
7811
5044
11247
5941
5630
6912
5634
2923
5592
2442
11592
12099
12821
10159
4510
2462
12843
5011
11404
6966
5946
5008
2370
12907
8077
2842
7021
2804
810
5252
1864
5406
12746
5250
12744
5541
6267
2962
805
4729
5247
7225
2149
804
2183
1385
3153
800
3149
1769
5134
803
4463
2891
9646
2445
1144
10611
796
2953
1136
7834
12125
5135
3163
2175
12077
5140
1138
756
11315
12844
787
4838
5050
2871
11183
4585
1727
5666
7215
7915
7218
775
12363
6402
5527
12879
12459
10624
4461
7926
5531
2530
5119
1866
5632
12741
9593
12743
9603
5928
5087
781
4591
2938
8188
6400
5640
753
5410
2855
9612
1828
5623
6399
5310
8189
2605
758
10776
2952
5625
6049
11474
7243
4720
6077
2940
3177
3131
5578
11535
4592
7637
3139
5601
11468
11673
5081
11672
5153
12093
2926
12582
5572
2791
6069
12480
6695
4922
6377
1993
2052
3206
1153
12958
2916
5229
6016
4493
2822
4433
7697
2375
2836
4432
5199
5234
6012
12982
7076
1162
12889
1157
2875
12735
5079
12733
11611
12586
4593
1156
11400
1164
4491
2402
3140
12739
2960
5184
3190
5224
2826
2151
2899
4495
11708
5231
10629
4494
11707
5232
11704
7849
10628
6500
5677
6499
3143
5271
2790
2520
5269
12822
2430
3558
12997
1676
2921
2180
2890
2453
1160
6875
6130
5085
2531
2174
12525
12877
3564
2560
3563
2906
794
2919
1952
11301
7803
2918
6068
7144
3179
2867
6076
11551
1151
4453
8076
5074
11534
12895
8079
7887
9791
12884
10948
4864
7832
4983
7023
12894
12092
2456
7018
11709
806
12163
1863
2892
7017
4487
6907
4658
11874
5852
7451
5859
5679
6452
11828
6453
11889
3473
586
7264
10928
5856
10974
5848
11873
3540
2669
3548
2394
3547
2434
9984
11898
3829
12936
3514
5221
3519
12948
3539
4030
9923
11912
7126
5378
5821
11860
12169
11720
3516
11237
3488
3570
3537
12687
3487
2495
7178
12824
3517
12942
3538
7551
8055
11903
5784
2707
7177
7464
13021
12428
7120
11891
7125
12937
7124
11867
2044
7467
5853
10937
7768
6075
3515
9724
5822
11890
3509
11876
3510
7829
3518
11738
9924
2475
5393
11844
3546
10931
11408
8394
3912
9644
7082
10127
4500
2185
12472
6446
4659
6449
2939
10643
4862
9212
3528
2490
6967
2485
7055
12510
388
6373
13019
9213
12898
12133
6484
9208
1927
11000
4581
10994
11456
9198
7835
10935
12901
9201
4730
9200
2861
10735
4984
4157
11893
5851
11340
5849
4663
5850
5151
6457
12828
5854
5944
6455
5566
5845
11915
5857
10632
5855
4736
5846
10130
11407
11897
5858
12427
5847
11911
12584
5534
3446
4969
5107
6459
4283
6456
12943
6454
10995
6458
11900
6461
6462
4158
6467
6468
6476
6466
6475
6474
6469
6471
6472
12813
12811
12812
6465
9930
6464
6463
6473
3927
6470
3926
5832
6460
9909
5831
9910
3925
12432
12433
12429
12430
12431
4547
4546
12173
3451
12542
3449
3450
3448
9161
3454
3455
3457
3494
3456
3461
9159
3453
3452
9160
9158
3462
7715
5830
3463
5829
5828
5827
3444
4548
7890
10038
10039
10034
10035
3465
10037
10036
4549
7261
4550
10041
10040
10042
10043
9164
9163
10044
10045
12487
3443
4557
3442
3440
3439
11505
3441
4551
7254
4558
4552
4553
7253
4559
4554
3419
3481
7255
4560
3420
3421
11506
11507
3438
3422
7165
3423
3436
3424
3425
7158
7164
3400
7157
3403
3404
4561
6641
6644
6642
7148
3390
7159
7149
3401
3397
3396
3394
7163
7152
7153
7154
7155
3393
3392
7151
7156
6594
9632
6595
6627
6628
7812
6593
2610
12829
8140
8054
5780
3395
3484
9637
3483
3429
3430
7117
7116
7162
3402
7150
7161
7145
3391
7146
7160
7147
7168
7169
7170
7166
7433
6626
5389
5390
6592
5391
5794
6590
5811
5802
5801
6589
5816
5808
5807
5392
12835
12834
12193
6584
2047
381
12194
4154
4155
6617
6618
6613
4156
6619
6616
6582
6581
6583
6580
12533
6579
2603
2046
3907
3908
9636
3820
11934
11930
11928
11929
11932
11937
11933
11927
11931
3909
11935
11936
3910
6586
5793
5792
5815
5791
6585
6598
5817
5809
5814
5795
5813
5812
5810
5805
5806
7089
6587
6789
6588
5796
5797
5803
5798
7127
1482
5800
6591
5804
3846
7167
10158
3377
3378
3382
3476
3381
3380
6631
3389
3477
3478
7108
3379
6632
3376
3373
3372
1478
3493
1475
1473
1474
6633
3370
7172
3371
7171
3369
6635
3368
6634
6639
7175
7173
7174
11710
3386
3387
6637
3388
6645
6643
6638
6646
9634
9633
3405
3406
3480
3409
7251
7250
3417
3418
7894
7252
7893
4564
4555
4556
10409
3416
7111
3410
7109
11481
3414
3413
4562
7110
7115
3412
7112
7113
7114
11484
3411
11696
11687
11686
11688
11689
11697
3415
4563
4565
3479
6647
3407
3408
12000
9635
6640
6636
7176
10118
3383
3384
3492
7104
3385
3375
3374
10157
10120
1477
1476
1479
7091
5799
7090
7092
7093
7128
1481
1469
1470
3349
3351
7086
3350
7102
3352
7095
3353
3356
10307
3358
3359
3360
3475
3357
7105
3361
7103
3362
7085
3365
3366
7106
7107
3367
3364
3363
1472
1480
7087
1471
7088
7096
3354
3355
7099
7097
7098
3348
3347
7094
9448
3818
3893
2049
9366
2051
2048
7789
3892
7100
7101
6098
3819
6812
6811
9389
11126
11969
6761
11973
6762
11971
11970
6764
6765
2088
6763
9623
11972
2087
6755
2086
6766
2085
9624
6753
2084
11944
11966
11942
11963
11954
11964
11952
11948
11951
11946
2096
11949
11961
11962
11953
11950
11943
11955
11939
11940
11938
11941
11965
11945
11967
11947
2097
11958
11968
6815
11956
11957
11959
2098
11960
6830
6831
2083
2093
2082
2081
6798
5818
6797
6799
5819
2063
6792
11757
6793
2080
2079
6813
2099
11692
11691
11694
11978
11977
11979
11693
11695
11690
6814
11974
11976
11975
6794
5820
6795
6796
6791
12202
2981
380
379
12124
1913
5556
5552
5551
5555
5550
6509
1917
1920
1919
1918
2979
2064
1916
1915
11578
11579
50
1923
11485
194
1908
11486
11581
12552
12186
10958
10959
1813
1563
1561
1562
12184
10960
2070
2073
2074
1551
1546
1547
1545
1937
672
19
10819
18
671
10363
10818
10817
1027
1529
6121
10816
1531
1532
1534
6105
9138
1533
1028
1029
10362
674
673
7842
7841
10359
2977
10361
675
669
670
1698
6385
1553
751
1549
1550
1548
1552
6393
1554
750
1559
6809
1560
6386
6389
6390
6387
6388
6396
6392
6391
10669
10710
7853
7852
10709
7576
7684
2974
11574
3499
2975
6284
12111
12112
2973
1524
1523
1525
10068
10069
677
1526
8638
12097
676
678
6395
10071
1528
10356
10355
10354
6019
1527
6265
10360
10358
10357
10070
1522
6357
6358
1521
7912
1976
1520
6288
1517
6289
1519
17
12110
1518
1030
6287
1031
1034
1710
1033
594
1691
6017
1543
1032
6116
1083
1082
6018
1690
1541
1542
10467
1502
6103
1503
1505
1504
1091
1090
1499
1498
1936
1940
478
4978
6126
6127
6128
1943
6129
1941
1942
1938
1508
12117
1939
595
1493
1494
1507
8537
1495
8536
12543
8534
14
6104
8535
1497
1496
1501
1500
16
15
12109
1092
1506
476
477
6102
6101
6100
6099
1089
1087
1086
1084
1085
1515
1514
1513
1512
10815
1530
1539
1540
10814
1516
10813
1535
6132
1536
1538
6131
7441
1537
10812
47
1511
10811
1544
1088
1509
1510
6123
8445
6124
6122
6125
4977
48
7935
7944
6093
7934
10810
9551
46
1697
6827
3001
3002
4979
9552
6826
11436
2998
2997
6820
2065
6822
2029
6823
6824
8552
6821
11129
8566
8601
2995
3000
4212
2066
1829
6888
4211
1728
1873
7555
6846
6845
6847
6862
6848
12442
6864
6866
6867
6863
6865
9546
939
6891
6889
6890
1111
929
1112
9544
1110
1702
1129
938
9572
9573
9574
1413
9908
9902
9903
1113
347
1125
1109
12810
1108
7247
7230
1107
937
9553
1725
1123
1723
9622
9575
1122
1116
12619
1131
936
3301
11203
8959
1124
9580
345
9582
343
9589
1133
344
914
744
68
12571
746
1132
12237
342
12807
12802
12805
12803
10353
12105
12801
12806
12804
12800
12799
474
6861
745
66
1491
911
934
912
7461
71
12572
913
935
11626
1117
9586
72
1036
6938
2683
6937
3214
10073
1038
73
337
9919
5431
9786
3210
7312
9747
7313
6940
9694
1487
1490
7438
6942
6941
9693
6939
9746
10078
10072
1039
9476
6817
6818
7709
1629
7226
7228
12313
9714
1631
1604
1724
1630
12554
3491
3490
12255
1809
2748
7708
10495
718
2742
1810
1900
9538
9539
2687
3121
335
9784
6843
6844
9692
9749
9748
336
9785
2744
3120
3119
334
1901
8425
214
210
211
212
213
332
6727
3122
6728
644
1414
10501
1975
1974
659
660
3549
1961
645
10499
10500
10502
661
9485
325
7734
7691
326
327
6730
6731
664
7690
665
666
667
7687
7688
7689
1803
328
1771
1767
1773
1772
649
654
655
329
662
6282
8738
648
9484
209
9483
207
7442
208
240
1633
9562
7642
1634
10301
245
7641
246
241
242
243
6000
873
1327
5999
874
10296
886
6001
10294
9759
10298
875
1748
876
6002
1332
1267
896
5961
1902
1322
9758
10295
9760
6768
1323
1324
5962
10067
9757
1757
11305
11304
1637
11170
1758
10066
8539
1638
1792
10046
1759
10065
10064
6740
6739
6738
5503
1639
6744
6743
6745
6742
11352
6741
11362
8538
5963
10063
1760
1797
10047
6752
1640
5915
5914
11356
11355
6746
6748
6749
6751
5913
6750
11354
11353
10017
7737
1326
1325
7736
6747
10016
1642
1643
7735
1641
7698
11169
2104
7700
7699
1644
5960
4033
4032
1762
1761
1645
1763
1764
6769
1796
1795
1788
1793
1794
1903
1787
1789
6839
1791
6838
12622
1756
1765
2749
1609
1766
12621
1790
1755
9486
1754
1784
1280
2112
2110
2111
7695
1785
1786
6837
9981
2131
1753
1862
2684
10804
1176
10806
1177
9542
10805
1273
1271
1272
9543
10803
10802
1270
10432
10433
10434
1170
2010
10299
5502
10297
10300
10303
5922
1955
5921
2012
2009
897
2011
899
9761
6003
1331
1636
1330
885
878
881
882
1305
653
652
1802
1736
10450
1608
1607
1750
663
888
887
5501
9912
1973
7686
1700
4036
4034
4035
2778
2779
12474
1688
1687
650
7692
1735
8541
8546
651
1730
1734
2776
1169
2777
2772
1731
889
6734
8486
890
4091
7947
1328
8494
8492
892
893
891
1732
2773
2774
1733
8485
894
895
1686
1729
2109
1302
1303
1304
1301
2108
2107
1298
10791
1299
1300
10792
10429
1178
10830
10832
10831
3831
6732
2781
2780
6733
3804
9927
1798
6020
8433
9929
10075
1776
9248
1181
12175
12378
12655
2013
6570
9928
1008
6729
10503
10504
6569
330
6021
3554
5517
7701
3780
471
9916
9917
6726
1621
8332
331
1622
8331
1620
1623
642
11475
6723
1960
8311
1959
1958
467
9959
9957
9955
9954
466
9956
9950
9946
9948
515
9951
9945
8309
8310
641
8308
8569
1486
8312
8313
640
9922
402
395
394
400
393
9494
403
404
638
639
340
341
12493
3176
9921
516
339
338
2747
333
6283
9983
9982
2743
2745
8306
8307
2746
8305
10074
3175
9920
75
74
1037
1035
391
9587
392
1119
7404
1118
1120
9585
1121
9590
346
7719
10657
9581
6819
407
9489
1488
7227
1489
405
9487
1412
7242
1411
406
9488
10902
10901
12808
12809
1743
465
7229
1745
1744
12107
9113
12108
12106
7679
1603
1602
2991
3578
7678
1605
4772
1126
12174
3576
1127
9576
3577
2069
1857
1858
2999
11438
6832
11437
2996
11439
6828
6829
1696
45
43
1701
12981
11227
11226
12620
8376
12524
12523
12477
6878
6879
6883
6884
11622
11332
11330
12261
6882
6885
6881
11375
9545
1891
7846
29
42
1888
7844
7845
7843
12623
11656
11632
12061
11670
2695
44
3302
12478
2698
11769
11768
12140
11132
10396
12637
11418
12618
11246
11416
11417
12636
11425
11420
11244
11243
12462
11369
11371
11370
9495
12128
1214
1719
10493
1213
10492
5508
10494
1215
1216
5509
1217
1218
5510
1224
1199
2696
2697
8038
5518
1201
1200
1198
1212
1202
1204
8533
1210
1099
1953
1211
1208
1203
10372
10370
10369
20
10371
9763
9764
10484
631
630
9766
1097
9767
1718
9768
63
9769
9770
9771
69
8431
933
9774
70
627
628
9751
12171
626
12272
9776
9719
9718
7439
7440
65
67
64
1096
7561
7559
7558
473
7560
5429
12547
8082
1115
1114
10481
1130
1101
1105
1104
1102
1103
1098
1100
1106
10482
9762
10483
9765
12170
10485
10373
10486
10374
10375
8049
10378
10377
33
10381
10380
10379
10490
1209
10489
10376
21
10487
10488
7886
1207
7925
1205
1206
1223
1222
10491
1221
5507
5432
7480
7796
7474
1721
1722
1890
2982
5511
7795
10386
9498
7402
10387
7401
1720
5512
5513
5670
10385
31
7797
32
5671
10384
7479
7475
7476
7478
7477
12654
10383
5433
10382
9939
9938
9940
472
9941
9772
12213
9773
8039
9775
932
931
1410
930
636
12609
1024
1023
1026
7431
1025
8040
7430
12646
11367
34
8081
1022
7754
1020
1019
1016
1015
1889
6767
7429
7432
7728
8080
10090
10091
11167
11419
30
11586
10092
10093
10094
7847
10096
10095
12693
12691
12692
1021
7390
1018
1017
7755
7753
35
1014
1013
39
1012
12694
12695
12696
38
40
7546
7547
7725
7838
7840
7721
7815
7726
7724
7722
7839
41
4570
7848
7723
7814
37
36
7406
635
9629
909
10430
5514
10431
637
5515
5516
634
633
4980
4981
7408
7407
632
7405
9628
679
747
7727
749
11671
10153
10123
10124
910
11585
10126
3004
2133
1610
1618
1611
1617
3555
1616
1615
3556
8290
1613
8289
1614
3307
1612
9257
1619
2650
6719
6720
2651
2649
1166
1167
12214
7621
12215
12216
9961
6724
6725
6718
10676
10576
13012
12278
12277
2580
11293
1879
1880
1878
8316
1009
1010
643
2362
6043
1699
470
9496
469
6567
6568
6722
1492
6721
8493
1168
9960
468
9958
10152
514
9953
9952
399
9947
629
680
9627
7409
9777
9778
9943
475
9942
12172
9944
9588
401
396
397
398
9949
681
748
8328
1011
1957
10125
8426
8429
10154
3003
513
11331
8428
8427
8430
1892
1881
1899
1898
11233
1894
1893
1876
5519
12665
1877
3557
10989
11266
12408
11265
11264
11262
11260
11261
11263
12414
12415
11268
12247
12248
12405
12404
11271
11272
11274
12413
11279
11276
12411
12407
11277
12406
11278
11275
5702
12410
12409
12412
11267
11269
11270
11273
512
2132
5699
5701
5700
11064
12528
11063
11030
1400
1401
1399
8061
1402
9937
2670
2671
1662
1660
8063
1661
1896
1897
8062
3856
2672
12116
11517
1672
7696
1848
7771
1851
522
11192
1850
521
11333
5998
1855
1875
7718
11334
8568
518
519
12697
1895
5698
12377
1856
6880
12527
6876
517
520
1849
1670
1673
1668
1669
2218
2219
2220
11191
2128
4305
1664
2673
6955
1671
4304
1665
1663
1666
1667
6953
6954
6952
11754
11161
10900
1403
10898
10899
10897
1408
1407
1846
1406
8484
1847
1404
1405
1852
1853
1854
1867
11660
1844
1845
2134
1409
1652
1653
12656
11029
11028
11284
11282
1884
12209
12532
12464
12590
1799
1800
11283
11287
11298
11286
12144
11285
11026
11657
11022
11024
11288
11659
11443
11023
11025
11297
11515
11514
11658
12969
12970
12979
12492
12773
12993
1801
12980
11800
11027
11299
12971
12191
12977
12973
12978
12974
12975
1777
9962
2033
9918
12207
1752
12256
12258
12257
12260
12259
11391
11513
11390
11010
10986
10987
11009
11011
11641
11111
11562
12115
2039
7758
1981
1980
2035
4522
1869
1984
1983
7757
1870
2751
1982
11295
2036
2037
12012
12050
3553
3552
2129
2130
1985
3551
3550
1986
1988
1987
2038
12114
11168
11601
10388
12401
12398
12400
11563
11492
2114
12530
2034
12529
12531
2113
8489
8488
8487
8491
2102
1625
11493
12402
12399
11529
11038
11516
10389
10390
10985
1715
2118
1774
1716
2117
1775
12972
12976
11021
2115
2116
2119
12379
2120
12380
12367
12372
12369
12373
12374
12397
12396
12080
12079
12371
12370
12078
12416
12368
12190
12364
12403
8297
1180
1340
12679
1338
1339
1341
1179
1336
1333
1334
1335
1337
12647
1342
10141
1343
2121
1175
2040
1174
2043
2122
12649
12648
11218
12653
12652
12650
2042
12208
12441
2041
12439
12440
1868
10837
1172
1173
10835
2124
2123
2125
2126
10836
2127
10392
10838
10393
9497
1281
1282
1283
1284
1285
1286
2105
1624
2106
10843
2103
8302
1289
8490
1287
1288
1290
1295
1294
1297
1296
1291
1292
2763
1293
1650
1649
2767
2764
2771
2769
2770
10518
12386
10517
5500
7731
10516
1751
1737
1969
1971
1972
9913
7951
10639
1965
1966
1967
7885
1626
7883
7884
8544
1963
8543
2766
10795
2775
10796
2768
1648
1651
2765
12385
1964
8540
8542
1970
8545
8547
5911
5910
7760
7759
5912
1275
7578
1276
7579
1278
1277
12538
1279
12539
7682
7580
1274
7872
12591
7683
10515
7871
7870
10514
9914
9915
10436
1269
10435
1956
10302
1954
1268
1968
6737
12275
12276
898
884
877
883
6735
6736
10010
1265
8322
8323
10012
10011
1306
1266
1749
7554
10368
879
880
656
657
8182
1804
658
647
646
350
349
10498
348
5909
9521
10497
11160
717
10496
1811
1812
1806
1807
1808
1632
9517
9518
9519
9520
1329
10848
9516
1907
377
1635
7577
9513
1628
9510
9509
9508
901
900
7966
11159
11158
233
1904
7562
215
234
1906
1905
237
10789
1415
1416
235
7563
7565
1739
1738
1321
8469
1311
1742
1741
9565
1313
1308
1310
1307
1309
1312
1316
1317
1318
1319
1320
9564
1315
1314
1740
7564
1747
1717
236
238
239
2067
244
4523
5504
10565
11522
9512
5505
1805
11196
9515
9514
9511
9507
9506
928
12389
12390
8324
2992
5506
2068
1417
369
367
368
371
7557
12517
12518
7733
836
6546
6106
7732
12651
370
372
1746
1128
373
374
940
10561
6935
7556
7707
12526
376
375
6502
6503
9452
6501
9451
1683
1682
6810
1685
1684
592
6
8
7
9
13011
10
8842
9455
9453
7575
10463
7573
571
7574
7567
7566
4976
1872
8304
12129
4975
12130
1977
8303
10689
9457
9458
9454
9456
232
11155
11156
11154
9447
11157
12585
12635
4274
8639
12634
11
9547
11112
10427
4605
10426
8434
5303
10425
5298
5297
353
352
977
5368
8464
1588
1978
1590
1979
12797
1589
904
1383
1381
1397
206
1380
1382
225
1398
463
1592
1591
10197
7036
419
420
2734
224
902
903
204
10059
10060
10061
10058
2008
1578
1579
1577
2682
2681
7026
1581
1580
5296
1583
5367
1582
1585
1586
524
523
11634
565
9472
431
429
9895
570
422
555
421
413
408
412
411
557
427
428
1657
568
9898
9899
6512
10056
1220
1219
1388
6511
10055
569
9362
9359
7435
9360
9245
9505
9244
9988
10057
9504
9243
10443
10444
10441
10442
13018
9361
7786
7787
1346
10419
11171
11172
1347
1351
10418
10417
1352
1353
10416
6514
1348
6513
1349
1350
10415
1358
1356
10414
1355
10413
1354
10412
1357
10411
1359
6825
550
10144
528
8931
8933
1656
8929
542
9465
10146
10145
9527
7857
9529
9528
9530
9531
7858
7859
9535
9532
7775
12365
12366
9533
553
9658
8132
8133
9657
8134
434
10150
9534
10148
9537
9536
10147
551
8043
552
10149
433
8045
432
2718
549
8046
6007
543
544
1655
8247
545
546
2699
8044
529
8932
10143
12553
10235
10234
10233
10232
10231
3295
1360
10194
8440
1232
12658
7310
4196
7309
12381
1231
8439
1230
8912
1229
12509
10088
10196
1225
10195
7603
4178
11440
1227
1228
1226
12855
4186
10570
1234
4172
1253
7601
8406
1254
4171
11291
8786
7602
1255
9869
12212
1233
7548
9143
7443
5917
5918
9868
12388
6948
2493
12387
8580
5706
8838
8578
8572
6477
8576
4251
4250
10571
10572
8573
6478
6479
6480
2022
5707
5708
8837
5709
10808
7135
8836
10809
8888
2023
2024
2026
2025
2016
2017
10574
10575
8887
10573
7136
8886
2492
10884
2491
10343
10345
10347
10348
10822
7393
7391
7395
7394
7398
7397
11115
10346
10342
7399
10344
7392
10878
8587
2019
2021
2020
2018
8589
8588
6682
6683
6681
11521
10823
6680
12176
10825
10826
11228
11230
11231
11229
11232
8591
3326
3327
10406
10407
10408
10824
3328
7746
7748
7747
7749
8571
8590
992
11346
8592
8594
8593
8595
8577
8575
7957
3685
11525
994
7962
7964
7965
993
8570
8574
7767
8579
7400
10890
11642
7793
8008
8028
8026
8027
10891
991
10556
10555
10557
2655
2654
7978
7977
7980
7995
3656
7976
7940
7941
10526
8735
3627
10520
10513
3628
9335
7501
7502
11224
11225
7500
9336
9337
9338
7499
7992
10521
7503
10189
10188
9339
10187
12005
7993
12008
10186
9717
9732
8004
12004
9731
9730
9725
9727
9729
9726
9728
12007
12009
12006
9334
4368
4367
4366
4365
4370
4363
4383
9686
9685
9687
8096
9333
9332
9331
9330
4369
4364
9322
9323
9329
4362
9326
9325
11926
4360
4359
9342
4348
4339
4325
9327
9328
4335
9340
4337
9303
4324
4361
9302
4329
4336
4332
4334
9306
9304
9305
9307
4338
4340
4347
4343
4358
4330
9314
9313
9319
9318
4326
9321
4350
9315
4349
4354
4356
9312
4346
4342
9365
4344
4341
4345
4327
4333
4331
4328
9308
9309
9310
9311
4382
9343
4381
4380
9341
4353
4352
4351
4357
4355
9317
9316
9320
4373
3843
2361
8098
8097
11647
9324
4388
4389
4394
4390
4391
4392
10216
8180
4384
4401
4399
10215
4400
12830
12852
4385
4397
4395
4396
11048
11049
4372
4386
4387
10855
10856
4402
4403
4425
4404
4409
4406
4407
4408
10883
11644
4410
4405
11771
4411
11645
11643
11646
4414
4413
4416
4415
4393
11208
11190
4418
4417
4420
4419
4421
7729
4422
4412
4424
8181
4398
4423
11306
11307
2204
11791
11793
2203
12424
12423
12422
12425
4291
1840
10351
10338
9803
10336
2199
4713
4712
10333
11711
11363
10349
10341
11582
10340
10350
10352
10334
11364
10332
10331
11712
10329
10330
9750
10328
10327
10326
12434
12435
12436
12437
10335
10337
10339
1839
1838
11566
11568
11565
4293
11567
4292
1841
2206
2205
4294
4301
4302
7953
4298
4299
4300
4303
6964
7939
4297
4296
4295
2207
1842
2208
4371
2211
1837
2210
10854
4379
4376
4375
4377
4374
4378
11775
12698
11772
11773
11774
12421
12466
12419
12468
12420
12469
12467
12465
12470
12471
10983
10984
12159
11394
10971
10973
10972
11395
11393
12160
12162
12161
10970
9688
2209
4008
4007
9285
1428
1430
4005
4004
3986
10875
4003
4002
1431
9218
3979
9222
1843
3977
9224
9232
9219
3768
3769
1833
9301
2201
1832
3981
3770
3841
3842
4321
4322
4323
11004
9286
3978
3980
4148
3932
8436
3898
8437
1836
1835
3931
3934
3933
3935
1834
3767
3936
3937
3968
3972
3973
3938
3976
3975
3969
3974
3967
3966
3963
3971
3965
3970
3964
8438
3960
3962
3961
11396
9189
4151
4150
10560
3771
3900
3899
4029
8826
11387
572
3949
3950
3948
3952
3951
3953
4149
3954
12925
3956
3947
3946
3957
3959
3958
7295
3955
4028
3911
3879
3915
3913
3914
3916
3917
3918
3919
3920
3922
3924
3923
3921
8772
3945
3944
7761
3939
3943
3942
3940
3941
10446
11039
8825
8807
8803
8802
8811
4215
4214
11398
11397
8619
8666
8618
8765
4207
8766
8767
8768
8621
8620
4210
4209
4208
3847
4206
11402
8665
4239
4240
4235
4236
11382
8625
8626
8630
8627
4205
8722
8721
7625
8685
8686
8681
8607
8604
8605
4213
8629
8603
8632
8628
8606
8631
7628
7636
8737
7627
7626
11250
7631
4146
4145
8834
7630
7629
7633
7635
7634
7632
11251
11252
12021
11200
4141
10320
10314
11201
4142
4140
10319
4026
10321
10315
4025
4128
10318
4024
10325
10317
11580
10316
4139
4138
4129
4131
4130
4133
4132
4135
4134
4137
4136
10313
8829
8680
4143
11198
11202
11199
12024
8839
3161
12789
12022
11254
11253
8809
8806
9344
8805
8804
8794
8810
8801
4010
4011
4012
8808
8812
4009
2200
3812
3811
9221
9223
9220
3982
3983
3985
3984
3988
3987
3990
3989
3992
3994
3991
3993
3996
3995
3997
3998
9300
11564
3999
1425
1426
9295
9296
9299
9293
9294
4000
1427
9298
11584
9170
1432
4001
10873
10876
4118
4117
4116
1429
9172
4041
9173
4043
4044
10581
4047
4048
4050
4049
4051
4052
4054
4053
11050
11054
11052
11053
11392
11051
12985
12984
4055
4056
4057
4058
4059
4060
4061
4062
4063
4064
4065
4066
4045
4067
4071
11405
11406
4046
4095
4069
4070
4068
4077
4073
4083
11163
11399
4075
4088
4089
4090
8095
4074
4086
4087
4084
4085
4081
4080
4079
4082
4078
4076
4094
4093
4092
10874
4072
4096
4099
4097
4098
4103
4101
4102
4100
4104
12794
10872
4039
10877
4106
4105
4040
4107
4108
10871
9169
12292
10578
10577
10579
12293
12294
4112
4111
11756
9171
10580
11558
4042
11559
4006
4115
4119
4120
4121
4114
9690
11587
4113
12699
8897
4109
4110
8894
9297
8895
8896
8892
8893
1424
4122
4126
4123
4124
4125
4127
12791
1420
4234
2535
8797
8787
8789
8788
1421
9560
9561
1422
1423
12790
4237
4238
8623
8624
11379
11383
11380
11381
8654
7294
11125
11124
11236
11123
11121
8655
7952
12751
11235
11122
8715
12777
7622
12776
817
3318
8662
8456
8723
1418
8457
8667
8668
8674
8669
8706
1419
4219
4220
1679
1680
4218
4217
1678
8724
8726
8708
8705
8704
8725
8707
8659
1681
820
7882
4221
4222
4223
4224
4227
4226
4228
8245
4225
8246
8550
819
8796
6276
6274
6278
6275
6277
4233
6273
8800
8798
8799
8795
9691
4229
4232
4231
6887
4230
2536
10304
8656
4216
8661
8658
8660
8657
818
8716
8717
8718
8719
8684
4201
4202
4200
4199
4038
8670
4197
4037
8673
4204
8709
8710
8675
8671
8676
8672
4203
4198
8683
8682
4147
8720
925
926
9659
4144
11045
8678
11043
11044
8734
11046
8679
12391
11047
8711
4759
4761
4762
4760
8727
8728
8729
11674
11091
927
4758
4757
11094
11090
11093
11092
921
8730
923
4756
924
9664
9662
4740
4741
4743
4742
9660
4739
4744
4745
4751
11089
4749
4750
4748
9663
4752
4746
4747
4753
9665
4737
4738
9667
9668
9666
8260
9669
8259
4755
4754
922
9661
920
9683
9670
9671
9672
9680
9675
9673
9676
9678
9674
9677
9684
9679
9681
9682
821
8714
8713
4834
4835
8712
12779
12832
12833
6332
6331
12684
6333
6334
6335
6336
6337
6338
6340
3255
6342
6330
6341
11015
10180
10178
3268
6345
6346
6347
3254
6349
6348
9415
9414
11076
11075
11074
10663
6339
6350
3253
6351
6352
11073
11067
11066
11065
11069
11068
11070
11072
11071
6353
3252
3251
12321
6375
12966
918
9804
12775
12249
12322
12320
12324
12323
12325
12326
6379
12327
6380
12319
12318
12317
12316
12315
5718
5738
10181
3728
3729
6985
12314
12329
12328
3730
917
8051
8053
8215
8052
6573
6609
6610
6574
6572
6601
6603
6607
6606
6604
9412
9409
9410
7675
9413
5988
8223
8222
916
6600
7741
6575
9441
9440
9443
3739
7743
7742
6599
10868
6602
6608
8398
8248
8249
12340
10465
12339
12338
12336
12337
12341
12342
6983
6984
6982
10464
6981
9417
3745
11193
8224
3744
3743
9418
3742
3741
3740
9442
7676
9439
3738
7660
5985
5986
9271
5983
3747
3746
3762
9214
5982
11096
3749
9273
9272
3748
7659
11095
3750
3751
4271
5990
3758
3756
1345
3757
3761
3755
3753
3752
3754
9215
8226
8227
7658
1344
9217
11101
4272
9424
12752
10399
575
10398
10400
9406
9402
9405
4267
9429
9433
9431
9434
4269
9423
4270
4521
9422
4268
7673
7667
7669
7668
7662
7663
7664
9407
7665
7661
3737
3766
915
5984
11106
5987
3760
5991
7670
3736
3733
3732
3731
9408
3759
7674
9411
5994
11590
5993
11589
9420
9419
6605
9416
5989
5992
8217
9584
9403
3734
5995
3735
7666
7646
7672
9421
7671
9404
4266
6545
9462
9432
4265
9430
9435
4841
9428
823
9427
9436
8405
9437
9426
9438
2215
4886
4887
4884
2214
2668
2667
2665
7612
7613
4904
11097
4903
6525
6527
6526
6528
6533
6529
6532
6530
6531
12629
12630
12628
12627
6534
10888
10887
10886
11476
12625
12626
6535
11222
6536
10889
10885
11523
4965
4962
2213
12769
2212
11524
7648
4257
4256
4255
6322
4933
4937
4913
4946
4949
4942
4943
4939
4950
6324
6323
10648
10650
11573
10649
4947
4948
4940
4967
6320
6319
6321
4842
12768
11256
6317
6316
6318
6315
9704
6314
9702
11920
11257
11918
11916
4254
11917
11919
11255
10679
10680
6313
10681
6311
6310
6309
10864
11414
11415
6307
6305
6306
6308
6303
6302
6304
11412
6299
6301
6300
11413
6296
6295
6297
6298
6294
6293
12678
12676
12677
6312
12535
6285
12675
6292
6291
12673
12674
12669
12671
12670
12672
6290
6286
11627
12668
7647
11591
11624
5968
4964
4966
4963
6537
6538
6539
6540
6541
6542
12065
12798
12064
12063
12062
4923
4929
4931
4936
4924
6543
6544
8360
4925
4912
4951
4952
4953
11005
11007
4954
4955
11316
11317
4957
4956
4959
4958
4960
10651
4897
4910
4905
9926
9925
4899
4890
4889
4896
4888
4961
8216
4877
8444
12991
4874
11258
4876
4875
4873
12770
12772
12771
2666
5769
5770
5771
4259
2307
4260
4263
10477
4262
8402
8403
12766
12767
12765
12764
4261
4264
8401
8396
8399
8404
8397
12392
12759
6119
6120
824
12762
12761
12760
2234
10697
11194
11195
2281
12710
11210
11138
11135
2262
2268
2248
2257
2259
2253
10656
2327
2267
2326
2266
2325
2288
2287
2286
2344
6266
2285
10688
2290
6165
2273
2274
2291
6257
2292
6262
6258
6259
6261
6260
2293
6256
12088
12701
12089
12707
12703
12702
12706
12700
12086
12705
12704
12087
2341
2340
2342
11219
6164
2289
2343
10448
5616
6162
6163
10449
6157
2322
5618
6210
6156
6155
5614
6158
5613
6154
10655
2357
2356
6264
10452
2355
10451
6263
6150
10453
10456
6159
6235
6161
2359
2354
6232
6234
6236
6230
6233
2324
12708
6194
6241
6242
6229
6225
6228
6206
6227
6226
6223
2323
6168
6243
6207
6252
6251
6208
6246
6244
6245
11087
6247
11085
6248
6172
6171
6170
6249
6250
6174
6173
6212
5724
6205
6213
5722
6202
6201
6190
6189
6191
10457
5721
10455
6214
6215
6216
6187
5725
6181
6177
6179
6176
6178
6175
9716
9715
11539
2328
12393
2329
6180
11488
11491
11490
6185
6211
5726
6184
6183
6182
5727
11088
8296
2331
6186
6188
6199
11034
5713
6198
5719
6197
5714
5715
6195
6196
6203
6192
6200
6204
10454
5723
6217
11033
6193
5720
6166
6167
6169
6219
6221
6218
6220
6222
6240
6224
6237
6238
6239
6255
6231
6209
6160
5617
10653
10654
6147
6149
6148
6145
8938
6151
2347
6152
2346
2345
6144
6146
6142
6143
2358
6141
6140
6134
5615
10652
6153
2352
6137
6139
6138
6136
6135
6133
2353
2297
6253
6254
2298
11794
11795
11797
11799
11796
11798
2311
2310
2302
2299
12177
2348
2244
2243
2242
2256
2247
2260
2270
11186
11189
11188
2226
2222
2224
11197
2278
2223
2221
2225
2233
2249
2232
2241
2240
10116
2252
2255
2251
2250
2276
2275
12382
8017
247
59
55
2337
10268
10269
2296
2336
10223
10221
10224
10219
10229
10222
10225
28
1171
12819
9503
2238
2236
7866
7867
56
10963
7865
7864
7863
12521
11217
57
5740
2317
2313
2316
6519
2315
2321
6520
6521
9372
611
6522
8326
610
8325
9287
12395
1184
1182
261
1196
262
263
2001
8242
264
266
267
1190
268
8152
1191
1195
8153
265
7920
7924
6871
1183
5455
5456
8293
8294
8295
8239
8240
8241
2330
5499
6874
6873
6663
11530
8327
11528
6665
11608
6666
11609
6664
7523
7522
7880
7524
11347
7878
7879
7877
12722
12724
12721
837
269
270
5879
5878
959
6110
956
957
3588
3591
5475
3590
2532
2533
2534
6109
5865
5866
3592
8299
5863
8563
8558
8561
8554
8556
8234
8560
8559
8562
8557
8555
5876
5875
5877
4022
8926
4701
8148
8151
10000
10001
8144
10009
11469
10007
4702
9999
10004
10008
8149
10005
12137
10003
10006
12136
8150
8200
8201
607
5450
5451
9548
10002
609
4982
12384
951
6381
8927
8301
952
953
954
6051
8300
11981
7936
8159
11377
11378
5996
5997
5965
605
603
7361
4479
7362
7359
7360
8343
8340
4473
7363
7364
7365
8341
4474
8521
8512
8519
8510
8520
8511
4478
8342
8530
8526
8524
8527
8531
8532
8525
8528
8529
8517
8518
8522
8523
8514
8516
11788
11784
11787
7345
7357
7354
7351
7355
7352
7353
7356
9558
9559
7350
7349
7348
7346
7347
11570
11569
11571
11572
8386
10964
10965
7358
10013
11782
11785
11127
11783
11786
8548
4475
8059
8060
8515
8513
10794
7370
7371
9706
2759
4708
4707
2758
2573
2574
12714
12715
2575
9796
9797
5893
5894
8567
8505
2576
5892
2755
2577
2578
5903
9798
2579
6384
6383
10793
11536
11537
11538
2754
5904
7368
7369
7367
9395
9393
9885
9884
9872
9890
9891
9887
9888
9879
9889
7343
8506
9876
7344
9886
9873
9881
9880
9877
9871
9875
9882
9874
9883
9878
8507
8498
8501
8496
8509
8499
8497
8503
8502
8508
2753
8500
11588
8504
8495
9396
7377
7378
2752
7340
7341
7342
7421
7416
7428
7415
7422
9807
7423
7426
7425
7427
7418
7417
7420
9397
9392
7419
9805
9806
7424
7330
7331
5766
7332
5765
9569
12847
12242
12243
12244
7333
8103
12846
9391
9567
9566
9568
9398
7338
9811
7339
9813
9812
9810
9394
9792
9794
9793
9795
11294
1882
7336
7334
7335
7337
1883
7382
7373
7374
8183
12712
12713
7375
9705
8390
8391
7376
12718
9054
12717
12716
8185
8277
8184
5901
5902
11359
7824
8278
2572
11357
8276
2757
7826
7821
7822
9826
9848
9841
9835
9838
9844
11512
9840
7827
7825
8385
9856
9863
9864
9862
9855
9854
9857
9858
9859
9861
9853
9860
11748
12119
7823
5895
5898
5896
5897
5899
9814
9817
9815
9816
9865
9866
5900
9818
9822
7816
9829
9831
9850
9827
9833
9830
9846
9849
9852
9843
9837
9845
9847
9836
9828
9825
9851
9839
9834
9832
9842
7817
7818
9821
7819
7820
9819
9820
9823
2756
9235
11770
12121
12120
11358
9892
5369
5370
5371
5449
4709
2760
12720
12719
5446
5447
5445
5448
5444
5443
5442
12558
12560
2761
4710
12557
6042
12562
12561
12559
12826
8339
12825
11988
11989
11986
11987
5441
11993
11985
11996
11999
11984
11997
11994
6382
11990
11983
11992
11995
11991
11998
8291
7366
601
600
4706
8156
9541
8157
8154
8155
8158
4705
4703
12011
12010
606
10847
11980
7379
7380
7372
9620
9619
9621
604
5964
5966
7381
8422
8423
5967
8424
12565
12563
599
4711
12564
602
2762
4484
6524
8363
6039
6108
6040
6041
8344
8392
8364
598
4483
4480
196
596
597
12723
4704
8146
8147
608
8145
4021
5874
5864
4020
5868
5869
5870
5477
5476
8168
5867
5872
5873
4019
5871
7937
7938
8233
4018
949
5489
5488
4467
8176
4468
4469
7930
7932
9049
8177
7931
8105
8106
8162
8163
8104
8164
950
8160
8161
8166
9689
8167
8165
4462
9044
4014
4015
5860
8172
955
5437
5439
5438
8171
5452
8170
8169
846
845
5480
6036
844
843
842
841
5478
8232
5436
840
838
839
850
5435
958
271
3589
5739
273
272
5881
12496
12497
11583
12495
11619
12494
12504
5457
12501
12502
5882
11676
11675
12503
5458
5459
12498
11461
12500
5471
12499
5883
5884
5885
8329
5469
5460
5440
9051
9052
7009
5479
5453
5454
8174
8173
8175
5862
5861
8421
5491
5492
849
854
5493
853
5490
851
453
852
464
11280
8459
8042
11281
8455
856
855
454
455
456
5495
11055
11056
10784
10785
10786
10787
458
459
5494
457
848
4013
847
11350
5481
5482
6037
5487
5486
5485
6038
5483
5484
5750
3081
4016
5759
4017
446
447
685
947
683
684
8229
8228
737
5763
7762
5764
7763
682
3303
5757
5753
448
5754
5755
5756
9048
5760
5751
5752
5758
449
450
451
460
8178
3321
948
5761
12725
9045
11058
11059
11062
686
687
715
714
445
2729
8190
9053
461
9047
4023
860
9050
11060
12566
11061
9046
738
742
862
7923
12152
11057
12153
861
12151
863
740
5762
741
5467
5466
5728
5465
8448
5464
5729
5463
5472
5473
5462
8446
5461
5474
5887
5886
5888
5468
12507
12508
12506
12505
8230
8231
5470
274
5891
10076
11032
10077
11031
275
5890
858
5730
5889
9371
5731
9780
7956
7955
5717
5716
452
9779
9781
5735
9376
7791
5734
5736
5733
5732
857
8380
11804
8381
8378
11615
9907
195
191
8379
58
9502
257
12520
2239
6872
258
7790
259
260
8194
8193
8298
8195
8196
8292
8192
8191
1192
1193
1194
1189
1197
8225
6374
1185
1186
1188
1187
12394
8142
11487
11489
8400
11086
11556
9127
8564
9128
9471
11545
11543
11541
11547
11546
11544
11778
11781
8197
9491
11777
11780
8199
11776
8198
9493
9492
11779
2309
11180
11181
11179
11548
11549
11542
11550
11557
11553
11554
11552
11555
11540
2312
2295
2305
8011
2300
2301
6788
2320
2230
2229
2228
6523
2294
10098
2319
2318
2314
2332
5742
5741
5745
5743
5747
5748
5744
5746
5749
10097
8018
8012
11178
2279
2245
2227
8016
2231
2246
2277
8013
8014
8015
2338
2269
6440
10845
10844
10846
10788
2339
2265
2264
11187
2263
11148
11149
11142
11140
11141
11147
11146
11143
11150
11144
11145
11139
10458
11136
11137
2261
10479
8828
2280
2284
2282
6777
2283
6772
6774
6775
6786
6776
6785
6787
6784
6779
1069
1071
1070
1068
6778
11510
1067
6771
2351
6782
2350
2308
2303
2304
6780
6781
2254
2349
6783
2258
6773
8827
10478
10480
10476
8143
11211
11214
11213
11209
11215
11212
6434
6433
10698
2235
2237
11216
12711
12475
10217
2306
10218
1860
12548
12299
12298
12300
12301
6435
6436
2272
6437
6438
2271
10474
10471
869
10472
10865
10475
10896
10473
870
871
10292
10293
6422
10291
9801
10199
10203
6271
6272
6270
10437
6430
10439
6957
6429
10438
10440
12266
12267
12265
10167
6431
10207
10206
6425
6424
10198
10169
10200
10201
12418
6117
12417
10807
6426
10205
6423
10289
10290
10288
4568
8583
6547
10511
10507
10512
10509
10510
10508
10505
6558
6559
3772
11321
11320
11322
11319
12763
12644
12643
9463
9464
9461
11323
2216
9460
9459
3225
3224
9033
9027
9020
3222
8972
3300
8970
8272
8273
8973
8971
8977
3273
8984
9007
8824
10506
8820
8818
10212
578
8819
8821
8822
8823
907
9055
10447
625
11245
986
10395
10394
624
8211
60
8212
119
118
114
311
312
867
868
8262
120
12726
8208
8213
12545
8206
8207
11242
11241
117
984
982
983
9106
12274
12273
9108
12642
9107
12640
116
9103
115
310
9258
6949
8261
12641
12138
7897
24
25
26
2658
6950
5496
5498
5497
313
985
6008
193
192
9499
6951
6107
8286
9479
9478
8258
8255
8257
11764
321
83
95
85
53
6035
8388
86
87
94
88
89
125
126
159
169
160
10966
161
164
162
163
165
166
167
168
170
171
174
172
173
9377
183
179
12141
12142
180
181
182
10967
296
300
8447
299
297
298
11368
314
5737
315
304
319
301
302
318
303
317
293
866
292
316
289
290
859
291
286
287
288
285
284
184
8377
277
276
278
279
280
281
283
282
7922
7921
11790
189
9378
190
294
8648
9375
9374
9373
8643
54
254
253
252
10699
2334
6432
10171
249
256
248
250
251
10263
10266
255
10264
10265
10267
2333
2335
10226
10228
10962
10220
10227
9501
9500
27
8111
9105
9102
9104
7898
8442
8209
8210
12522
51
10210
10209
10204
10202
6427
6428
10839
10840
10841
10211
10403
10208
10287
10286
10165
308
10262
11120
10168
10278
10163
10170
10164
6441
10166
10842
306
307
305
295
8214
8650
8640
62
61
76
78
8642
79
188
187
186
185
8646
197
81
9782
622
623
84
872
620
619
621
8645
82
8644
8649
80
178
8641
175
176
177
8647
11118
77
11117
320
5880
8256
12727
8288
8287
9477
12728
11326
11327
10853
10851
10852
10857
322
12546
11324
323
11325
201
8101
324
8102
200
198
199
149
150
145
12245
144
143
153
98
202
97
96
146
99
155
123
122
147
124
154
2031
9069
9074
11614
9065
9085
9082
9072
9066
9083
9067
9070
9076
9073
11098
7187
9131
9132
9068
9259
960
12206
9090
12831
9071
12234
12235
12236
12610
9084
9092
6369
9824
9755
9754
9756
9752
12073
9753
10309
9091
9056
9057
9133
7854
357
358
9058
360
356
9134
359
9075
9089
9079
9086
12139
9088
9077
12147
9099
9097
9081
9094
2677
3792
3793
3790
2678
9176
6571
12383
8833
3795
8688
12645
12570
2679
378
355
6870
3791
3794
2717
1006
1007
12556
7024
4525
4526
7581
613
612
7311
4524
9380
9381
9382
9384
9385
9388
7497
7498
9383
9386
9387
9379
614
1004
7595
1005
7594
9125
7933
9124
995
7307
996
8582
997
998
8596
1003
1001
1002
7308
7969
7590
7589
9743
9744
12550
10829
2713
9745
2714
2715
2716
9126
8693
8691
8692
8581
3083
7130
8585
7131
8584
11749
8925
1000
7129
7752
11801
12608
12682
12681
12066
6936
12067
12100
10459
3082
8100
12158
12856
3085
3084
8407
7302
9111
7306
9110
7305
8409
8408
3086
3087
8450
3107
3593
3101
5969
10660
3100
5972
987
3103
3104
3105
3106
10553
8740
2845
7861
3607
3608
3022
8743
8760
8763
8751
3024
8745
8755
7954
3023
8759
8746
8753
5767
5768
9116
8752
8747
8845
3889
3884
3875
1059
3874
8750
8754
1057
9276
1056
9275
1052
1053
1055
7650
7651
8362
7649
8361
7680
1054
1060
1058
1061
3873
3886
7677
3885
3887
3888
3890
9154
8846
8850
8843
10460
8756
8847
3061
8840
8764
8739
8757
8761
8758
8741
8749
8744
8748
8742
3054
3057
7973
8889
3066
3067
9249
3052
3065
3050
3069
9168
9153
3048
9157
3049
8281
8244
3043
3047
8280
8284
9120
3046
3045
3606
3860
8283
9119
7511
7963
9117
2930
3035
3028
3033
3027
3034
8899
8871
8884
7527
8883
7536
9267
7414
7413
8858
8859
8857
7003
3813
3814
1462
1464
1465
1463
1461
1460
9936
9188
3855
3854
1466
7550
1452
7549
1447
1453
1454
1455
1456
1468
1467
2652
12851
12850
8793
10122
3869
7609
3872
10105
8790
8792
3870
8791
11560
7778
7777
11519
11520
12288
12279
12289
12290
12291
3839
11620
3880
3871
12285
12284
12280
12101
12282
12283
12286
12287
9466
11561
12281
8058
1048
4027
12295
7720
3806
3805
1440
1439
10895
10893
10894
10892
1438
8652
10367
3808
3815
8651
1434
3807
1437
3817
3810
3809
3816
1435
1436
1445
1446
1444
1442
1443
1433
1441
1448
1449
1450
1451
5428
9278
9281
9279
9280
9277
1457
1458
1459
10366
9266
9265
5705
3848
9262
3329
3883
7388
7389
7387
1049
9260
8218
3882
9263
1051
1050
9261
3881
9264
9178
9177
10121
5703
5704
7385
10364
7386
9193
10365
9194
9192
9196
9195
3025
3026
8919
10849
8921
3861
3863
3862
3864
3031
8920
7694
7693
3029
3030
3032
3041
3040
3036
3039
7002
3037
8947
8948
1831
8949
8950
3853
8435
7528
3044
8279
3042
8778
9118
8285
7274
7512
7514
7513
3051
9167
3605
2844
2843
8848
1062
1063
2929
8780
3053
8779
8282
3062
3059
3060
3058
8907
3063
3056
3064
8900
3075
3055
3080
7974
7517
8945
7134
7133
7516
3118
3076
3077
3078
3079
3115
8844
3114
8266
3117
8265
3116
8946
7518
3073
3072
3071
3070
3068
8880
3074
7813
8865
8866
1830
8873
8876
10666
12192
8868
9482
9480
9481
8914
8622
1709
12349
12350
4249
8916
9563
5906
5905
3322
3323
7604
3497
3324
8915
351
3325
7596
2680
11318
8913
3293
8614
10799
10798
8041
11289
9135
7291
11290
8613
8781
7276
11221
7275
8612
7316
988
989
990
8616
7318
8924
354
999
8615
12683
10272
12680
7231
7317
8243
8690
10270
10273
7624
7545
7623
10276
10271
3579
8732
3580
3693
9156
3587
7582
7132
8663
7542
3585
7534
7319
7246
3586
7540
7533
7531
7532
7544
11577
3601
8019
7245
7535
3581
11376
7293
3600
3582
8733
7543
3599
3597
8736
7968
3598
3596
7620
8785
3603
3602
8267
7617
3604
8784
8782
8783
7530
3609
1065
2846
7862
1064
8762
3594
3595
3091
3099
3094
3092
5387
3097
3575
3111
3112
3573
5975
3572
3109
3110
3113
3571
5970
8774
5388
5971
3108
3096
8035
3102
3095
3093
3090
7942
3574
3098
5973
5974
8908
3089
5977
3722
3088
3260
8988
8776
8775
8141
5976
8985
7297
8986
3719
9348
3701
3707
8010
3720
8989
3721
9346
3706
7645
3708
3697
3696
7655
3725
10323
7296
3695
9011
9017
9035
8999
9018
9040
9008
9029
9183
9187
9180
9181
9186
10685
10684
10682
3715
8009
10683
10466
8994
9024
5919
3716
3718
3705
8036
7654
7653
10677
9179
9185
3709
9023
8996
3710
9369
10736
9282
10737
3779
3714
3713
10678
3712
3711
10155
7779
7782
7783
9370
12473
3866
3868
9570
9571
3867
3865
9283
3259
7784
9274
7785
3876
12753
7959
7961
7960
3878
3877
7780
7781
9291
9292
3717
9182
3726
3258
3727
9240
9241
9239
9238
6993
10867
6992
10700
6991
6990
9470
10866
6989
6988
6987
6986
6994
4252
10858
10172
6995
10860
10859
10176
6355
10177
10179
6356
6354
11792
12685
6343
3256
3257
6344
11084
10707
6997
6998
8365
6999
6996
10863
10175
10861
10174
10173
10862
7001
7000
9236
573
9237
7958
11082
11081
3928
3840
11388
6329
6327
6328
6325
6326
10664
3844
10665
8057
919
822
9703
12778
12758
8395
4258
12757
12756
4253
3250
11014
12311
12310
12312
11083
8359
6376
12307
12305
12306
12302
6973
6972
12303
12304
11308
11361
12308
11099
6971
11100
6970
10469
12309
6975
10468
6974
9358
6976
10470
6978
6977
10869
10870
6980
6979
3249
3248
10687
10686
10981
9469
10980
6684
3247
9356
9444
10704
10706
9355
10705
10702
9357
10703
10701
3246
3267
8007
3245
10693
10690
10708
9289
10696
9290
10691
8034
8037
3698
9390
10694
10695
10692
9184
10322
9010
5920
9028
9000
9025
9009
9031
10405
3694
8993
9012
9032
8998
9039
9036
9288
3700
9002
3724
9021
8990
3244
9284
10402
10401
3266
3240
3241
3242
3243
3239
3238
3237
9001
9003
7644
3929
574
577
7519
3930
7521
7520
576
3236
11040
11041
10305
3234
3269
8976
8982
8975
3786
3787
3785
3235
10306
3777
9216
9425
3774
3775
3776
10214
8252
8968
8961
3773
8967
9038
9005
3223
9015
9013
9019
8974
8965
3226
3227
3228
7739
7738
8966
8962
8964
8251
3229
8978
3271
908
3778
3788
11006
3789
11008
11035
8250
11003
3270
3230
3272
8960
3233
3231
8274
10712
11752
8944
3232
8987
7656
9349
9350
5981
3704
3702
3703
5978
5979
7298
7301
7300
7299
7304
7303
9026
9554
8995
9016
9022
8992
9014
9583
5980
7652
9347
9345
3699
3723
9037
9006
9004
9041
9030
9034
9354
9353
8997
7643
9352
12581
8991
7657
8981
8983
8979
4279
8980
3261
12180
12268
12269
10397
3797
12580
10310
7943
12579
6095
9123
10324
8910
2217
6094
12179
8118
8114
8115
8116
8117
10213
10790
8123
8129
9115
8130
2661
8131
9114
2662
8128
8963
8127
8969
8122
7740
8253
8254
3784
3783
8125
3782
8124
2664
2663
8126
11103
11102
3781
11107
11110
11109
11108
8119
8120
8121
3796
3262
3265
3263
3264
12783
6557
12784
3282
2659
12782
6560
12263
9059
2202
12781
12780
9064
9063
8024
9368
2660
9062
8023
8022
9060
10539
8021
10538
8664
7605
8020
7610
1066
9061
12271
9367
7525
7526
579
12270
8689
12785
9100
8263
490
489
11433
9101
9098
9095
9093
9096
11351
580
9109
3299
3281
3296
3297
3284
3285
3289
8872
8864
8863
8869
5907
8870
1704
8205
1705
8203
7619
7618
7273
8269
8270
8271
7614
3691
8268
7615
7616
7529
3692
8903
8902
8901
8905
7950
8906
7949
7948
8904
10277
12353
10275
12352
10274
8918
9152
8074
8069
8073
7492
8070
8443
7278
7282
7281
7277
7494
7283
7493
7490
7489
7284
7488
7491
7287
7288
7487
7290
7289
9526
9525
7483
7484
8071
8072
7285
8467
8330
7280
7279
7286
7486
7485
7482
7481
8935
11428
1708
1707
1706
12356
12354
12355
8878
8879
12463
8204
3583
8867
7769
8885
3584
7770
3675
8877
8875
8874
8637
3859
8314
8315
8731
7515
8635
8633
8636
3674
7139
7141
7140
7138
8898
3038
2931
8951
9121
7137
9250
9122
8634
7004
7005
3663
3612
3661
3660
3662
3611
3610
7583
8954
8952
9165
3672
9166
8598
9268
7591
7592
3657
8953
3621
10546
10542
10540
10545
10541
3671
8179
10410
3617
3684
9255
10662
3626
9251
3625
9252
9254
3623
10543
10547
3658
9269
3622
3624
10544
3620
3618
3619
3857
9253
3613
3614
3615
3616
3659
7507
7505
7504
7584
7998
7999
7508
7506
7585
7509
12003
10661
3629
3630
3664
3631
3635
3634
10532
3665
3640
3639
3638
3633
3632
3637
3636
3666
3667
8087
11116
7997
8003
10530
8001
12588
12589
3649
9351
3669
3309
3641
3668
8094
3642
3643
10535
10533
10536
10534
3644
8092
6054
6053
11152
11151
11153
10537
6850
6851
6852
6849
6853
6854
6857
6868
6855
6856
10658
6869
8090
8089
10659
8088
3312
3315
3314
3316
10531
3317
3311
3310
3313
8091
3308
5263
5264
8465
12122
12123
3648
3647
8093
3646
11471
11655
11654
11653
10527
3645
10529
3652
3650
3651
12839
12840
12841
12838
10559
11337
8372
8374
8373
8371
8370
8369
8375
8367
8368
3655
3654
7996
10528
10554
8099
10519
7607
7608
3653
10524
10525
8458
10522
10523
8002
3670
7979
7975
7981
9256
3673
10879
10880
10569
12747
12748
12749
12750
7588
12199
2653
10558
7396
7586
8941
7587
11621
11424
8135
12198
8943
8942
11423
10552
10549
8955
10548
10550
7143
10551
8597
3858
7142
12200
3687
3686
8264
3677
3676
7510
8909
3680
8841
8891
3689
3679
3690
3678
3688
3681
8890
3682
8835
3683
5916
4248
9870
12351
8694
3290
3291
3292
3286
3287
668
12549
1252
3288
1251
3274
3275
7599
1250
4168
11625
4169
1264
7496
1262
1263
11292
1246
1245
1244
1243
4159
3306
1240
1241
4161
6481
9474
6482
8814
8815
8813
8816
4162
11618
1239
3305
4164
4166
4163
1237
1236
4165
9042
9043
4189
9112
4167
12335
4190
4191
4194
4195
7436
7437
4185
4188
4192
4177
4176
4175
4174
4179
4180
1235
4193
4187
4184
4183
12347
1238
4181
12820
4182
4170
12994
12995
12996
4173
12343
9142
12023
3277
3276
7600
7597
7598
10087
1248
1249
1242
11240
4160
1247
9473
7860
7855
7856
7033
8107
8108
1257
1256
7495
8463
1258
8460
8461
1260
8000
7991
11594
11220
8462
1259
6945
1861
6946
1859
1261
8109
7593
11360
8110
6944
12632
11249
12250
11411
6947
12657
11595
11593
10990
11596
11766
8237
10982
7994
8235
8236
12638
8238
8862
2015
11119
8861
11223
11204
8860
8777
6487
8773
7434
7710
1874
9446
1885
1886
6943
1887
5430
7713
7712
7711
2014
11104
11105
9363
13017
9364
9900
8219
8220
6023
558
562
1393
1394
1390
1391
1389
1659
435
561
6026
6027
6025
9904
6024
9993
560
9994
559
8221
9995
5397
6022
563
6006
1658
1392
554
410
409
567
9897
426
6005
4773
2003
5120
976
975
8934
8851
3543
5121
6956
425
9896
424
423
556
1627
6963
9130
1395
547
548
1962
7007
1396
414
9894
430
2568
7704
564
566
12796
4278
7029
4277
8940
8939
4276
4275
7030
7031
6004
12537
1584
1587
10033
10032
9893
10031
10030
10029
10028
10027
10026
10025
531
2693
5023
9129
7006
2750
1484
1601
10151
1596
1598
1485
1782
11751
11750
1599
1595
1600
1593
9155
1594
12992
905
8553
3215
1597
221
220
2709
12788
10251
10252
8923
3896
3895
11527
979
965
11526
9475
962
961
8483
980
964
3894
8922
10253
10255
12786
2972
2971
8917
963
218
10254
217
216
10256
10257
8565
8468
814
815
10260
10259
10258
946
10261
7702
1646
945
828
1871
444
2735
6492
2737
2736
1376
944
1377
8432
442
826
827
1375
1374
441
825
942
10285
10284
10283
443
10282
943
6548
228
941
205
1362
6877
203
10281
10280
816
10279
4247
1378
6046
2688
2006
617
2000
616
12230
8366
10053
1368
12231
2007
8047
1367
8048
5710
1366
1365
6549
9540
1364
10050
1371
1372
1078
1079
12519
11925
1081
7776
1077
1075
1074
1076
1073
1072
1080
1370
1369
10051
10052
5712
1363
12240
12229
10054
7881
7685
5386
615
440
439
591
1373
3
2027
7945
5711
7946
10797
4
8771
5
12597
8769
8770
12599
12600
12601
12598
2675
12602
9992
3763
9989
3765
3764
436
9991
9990
12666
8677
2722
437
438
7539
8202
10424
10062
10423
10422
1379
6485
835
12095
7028
7027
526
2721
2723
2703
5238
5237
2720
2719
525
2704
4973
12660
4972
834
830
7703
7705
5239
2725
2724
8549
829
831
4974
832
833
12
10421
418
9247
1694
1693
1692
11623
415
226
227
10420
8608
2674
13
12612
12613
12615
12614
12611
5908
1783
417
2691
2692
1647
2690
2689
416
12755
462
223
2733
12774
222
2970
2969
10089
2711
2712
2710
10249
219
8653
12795
10250
8937
12787
10248
10247
12792
10246
812
2005
2004
10308
813
978
8936
12793
5024
1712
10101
10801
10230
10103
10104
10646
10647
10800
10102
10100
10099
1711
10245
10244
10243
973
974
972
966
967
968
969
970
5029
5028
906
10240
539
1361
538
540
2002
2700
2694
530
2701
532
1483
533
534
536
535
537
1713
7008
3891
10241
1714
971
10242
5026
5025
5030
5027
527
10237
1689
6840
10238
10239
10236
10021
10142
1654
10022
10023
10024
8930
8617
541
1695
6841
6842
8911
3294
3279
3278
3280
3298
3283
7025
581
8025
582
8449
2657
2656
5434
231
138
8414
137
102
103
100
9557
101
148
121
140
139
141
142
105
104
157
107
156
7984
109
108
110
136
111
8387
135
8441
362
361
366
106
158
151
9549
9550
8389
152
365
364
363
52
92
91
93
112
113
131
132
133
134
10015
90
127
128
129
488
480
706
707
699
698
697
713
700
694
693
692
728
690
743
9986
9985
9987
865
864
719
12254
12253
716
689
10882
10881
11077
11078
688
3320
11080
11079
691
720
721
12154
722
723
724
727
726
725
729
1047
7989
701
695
696
8418
10014
8419
712
8420
12181
2730
8415
130
8417
12534
12251
12146
2990
6044
23
6045
8413
8416
9080
9087
6113
8956
8957
6112
2030
3800
10905
3799
10908
10906
10907
9225
10910
10909
10911
2611
8086
8085
11389
8084
2738
8083
6055
6056
11113
7640
10913
10912
2739
9231
9229
9230
8958
9228
9226
3798
9227
9137
9234
9233
12252
8849
2676
9933
11042
7990
8410
618
11177
229
230
491
8586
8881
7383
8856
8853
8852
8855
7730
9139
9140
6360
6361
6367
11012
6366
6368
12344
12345
11628
11013
981
12001
12189
12232
12227
12228
12569
12346
12348
12246
9174
7967
9175
6359
6365
6364
6362
6363
492
6269
12444
12205
12443
12296
8854
8882
6111
11175
11174
11173
12145
8006
9078
8005
2032
9136
11176
8411
9141
8412
2726
6114
2727
12848
12849
2728
8611
8610
12081
7384
8609
735
732
739
734
733
736
731
730
709
708
705
711
12555
7983
702
3319
703
704
7985
7986
7982
12587
7988
479
710
7987
2731
12375
9802
12376
481
9467
5066
5067
482
9468
486
485
1040
483
10079
10918
10919
10921
10920
10917
484
1046
1044
1045
12576
12662
12663
9191
493
11131
9932
1042
9935
11130
1041
495
9934
12211
12667
9931
494
12183
12182
1043
9906
12178
12661
8599
8454
8452
8453
8602
3801
487
10915
10916
2732
10914
309
5068
10922
8600
10925
5069
5070
5071
7639
10926
7638
9190
10924
12659
10923
496
5059
2741
5060
5061
5062
7902
7901
2740
9242
9246
5064
5065
5063
3802
22
5959
2646
1825
7192
7193
7412
7410
7191
7190
7411
7189
7717
5952
5954
5951
7611
10404
5953
5833
1826
5839
5835
5837
5840
5844
2633
7197
7195
7196
7194
7188
2632
2630
2631
7751
7750
11805
5838
7198
2648
2647
7765
7199
7202
2639
7764
2638
2640
2636
2637
2634
2635
2644
2643
7200
2641
2642
2645
7210
7211
7208
7209
7207
7213
12210
7212
5958
7206
6790
7794
5957
7205
5956
5955
7201
7203
7204
11767
2028
5843
5842
5841
7744
7745
5836
5834
12639
9741
3803
2889
1093
6660
6661
1094
6648
6649
7184
7183
1703
12197
6670
6676
6669
6674
6668
6675
6672
6673
6667
6671
6650
6651
6653
6652
1606
6656
6655
6654
7232
7237
7238
7233
7235
7234
7236
6657
6659
7185
7186
6658
6662
1555
1556
1557
1558
9523
9522
9524
6115
6677
6486
6678
11296
1572
2
1574
3498
1573
0
