0
6691
6710
2055
1821
6620
11374
12195
10988
6624
1567
6033
4714
6031
1946
8275
1824
5775
6694
5777
11164
6622
1823
6688
6377
1993
2052
11617
11649
1564
6091
2980
2685
1924
12126
7875
5270
11616
6759
12185
10564
1814
1994
6714
1575
1815
6518
7876
6757
1950
11760
1910
1995
6709
1576
1921
6515
6490
1944
2091
9401
4635
6700
11373
6758
6707
6756
1989
6693
1991
1922
4832
6491
11761
10742
6504
11328
6621
4715
11366
11162
6092
2094
1949
2050
11166
6754
12118
10743
1571
10744
11651
1566
1912
6516
2060
510
1816
7809
6698
1999
6704
2071
6692
10563
2072
2095
1951
2090
1952
2062
6506
2089
10741
6378
2076
2061
1565
6695
4636
9625
10673
2058
1947
2057
2075
6705
2077
2054
10672
9740
10671
511
11165
11759
2978
6702
11745
6696
7868
11652
5557
2059
11329
11650
1945
6697
1818
11575
4833
3544
1568
9742
11372
6505
1
1570
1095
10670
2976
6510
3496
2056
1998
6712
6679
6703
1990
6090
1569
12196
7869
6625
6716
6032
12967
6030
1822
9626
5553
10562
6706
6614
10740
6701
6816
6034
1820
6623
2092
6685
12690
9399
6717
9400
1909
6686
2078
11016
7873
11017
1914
11763
5554
6760
1948
6687
6489
3495
49
4637
12551
4638
6615
6708
6699
1819
11762
4569
11576
6715
593
13028
6029
1992
6689
1996
6713
11789
6711
1997
6488
6517
7874
2686
1911
11758
1817
6690
5778
5776
7807
7808
7805
7803
2101
3833
7788
3834
3835
8347
3901
8348
3902
8346
8349
11924
8356
8357
8352
8353
8350
8351
8354
8355
10391
7804
7806
5779
5772
5774
5773
2100
500
501
3903
7800
502
11365
12150
7810
7811
6962
6958
7801
7802
6448
6447
12148
12149
5930
11518
499
2605
2606
6770
2607
6576
2600
2601
2602
6577
2598
2604
12540
7716
12541
6578
498
5660
10084
5661
10085
497
5648
10711
5649
5663
5662
5664
5650
5665
5659
5656
5655
5657
5658
10082
10083
5651
12143
384
383
12567
1929
5612
5610
5611
5608
5609
5607
6550
12574
12573
5666
5667
5668
5669
2702
10715
10713
10714
6507
6508
11247
1928
11606
11602
11603
5306
11607
11248
1927
5310
5301
5299
5300
5302
5403
5408
5412
5411
5414
5400
5398
5399
5308
5309
5305
5307
11604
11605
5304
6564
12490
12489
12488
5402
5404
5401
5413
5406
5407
5410
5405
5409
11923
11922
5415
5416
5417
5419
5418
2360
5623
5624
5625
5626
10777
11315
5631
5420
5643
5642
5641
5640
5632
5241
12491
9598
9612
10769
8188
9592
9597
9593
9594
9608
9609
9607
9602
9600
9603
5242
10776
10773
10772
11310
11312
11314
9596
10771
10770
10774
9614
11309
11313
9615
9601
5137
5136
5138
5139
5140
5142
5141
12912
6858
5135
2462
7792
5007
5006
4476
9711
9710
4477
9709
2968
5008
5010
5009
10159
5011
5012
10160
4827
4826
5015
10156
2985
5013
2986
10115
2987
5014
2988
10114
10113
5016
5019
5017
5018
4817
4818
11498
4819
2964
11444
2567
5265
11511
11483
12617
13004
12603
4831
12604
12998
12997
12098
12099
11509
11508
2993
753
1828
754
757
756
2563
10611
8189
12593
4510
12844
12843
7179
4520
13010
4518
4519
10609
2557
755
752
2558
10613
10612
10610
10614
10608
10607
10606
2963
2962
2961
2960
2559
7053
7050
7051
7049
7054
7048
7047
7052
7044
7046
7045
7043
2858
2857
2560
12842
2855
2854
390
389
760
2870
759
2868
12605
2871
2869
11504
7834
7835
7833
2873
2872
7836
2994
13024
2924
2923
5269
5266
5267
2922
2921
5268
2926
4574
12917
5004
5003
5020
8068
10631
10620
10615
2451
2452
4587
4586
10617
4588
4584
4585
4597
4457
4596
5078
5079
4589
2453
11422
4481
4482
5080
2454
11401
11400
4567
4539
4470
4464
4566
4594
4590
4592
4591
4593
4543
5104
4456
11447
10635
4455
11474
4454
5682
4453
11470
7851
10619
7850
5074
4452
4451
5077
5075
4535
7887
9980
4537
5174
5072
5053
4466
4465
5052
11467
11468
5076
5051
9695
5073
5050
4450
2430
2431
5083
5084
6566
12038
12037
12039
12040
12035
5672
12032
12034
12044
12043
12033
12036
2490
2432
6565
12047
12046
12048
12041
12045
12042
12049
6561
5162
2433
6551
11867
11874
11884
11868
11857
11855
11859
11877
11866
11864
11887
11845
11870
11847
11880
11879
11872
11903
11871
11863
11876
11844
11869
4996
11744
11739
4995
11743
11742
4994
11741
12074
11829
11738
11731
11732
11733
11734
11728
11835
11729
4998
11730
12075
11720
11719
11699
11848
11715
11714
11713
11716
11718
11698
11717
11721
11722
11723
11724
11725
11726
11727
11700
11737
11735
11736
11740
4993
11701
9721
4997
4991
4984
4988
4987
4990
4989
4986
4985
5675
2444
2445
4718
4723
4717
4722
4983
4599
10624
4598
5134
5133
5132
2446
2447
2959
12754
12596
12606
12607
7225
7403
2927
12051
2928
3211
7076
761
4731
2867
758
2851
2852
2561
2853
6405
2847
11036
2848
2850
2849
2562
2866
2865
2864
2861
12882
2862
4840
4838
12859
2945
12883
4856
12836
12837
4855
12884
4854
4853
12880
12881
12869
12870
7909
7907
12867
6404
6403
12868
2948
12878
12877
12879
2951
12893
2886
12894
12113
12896
12895
6402
6401
12058
6399
6400
2952
12056
12057
4863
9490
4864
4866
4865
4867
6397
2953
4859
4858
2954
12059
6398
2957
12055
2956
2950
2949
2955
4857
4836
11613
4847
4846
4845
4843
4844
7914
4850
4849
4848
7919
4852
7913
7916
7915
7917
7918
4851
4839
4837
12858
4727
4728
12052
12053
8830
8831
9449
9450
12054
4729
4724
4725
4726
2946
2863
2859
2860
2198
12857
2943
2197
2196
762
12845
2947
2944
2942
2555
12898
12897
12900
12899
6484
6483
2888
2887
12031
2876
2554
9734
2875
2874
11611
12028
5691
11531
11532
5690
5689
5688
2877
2556
11612
766
768
767
763
12871
12872
12873
12874
5686
5687
12885
12891
12892
12030
12029
765
12890
12889
12886
12888
764
12887
11533
769
13016
13015
13014
13013
5693
5692
770
12333
12334
12330
12332
12331
2883
2884
2885
4619
12876
12875
4620
4618
4935
4932
2881
2882
4927
4928
4930
4926
4934
4617
4614
4868
4616
4615
11636
7538
4860
4862
4621
771
4907
4911
4908
4906
4902
4909
4612
4919
4613
4917
4921
4920
4922
4918
3206
4916
3205
4915
3204
11765
3203
3202
4914
3200
3201
3208
3207
3199
5032
5033
5034
3219
3217
3216
4894
5045
5044
5042
5038
5043
5037
5598
6836
4885
4883
4882
4881
4880
6835
11668
4898
5366
4879
5041
5040
11667
11666
4891
4893
4892
5047
5046
5048
5049
4945
4941
4944
4938
3191
3220
5039
3218
3221
5036
5035
4895
4872
3193
11665
3192
5031
11662
11664
11663
3198
4901
4900
4610
4870
4869
4861
4623
4871
7906
7904
4625
7908
2958
7905
7903
4611
4622
4624
4628
4626
4629
4630
7910
4634
4632
4633
4631
4627
5673
5674
2938
2937
10850
2934
2932
2933
2935
2936
3156
3155
2804
2805
2803
11661
2802
2801
11709
7035
2787
2785
2784
2786
2783
2806
2782
776
11302
11301
11300
777
2890
12485
12483
12482
12481
12486
12002
12480
12479
12484
2791
2810
2808
2809
2807
2811
2792
2920
7034
2919
11633
6012
6011
2918
3129
3124
3125
6049
3128
3127
3126
6048
2798
11640
11639
2799
2797
3123
2796
2917
2795
6009
6010
2794
9150
2817
2815
2816
2814
2819
2818
2813
2812
10941
3213
3137
3142
6050
6047
3139
3140
11638
3134
3135
3141
11637
3136
3138
7606
3131
3130
2823
2824
2822
2821
2820
3132
3133
2826
2825
3143
3144
2829
2830
2827
2828
2897
2896
2898
2895
2892
6014
2893
2894
2906
2900
2904
2902
2899
2903
2905
6015
6013
2842
2841
2834
2833
2832
2901
2840
2839
2891
2838
2837
2836
2835
2831
2909
2907
2910
2912
2911
2908
3145
3146
2914
2913
2915
7144
5199
7037
4319
5595
7697
4320
2790
2789
2788
6052
3197
3195
3196
2793
2916
9151
3151
6016
3147
3148
3152
3150
3149
774
3194
4878
3157
3160
3159
6875
3158
3153
3154
2800
773
772
4730
6966
8928
6833
6933
6834
6965
6934
4509
4508
775
12472
2438
3212
12906
4312
4311
4310
2939
4314
4313
4316
4315
11669
4309
8832
12907
4306
12908
4307
4308
2941
2940
4318
4317
2439
7077
2440
7458
12905
12904
12903
12901
12902
7457
5118
7456
2441
5125
5124
5123
5122
7460
7459
5128
12860
12863
12862
12861
12864
12866
12865
5127
5126
2442
2437
2443
10629
5129
10628
5676
10626
10633
10627
5131
5677
5130
11704
5116
5115
4720
5117
11705
11707
11703
11702
11706
11708
4492
4491
4487
11551
4490
4489
4488
4719
4721
4486
4485
11020
5385
5383
5382
5384
2436
5113
5114
11915
9723
9722
9720
11900
9724
11908
11896
11890
11897
5678
11893
11905
11873
11882
11888
11886
11904
11907
11892
11895
11909
11910
11856
11914
11913
11901
11898
11902
11912
11875
11862
11846
4716
11861
11865
11858
11828
11832
11840
11839
11836
11837
10940
10618
11838
11831
11850
11834
11852
11851
11843
11849
11830
11853
11842
5681
11833
11854
11841
11860
5110
5679
11911
11894
11891
11906
11889
11885
11881
5680
11878
11883
11899
10977
10976
10979
10978
12428
12427
5112
12426
5381
10968
10969
5380
5375
5376
5377
5378
5379
10975
10974
5111
2435
7470
7473
7469
7471
7465
7463
7462
7464
7466
7472
7467
7468
11206
12939
12933
12934
12930
12929
12932
12931
12928
12935
12938
12936
12937
12940
12945
12943
12944
12942
12948
12947
12946
12941
10630
11635
10634
5109
5108
5107
5106
10632
10623
10616
10622
2434
4992
11205
7455
7454
7453
12076
7452
7451
7450
7449
11207
7445
5374
7444
5373
5372
5105
7447
7446
7448
12578
12577
2489
6028
2488
2487
2520
2383
9978
2486
9977
2382
9445
2381
12220
12225
12217
12218
12223
12219
12222
12221
12226
12224
2379
2380
2378
12824
12823
12822
12821
2377
1827
2384
2374
4430
4431
4426
4432
4429
4428
4427
2375
5234
4433
2376
5233
12926
12927
6500
4493
6498
5271
6499
7849
4494
5232
5231
2151
4495
6612
12958
12959
2150
2168
5224
5226
5229
5225
5227
5230
5203
3009
3008
5210
3010
5212
5204
5202
2169
12965
12963
12964
12962
12961
2183
2156
2149
2155
2154
12163
2153
5200
5201
2178
2177
5205
3016
3015
2455
3012
3013
5181
11482
5179
5177
5178
5187
5182
5171
5170
5175
5168
5176
5169
5180
5194
5195
5188
5196
5189
5191
5190
7799
5183
5192
5186
5185
5172
5173
5054
4471
11449
11450
11448
4472
11435
11434
11445
11446
5198
5086
5197
2459
5156
5155
5154
5153
5151
5150
5149
5148
5147
5055
2461
5146
11037
2460
5152
5159
5161
5160
5157
5158
5082
11427
11421
11426
2170
2171
5081
2172
5085
2173
5087
5193
5184
2174
2456
5206
2176
2175
5211
5215
3011
5216
2457
5214
5219
5213
5217
5220
5222
5223
5560
5559
5558
1933
11678
11677
5221
5542
5544
5545
5566
5562
3341
5567
3345
5568
3344
3343
3340
4734
4735
4736
5548
12960
5564
5565
5561
5563
5547
3017
11679
11680
3018
3019
5543
5532
5546
5541
5539
5531
5262
5257
5119
5256
2458
5218
5207
5540
1932
5235
5530
5534
5236
12096
5527
5522
5526
5258
1931
1930
5255
11648
5252
5251
5250
5249
5247
5248
12633
5245
5244
5318
5317
5549
5319
5523
5521
12536
5246
5520
5254
5253
5243
9595
10781
9604
12815
9606
9591
9605
5312
12814
5311
4497
4496
5590
5589
5588
5587
5316
5591
5320
5321
5528
5538
5535
5537
3020
5533
3342
3021
5328
3338
3346
5536
5327
5323
5529
12911
12968
12909
12910
5322
5524
5525
5586
5585
5583
5582
5581
5580
3339
5324
3337
3333
5579
5584
3336
5592
3332
3335
3334
5329
3331
5576
5577
5573
5574
5578
3330
5575
5325
5572
5571
5570
5569
5593
5326
5594
4733
4732
2184
2148
2147
2161
2162
6074
3182
6442
6072
3180
3178
6071
6073
3181
6070
6069
6068
6067
11672
11673
6076
6075
6066
3179
3177
6078
6077
2467
6064
2163
2164
5601
5606
5602
5605
5603
5604
5600
2165
2166
12359
12923
12921
12920
12922
12924
5695
12357
2167
12358
12459
12363
6059
6060
10961
6450
6449
6860
6446
6063
6057
6061
6058
6062
10957
6279
6280
6281
10127
8345
6959
6960
6961
10956
6451
2185
2186
6417
8482
6421
8481
6418
8477
9808
8480
8475
8473
8471
2193
9800
6859
6370
12918
6372
12919
6373
6371
12513
12510
2187
12512
12511
8466
2195
2194
8474
8476
8470
8472
6444
11114
10640
5927
5926
9809
6419
6420
8393
5924
5925
8479
8478
10566
5923
10567
10568
2192
6443
8394
2190
2191
10995
10994
10999
9206
9198
9200
9199
9201
9202
10735
9213
9203
9211
9209
9210
10641
10645
10644
10734
10642
10643
12135
12818
12816
12132
12134
9212
12131
5697
5696
12133
12817
9208
9207
11000
10993
10992
10997
10998
11002
10996
12709
9197
9204
12514
12516
9205
2189
12515
10733
2188
10117
509
3836
5599
5596
5597
3838
3837
10428
508
12460
2159
2160
2464
6080
2466
6079
2465
6065
507
2146
12360
2522
6932
6931
6928
6926
6927
6930
6929
506
2145
12361
2141
12362
12461
2142
2143
2144
2158
11344
10128
11345
10133
10131
10136
10138
12447
10944
10140
12446
12445
799
2138
2137
1140
10462
10461
8186
5652
5653
7224
7223
7222
7221
4640
12987
4639
9974
12854
12853
4643
7219
7220
1146
1150
1147
1148
4642
9973
4641
3897
1149
590
589
2135
2139
2136
7972
10183
10185
10182
10184
798
797
7038
9736
7041
9735
7039
7040
2599
10311
12233
12986
1134
793
6081
6801
6805
792
10445
9975
6804
6803
6802
6807
6806
6800
6808
789
2570
12127
10738
10739
791
790
2569
12738
12736
2140
12737
2571
5932
5931
7321
7328
7327
7326
7320
7329
12068
12069
7323
7324
7325
7322
5936
5935
5934
5933
12989
12990
12988
3570
3568
3569
3567
1674
3565
3563
3562
3564
3566
1675
3560
3559
3561
3558
3171
3170
3174
3173
3172
1677
784
1676
785
786
783
782
1161
1160
1159
1162
1158
1157
9799
12735
12734
12733
3169
12586
3168
1156
11599
12982
12983
1164
1165
1163
3164
3165
3166
3190
3189
3188
3167
2706
2705
7552
7553
10192
12689
12688
12687
12686
10190
10193
10904
10903
1726
2707
2708
778
7551
1727
12476
12125
12103
12077
12104
12739
12742
781
780
6130
3162
3163
779
12741
12740
12743
8113
5928
2529
1866
1865
1864
811
2530
5929
2531
11128
7926
809
1863
808
12744
12745
12746
807
810
1384
804
6268
800
1768
6267
801
1385
1386
806
1387
805
9911
1769
802
803
1770
7017
7016
7021
7019
7018
7020
7023
7022
8077
8078
8076
12093
12525
12092
12582
11534
11535
8075
8079
8112
9791
12624
1151
8056
586
7706
7637
10947
10948
7837
1153
11497
1152
7831
7832
11496
7243
7042
796
7244
787
12239
1138
1137
1136
1135
12238
1139
788
795
794
10312
11477
9738
9739
1155
7217
7218
1145
7215
7216
1144
1143
1141
7214
7537
1142
9737
3209
7314
7315
6118
10668
10086
587
4273
7239
7240
7241
11239
12732
12070
12072
11755
8050
12071
11921
4153
2669
11753
10946
8451
585
4246
4245
12094
7828
4244
4243
584
7970
8551
11185
11182
11184
11183
8033
8031
8032
4241
4242
7971
4152
12730
12729
12731
1154
11238
7541
588
11338
10942
9970
583
9971
9972
10943
10945
10135
10132
10134
9998
10137
11343
10130
6097
11342
10129
11340
11341
4031
11459
4030
2395
2394
11339
6563
2393
4285
4286
10667
2392
5208
2468
5209
12954
12953
2471
2470
2469
4289
2472
4290
2473
2474
10939
505
10938
10937
2479
10929
10927
2478
10930
12827
12949
12828
12950
5944
2477
10931
5943
6886
12951
4283
4284
2476
10936
12952
10935
10934
2475
2396
11460
4282
2397
5942
2398
4281
2399
4280
10932
10928
2400
10933
2401
4287
4288
8817
504
12456
12090
9965
11133
9964
9967
12455
11598
11303
12454
2390
2389
2391
9577
2366
8065
2501
2373
2416
2415
2484
2483
2482
10955
2481
2480
11384
2500
11385
2499
2498
11403
2497
11746
2496
2388
2387
12453
2365
7292
12452
12450
12449
12451
10108
12448
10107
10106
10952
9789
9788
10081
8384
9787
9783
9901
10080
9997
12457
10109
5947
11597
10191
9905
12458
8383
8382
9790
9996
10951
10950
10953
10954
10949
8337
8336
8338
8333
8334
8335
10828
10827
8029
8030
11404
2385
5946
8358
2495
2494
5945
2386
1934
2363
2485
1935
2364
11462
2502
2369
2503
2370
2371
11592
2372
9578
2368
2507
2506
2367
9968
2505
2504
11134
9963
10139
9969
9966
503
1781
12091
2509
2508
1780
7249
7248
2511
2510
8703
8697
8700
8698
8699
8317
8701
8702
8687
8696
8695
8318
2515
2514
7829
7830
2516
2513
11386
2512
2517
6562
1779
1778
8321
2408
2521
2417
6906
2418
2595
2419
2421
6415
2590
6083
6086
6416
6408
7015
2526
7774
7773
3849
7013
10782
3852
10821
10820
3851
3850
7011
10833
7014
7012
10783
7010
2525
2524
2523
2541
2537
2538
2540
2539
2544
6922
6920
6921
6412
6923
6411
6410
2543
2542
6915
6914
2587
2582
6917
2414
6916
11600
2581
6409
6082
2591
2588
2413
6406
2586
6925
2593
7772
12955
6924
12956
12957
6919
6918
2583
2592
11631
2594
6904
6413
11237
9579
5941
2596
6912
6911
2420
6910
6908
6909
2584
6913
6907
2585
6905
2528
6407
2411
2412
2589
2422
6414
2410
2409
2527
6085
2551
6394
2547
2546
11336
8320
6084
2550
2549
2548
6901
6899
8319
2545
6896
6897
6898
6894
6900
9555
6439
9556
11335
2406
2407
6903
2405
2404
2403
9645
9653
9639
9647
9643
9638
9654
9649
11610
6902
9648
9651
9650
9642
9646
9655
9652
9656
9644
9641
9640
2402
2553
6893
6895
2552
6892
2519
2518
2180
2179
2157
5261
5259
2181
5228
3014
2428
2429
4527
6497
4528
5260
6495
3006
3007
2182
2423
2152
3005
6089
6496
6494
4531
6493
4529
4437
4438
11495
11494
5167
4436
4530
4439
6087
6088
4441
12155
5163
5164
5165
4447
4449
4446
4444
4442
4443
4445
4448
4434
6611
4435
4440
2424
2425
5166
12201
2427
2426
4458
4459
4532
4460
4533
4534
4536
4538
4463
9979
9976
4540
4461
4595
4541
10621
4542
11259
12594
12595
4571
11479
11478
4576
3187
3186
3184
2856
3183
3185
11503
11502
4572
4573
11499
11501
11500
4575
4577
8066
11452
4583
4582
4580
4578
4579
11451
4581
2448
13025
10625
13027
13026
2449
2450
2925
8067
8187
5001
5002
5000
12914
12915
12913
12916
4999
11472
11473
5022
5021
12616
2566
11441
11442
9707
9712
11429
11430
2565
5683
5685
5684
11432
11431
2564
12187
12188
5005
9708
9713
5056
11458
11457
11456
11465
11466
5057
11455
11464
11463
11453
11454
5058
5102
2967
5103
5100
5101
5098
5099
5095
5096
2966
5097
2965
5092
5093
5094
4816
5091
5090
11480
10834
5089
5088
10162
4820
4824
4821
5939
4822
4823
5940
5937
5938
10161
12999
13000
4825
4829
4830
4828
2463
6096
5949
5950
5948
4814
4815
11681
7911
2989
2983
2984
4609
11683
11747
11684
5145
11685
11682
12262
12156
12157
12592
10112
13001
13002
13003
13019
12060
10110
10111
6553
386
6967
385
388
4512
387
6552
12575
4511
2878
9733
2879
2880
12102
4513
10603
4514
4517
7078
4516
5352
5353
5345
5344
7055
5343
5342
5341
5349
5347
5348
11806
5362
5350
10991
12664
12013
12014
12015
12018
5346
12020
12016
12019
12017
7081
7080
7079
12438
10601
10600
5351
10587
4515
5354
11818
11817
11827
11824
11821
11823
11825
11826
11820
11819
11822
5333
5359
11812
11813
11815
5360
11816
13008
5361
13009
10595
10596
5355
10594
5358
10591
10584
10586
5356
10589
5357
5365
5334
10598
10593
5335
10590
10592
10582
10585
10597
10588
10583
11811
13005
13006
11810
11814
11808
13007
5336
11809
5337
5338
5340
5339
5364
5363
10729
2618
2612
4544
7766
4545
10604
5331
7071
7069
5330
7061
7067
7068
7062
7066
7065
7064
7063
7060
7059
7058
10675
7057
10638
7056
10637
10674
7070
7072
9867
10636
2617
2629
10767
10765
10766
10751
2613
10763
10762
10761
10760
2628
10759
10747
10755
2623
10753
10748
10749
2625
10746
10716
10719
10725
10721
10717
10724
7073
2620
10720
10732
10119
10726
10731
10728
2621
2624
8064
2627
2626
10756
11807
2615
2622
2616
10764
9270
10779
10722
10754
10780
10727
10723
10752
10778
10730
10718
10757
10750
10758
10768
2614
5332
7074
7075
6968
1925
4686
4694
4698
4699
4697
4692
4687
4661
4688
4689
4693
4691
4690
4685
4696
4695
4700
4794
4770
7180
4764
4771
4792
4793
7182
7181
4795
4796
4791
4785
4782
4783
4784
10602
4789
4786
11001
4788
4787
4799
4790
4797
4798
4779
4766
4777
4775
4769
4804
4806
4801
4780
4781
10605
4812
11234
4813
4810
4811
4808
4807
4802
4803
12027
12025
12082
12085
5144
9610
9616
9617
12084
9613
9611
9599
5143
12026
12631
12083
4809
4805
4800
9696
9699
9700
4776
4768
4778
4765
9701
9698
9697
5280
5279
5278
5275
5281
5283
5282
5284
9618
10775
5285
5292
5290
5291
5294
5293
5295
1926
5427
5644
11311
5635
5639
5637
5638
5628
5627
5629
5634
5633
5636
5645
5646
5647
5630
5421
5422
5423
5425
5426
5424
5240
5313
5314
5315
5274
5287
5286
5288
5289
5273
5272
5276
5694
5277
7895
7896
4774
4504
4507
4506
4652
4653
4655
4651
4669
4668
4505
4673
4679
4680
4677
4498
4763
4767
4676
4660
11630
4675
4678
10599
7083
4674
4683
4681
9145
9147
9144
9146
9149
9148
11802
11803
4662
4682
4684
4503
2619
6969
4608
11348
12241
11349
4607
4659
4671
7082
4672
4600
4606
4658
4604
7084
4603
11629
4647
4646
4657
4650
4649
4670
4602
4654
4656
4601
4499
4501
4500
4644
4645
4648
4667
4664
4666
4665
4663
4502
7032
3521
3522
6556
6555
3520
6554
3523
3541
3542
3524
3525
3526
5621
5622
3527
3528
5619
5620
3529
12203
12204
5654
3530
4968
10048
10049
4969
11410
3830
7572
382
12568
7571
7569
7570
6445
4970
4971
7568
2053
2045
11409
5393
6597
7927
5395
11982
7929
5394
12264
5396
3832
3304
3826
3827
3828
5786
5787
5788
6596
6629
3825
3822
3821
3824
3823
5782
5790
5789
6630
5781
5785
5784
5783
8055
3517
3538
3516
3537
3487
3488
7177
7178
2597
7121
9630
8136
8138
2609
3486
3485
3431
3482
3427
3428
3426
7119
3399
3398
9631
7118
3435
3437
3434
3433
9162
3432
7123
7122
7899
7891
7900
12297
7256
7260
7258
7257
8139
3489
3467
7259
3466
3464
7888
7889
7892
3471
3470
3468
3469
5823
8137
7756
11019
11018
3506
3505
3504
3532
3502
3501
5824
5826
5825
3503
3500
3531
7262
7263
3472
3533
7266
3459
7267
3458
3447
3460
12164
7272
7271
3446
3445
10745
3912
3905
3904
3906
7798
12166
7768
3512
3545
7264
3473
7681
3474
3534
3845
3507
3508
7714
3513
3515
3514
7265
7268
3511
12165
7269
7270
10020
10019
10018
12544
3509
5821
5822
3510
3535
3536
12167
2608
12168
7928
13023
13022
13021
13020
12169
7125
7124
7120
9924
7126
3829
9923
3539
9984
3547
3519
3518
3548
3546
3540
11408
2044
5853
12584
12583
5855
5847
5857
5846
5856
5852
6453
6452
5848
5859
5858
5854
5845
11407
6455
6457
6459
6454
5849
5850
6458
6456
5851
4157
6461
6462
4158
6467
6468
6476
6466
6475
6474
6469
6471
6472
12813
12811
12812
6465
9930
6464
6463
6473
3927
6470
3926
5832
6460
9909
5831
9910
3925
12432
12433
12429
12430
12431
4547
4546
12173
3451
12542
3449
3450
3448
9161
3454
3455
3457
3494
3456
3461
9159
3453
3452
9160
9158
3462
7715
5830
3463
5829
5828
5827
3444
4548
7890
10038
10039
10034
10035
3465
10037
10036
4549
7261
4550
10041
10040
10042
10043
9164
9163
10044
10045
12487
3443
4557
3442
3440
3439
11505
3441
4551
7254
4558
4552
4553
7253
4559
4554
3419
3481
7255
4560
3420
3421
11506
11507
3438
3422
7165
3423
3436
3424
3425
7158
7164
3400
7157
3403
3404
4561
6641
6644
6642
7148
3390
7159
7149
3401
3397
3396
3394
7163
7152
7153
7154
7155
3393
3392
7151
7156
6594
9632
6595
6627
6628
7812
6593
2610
12829
8140
8054
5780
3395
3484
9637
3483
3429
3430
7117
7116
7162
3402
7150
7161
7145
3391
7146
7160
7147
7168
7169
7170
7166
7433
6626
5389
5390
6592
5391
5794
6590
5811
5802
5801
6589
5816
5808
5807
5392
12835
12834
12193
6584
2047
381
12194
4154
4155
6617
6618
6613
4156
6619
6616
6582
6581
6583
6580
12533
6579
2603
2046
3907
3908
9636
3820
11934
11930
11928
11929
11932
11937
11933
11927
11931
3909
11935
11936
3910
6586
5793
5792
5815
5791
6585
6598
5817
5809
5814
5795
5813
5812
5810
5805
5806
7089
6587
6789
6588
5796
5797
5803
5798
7127
1482
5800
6591
5804
3846
7167
10158
3377
3378
3382
3476
3381
3380
6631
3389
3477
3478
7108
3379
6632
3376
3373
3372
1478
3493
1475
1473
1474
6633
3370
7172
3371
7171
3369
6635
3368
6634
6639
7175
7173
7174
11710
3386
3387
6637
3388
6645
6643
6638
6646
9634
9633
3405
3406
3480
3409
7251
7250
3417
3418
7894
7252
7893
4564
4555
4556
10409
3416
7111
3410
7109
11481
3414
3413
4562
7110
7115
3412
7112
7113
7114
11484
3411
11696
11687
11686
11688
11689
11697
3415
4563
4565
3479
6647
3407
3408
12000
9635
6640
6636
7176
10118
3383
3384
3492
7104
3385
3375
3374
10157
10120
1477
1476
1479
7091
5799
7090
7092
7093
7128
1481
1469
1470
3349
3351
7086
3350
7102
3352
7095
3353
3356
10307
3358
3359
3360
3475
3357
7105
3361
7103
3362
7085
3365
3366
7106
7107
3367
3364
3363
1472
1480
7087
1471
7088
7096
3354
3355
7099
7097
7098
3348
3347
7094
9448
3818
3893
2049
9366
2051
2048
7789
3892
7100
7101
6098
3819
6812
6811
9389
11126
11969
6761
11973
6762
11971
11970
6764
6765
2088
6763
9623
11972
2087
6755
2086
6766
2085
9624
6753
2084
11944
11966
11942
11963
11954
11964
11952
11948
11951
11946
2096
11949
11961
11962
11953
11950
11943
11955
11939
11940
11938
11941
11965
11945
11967
11947
2097
11958
11968
6815
11956
11957
11959
2098
11960
6830
6831
2083
2093
2082
2081
6798
5818
6797
6799
5819
2063
6792
11757
6793
2080
2079
6813
2099
11692
11691
11694
11978
11977
11979
11693
11695
11690
6814
11974
11976
11975
6794
5820
6795
6796
6791
12202
2981
380
379
12124
1913
5556
5552
5551
5555
5550
6509
1917
1920
1919
1918
2979
2064
1916
1915
11578
11579
50
1923
11485
194
1908
11486
11581
12552
12186
10958
10959
1813
1563
1561
1562
12184
10960
2070
2073
2074
1551
1546
1547
1545
1937
672
19
10819
18
671
10363
10818
10817
1027
1529
6121
10816
1531
1532
1534
6105
9138
1533
1028
1029
10362
674
673
7842
7841
10359
2977
10361
675
669
670
1698
6385
1553
751
1549
1550
1548
1552
6393
1554
750
1559
6809
1560
6386
6389
6390
6387
6388
6396
6392
6391
10669
10710
7853
7852
10709
7576
7684
2974
11574
3499
2975
6284
12111
12112
2973
1524
1523
1525
10068
10069
677
1526
8638
12097
676
678
6395
10071
1528
10356
10355
10354
6019
1527
6265
10360
10358
10357
10070
1522
6357
6358
1521
7912
1976
1520
6288
1517
6289
1519
17
12110
1518
1030
6287
1031
1034
1710
1033
594
1691
6017
1543
1032
6116
1083
1082
6018
1690
1541
1542
10467
1502
6103
1503
1505
1504
1091
1090
1499
1498
1936
1940
478
4978
6126
6127
6128
1943
6129
1941
1942
1938
1508
12117
1939
595
1493
1494
1507
8537
1495
8536
12543
8534
14
6104
8535
1497
1496
1501
1500
16
15
12109
1092
1506
476
477
6102
6101
6100
6099
1089
1087
1086
1084
1085
1515
1514
1513
1512
10815
1530
1539
1540
10814
1516
10813
1535
6132
1536
1538
6131
7441
1537
10812
47
1511
10811
1544
1088
1509
1510
6123
8445
6124
6122
6125
4977
48
7935
7944
6093
7934
10810
9551
46
1697
6827
3001
3002
4979
9552
6826
11436
2998
2997
6820
2065
6822
2029
6823
6824
8552
6821
11129
8566
8601
2995
3000
4212
2066
1829
6888
4211
1728
1873
7555
6846
6845
6847
6862
6848
12442
6864
6866
6867
6863
6865
9546
939
6891
6889
6890
1111
929
1112
9544
1110
1702
1129
938
9572
9573
9574
1413
9908
9902
9903
1113
347
1125
1109
12810
1108
7247
7230
1107
937
9553
1725
1123
1723
9622
9575
1122
1116
12619
1131
936
3301
11203
8959
1124
9580
345
9582
343
9589
1133
344
914
744
68
12571
746
1132
12237
342
12807
12802
12805
12803
10353
12105
12801
12806
12804
12800
12799
474
6861
745
66
1491
911
934
912
7461
71
12572
913
935
11626
1117
9586
72
1036
6938
2683
6937
3214
10073
1038
73
337
9919
5431
9786
3210
7312
9747
7313
6940
9694
1487
1490
7438
6942
6941
9693
6939
9746
10078
10072
1039
9476
6817
6818
7709
1629
7226
7228
12313
9714
1631
1604
1724
1630
12554
3491
3490
12255
1809
2748
7708
10495
718
2742
1810
1900
9538
9539
2687
3121
335
9784
6843
6844
9692
9749
9748
336
9785
2744
3120
3119
334
1901
8425
214
210
211
212
213
332
6727
3122
6728
644
1414
10501
1975
1974
659
660
3549
1961
645
10499
10500
10502
661
9485
325
7734
7691
326
327
6730
6731
664
7690
665
666
667
7687
7688
7689
1803
328
1771
1767
1773
1772
649
654
655
329
662
6282
8738
648
9484
209
9483
207
7442
208
240
1633
9562
7642
1634
10301
245
7641
246
241
242
243
6000
873
1327
5999
874
10296
886
6001
10294
9759
10298
875
1748
876
6002
1332
1267
896
5961
1902
1322
9758
10295
9760
6768
1323
1324
5962
10067
9757
1757
11305
11304
1637
11170
1758
10066
8539
1638
1792
10046
1759
10065
10064
6740
6739
6738
5503
1639
6744
6743
6745
6742
11352
6741
11362
8538
5963
10063
1760
1797
10047
6752
1640
5915
5914
11356
11355
6746
6748
6749
6751
5913
6750
11354
11353
10017
7737
1326
1325
7736
6747
10016
1642
1643
7735
1641
7698
11169
2104
7700
7699
1644
5960
4033
4032
1762
1761
1645
1763
1764
6769
1796
1795
1788
1793
1794
1903
1787
1789
6839
1791
6838
12622
1756
1765
2749
1609
1766
12621
1790
1755
9486
1754
1784
1280
2112
2110
2111
7695
1785
1786
6837
9981
2131
1753
1862
2684
10804
1176
10806
1177
9542
10805
1273
1271
1272
9543
10803
10802
1270
10432
10433
10434
1170
2010
10299
5502
10297
10300
10303
5922
1955
5921
2012
2009
897
2011
899
9761
6003
1331
1636
1330
885
878
881
882
1305
653
652
1802
1736
10450
1608
1607
1750
663
888
887
5501
9912
1973
7686
1700
4036
4034
4035
2778
2779
12474
1688
1687
650
7692
1735
8541
8546
651
1730
1734
2776
1169
2777
2772
1731
889
6734
8486
890
4091
7947
1328
8494
8492
892
893
891
1732
2773
2774
1733
8485
894
895
1686
1729
2109
1302
1303
1304
1301
2108
2107
1298
10791
1299
1300
10792
10429
1178
10830
10832
10831
3831
6732
2781
2780
6733
3804
9927
1798
6020
8433
9929
10075
1776
9248
1181
12175
12378
12655
2013
6570
9928
1008
6729
10503
10504
6569
330
6021
3554
5517
7701
3780
471
9916
9917
6726
1621
8332
331
1622
8331
1620
1623
642
11475
6723
1960
8311
1959
1958
467
9959
9957
9955
9954
466
9956
9950
9946
9948
515
9951
9945
8309
8310
641
8308
8569
1486
8312
8313
640
9922
402
395
394
400
393
9494
403
404
638
639
340
341
12493
3176
9921
516
339
338
2747
333
6283
9983
9982
2743
2745
8306
8307
2746
8305
10074
3175
9920
75
74
1037
1035
391
9587
392
1119
7404
1118
1120
9585
1121
9590
346
7719
10657
9581
6819
407
9489
1488
7227
1489
405
9487
1412
7242
1411
406
9488
10902
10901
12808
12809
1743
465
7229
1745
1744
12107
9113
12108
12106
7679
1603
1602
2991
3578
7678
1605
4772
1126
12174
3576
1127
9576
3577
2069
1857
1858
2999
11438
6832
11437
2996
11439
6828
6829
1696
45
43
1701
12981
11227
11226
12620
8376
12524
12523
12477
6878
6879
6883
6884
11622
11332
11330
12261
6882
6885
6881
11375
9545
1891
7846
29
42
1888
7844
7845
7843
12623
11656
11632
12061
11670
2695
44
3302
12478
2698
11769
11768
12140
11132
10396
12637
11418
12618
11246
11416
11417
12636
11425
11420
11244
11243
12462
11369
11371
11370
9495
12128
1214
1719
10493
1213
10492
5508
10494
1215
1216
5509
1217
1218
5510
1224
1199
2696
2697
8038
5518
1201
1200
1198
1212
1202
1204
8533
1210
1099
1953
1211
1208
1203
10372
10370
10369
20
10371
9763
9764
10484
631
630
9766
1097
9767
1718
9768
63
9769
9770
9771
69
8431
933
9774
70
627
628
9751
12171
626
12272
9776
9719
9718
7439
7440
65
67
64
1096
7561
7559
7558
473
7560
5429
12547
8082
1115
1114
10481
1130
1101
1105
1104
1102
1103
1098
1100
1106
10482
9762
10483
9765
12170
10485
10373
10486
10374
10375
8049
10378
10377
33
10381
10380
10379
10490
1209
10489
10376
21
10487
10488
7886
1207
7925
1205
1206
1223
1222
10491
1221
5507
5432
7480
7796
7474
1721
1722
1890
2982
5511
7795
10386
9498
7402
10387
7401
1720
5512
5513
5670
10385
31
7797
32
5671
10384
7479
7475
7476
7478
7477
12654
10383
5433
10382
9939
9938
9940
472
9941
9772
12213
9773
8039
9775
932
931
1410
930
636
12609
1024
1023
1026
7431
1025
8040
7430
12646
11367
34
8081
1022
7754
1020
1019
1016
1015
1889
6767
7429
7432
7728
8080
10090
10091
11167
11419
30
11586
10092
10093
10094
7847
10096
10095
12693
12691
12692
1021
7390
1018
1017
7755
7753
35
1014
1013
39
1012
12694
12695
12696
38
40
7546
7547
7725
7838
7840
7721
7815
7726
7724
7722
7839
41
4570
7848
7723
7814
37
36
7406
635
9629
909
10430
5514
10431
637
5515
5516
634
633
4980
4981
7408
7407
632
7405
9628
679
747
7727
749
11671
10153
10123
10124
910
11585
10126
3004
2133
1610
1618
1611
1617
3555
1616
1615
3556
8290
1613
8289
1614
3307
1612
9257
1619
2650
6719
6720
2651
2649
1166
1167
12214
7621
12215
12216
9961
6724
6725
6718
10676
10576
13012
12278
12277
2580
11293
1879
1880
1878
8316
1009
1010
643
2362
6043
1699
470
9496
469
6567
6568
6722
1492
6721
8493
1168
9960
468
9958
10152
514
9953
9952
399
9947
629
680
9627
7409
9777
9778
9943
475
9942
12172
9944
9588
401
396
397
398
9949
681
748
8328
1011
1957
10125
8426
8429
10154
3003
513
11331
8428
8427
8430
1892
1881
1899
1898
11233
1894
1893
1876
5519
12665
1877
3557
10989
11266
12408
11265
11264
11262
11260
11261
11263
12414
12415
11268
12247
12248
12405
12404
11271
11272
11274
12413
11279
11276
12411
12407
11277
12406
11278
11275
5702
12410
12409
12412
11267
11269
11270
11273
512
2132
5699
5701
5700
11064
12528
11063
11030
1400
1401
1399
8061
1402
9937
2670
2671
1662
1660
8063
1661
1896
1897
8062
3856
2672
12116
11517
1672
7696
1848
7771
1851
522
11192
1850
521
11333
5998
1855
1875
7718
11334
8568
518
519
12697
1895
5698
12377
1856
6880
12527
6876
517
520
1849
1670
1673
1668
1669
2218
2219
2220
11191
2128
4305
1664
2673
6955
1671
4304
1665
1663
1666
1667
6953
6954
6952
11754
11161
10900
1403
10898
10899
10897
1408
1407
1846
1406
8484
1847
1404
1405
1852
1853
1854
1867
11660
1844
1845
2134
1409
1652
1653
12656
11029
11028
11284
11282
1884
12209
12532
12464
12590
1799
1800
11283
11287
11298
11286
12144
11285
11026
11657
11022
11024
11288
11659
11443
11023
11025
11297
11515
11514
11658
12969
12970
12979
12492
12773
12993
1801
12980
11800
11027
11299
12971
12191
12977
12973
12978
12974
12975
1777
9962
2033
9918
12207
1752
12256
12258
12257
12260
12259
11391
11513
11390
11010
10986
10987
11009
11011
11641
11111
11562
12115
2039
7758
1981
1980
2035
4522
1869
1984
1983
7757
1870
2751
1982
11295
2036
2037
12012
12050
3553
3552
2129
2130
1985
3551
3550
1986
1988
1987
2038
12114
11168
11601
10388
12401
12398
12400
11563
11492
2114
12530
2034
12529
12531
2113
8489
8488
8487
8491
2102
1625
11493
12402
12399
11529
11038
11516
10389
10390
10985
1715
2118
1774
1716
2117
1775
12972
12976
11021
2115
2116
2119
12379
2120
12380
12367
12372
12369
12373
12374
12397
12396
12080
12079
12371
12370
12078
12416
12368
12190
12364
12403
8297
1180
1340
12679
1338
1339
1341
1179
1336
1333
1334
1335
1337
12647
1342
10141
1343
2121
1175
2040
1174
2043
2122
12649
12648
11218
12653
12652
12650
2042
12208
12441
2041
12439
12440
1868
10837
1172
1173
10835
2124
2123
2125
2126
10836
2127
10392
10838
10393
9497
1281
1282
1283
1284
1285
1286
2105
1624
2106
10843
2103
8302
1289
8490
1287
1288
1290
1295
1294
1297
1296
1291
1292
2763
1293
1650
1649
2767
2764
2771
2769
2770
10518
12386
10517
5500
7731
10516
1751
1737
1969
1971
1972
9913
7951
10639
1965
1966
1967
7885
1626
7883
7884
8544
1963
8543
2766
10795
2775
10796
2768
1648
1651
2765
12385
1964
8540
8542
1970
8545
8547
5911
5910
7760
7759
5912
1275
7578
1276
7579
1278
1277
12538
1279
12539
7682
7580
1274
7872
12591
7683
10515
7871
7870
10514
9914
9915
10436
1269
10435
1956
10302
1954
1268
1968
6737
12275
12276
898
884
877
883
6735
6736
10010
1265
8322
8323
10012
10011
1306
1266
1749
7554
10368
879
880
656
657
8182
1804
658
647
646
350
349
10498
348
5909
9521
10497
11160
717
10496
1811
1812
1806
1807
1808
1632
9517
9518
9519
9520
1329
10848
9516
1907
377
1635
7577
9513
1628
9510
9509
9508
901
900
7966
11159
11158
233
1904
7562
215
234
1906
1905
237
10789
1415
1416
235
7563
7565
1739
1738
1321
8469
1311
1742
1741
9565
1313
1308
1310
1307
1309
1312
1316
1317
1318
1319
1320
9564
1315
1314
1740
7564
1747
1717
236
238
239
2067
244
4523
5504
10565
11522
9512
5505
1805
11196
9515
9514
9511
9507
9506
928
12389
12390
8324
2992
5506
2068
1417
369
367
368
371
7557
12517
12518
7733
836
6546
6106
7732
12651
370
372
1746
1128
373
374
940
10561
6935
7556
7707
12526
376
375
6502
6503
9452
6501
9451
1683
1682
6810
1685
1684
592
6
8
7
9
13011
10
8842
9455
9453
7575
10463
7573
571
7574
7567
7566
4976
1872
8304
12129
4975
12130
1977
8303
10689
9457
9458
9454
9456
232
11155
11156
11154
9447
11157
12585
12635
4274
8639
12634
11
9547
11112
10427
4605
10426
8434
5303
10425
5298
5297
353
352
977
5368
8464
1588
1978
1590
1979
12797
1589
904
1383
1381
1397
206
1380
1382
225
1398
463
1592
1591
10197
7036
419
420
2734
224
902
903
204
10059
10060
10061
10058
2008
1578
1579
1577
2682
2681
7026
1581
1580
5296
1583
5367
1582
1585
1586
524
523
11634
565
9472
431
429
9895
570
422
555
421
413
408
412
411
557
427
428
1657
568
9898
9899
6512
10056
1220
1219
1388
6511
10055
569
9362
9359
7435
9360
9245
9505
9244
9988
10057
9504
9243
10443
10444
10441
10442
13018
9361
7786
7787
1346
10419
11171
11172
1347
1351
10418
10417
1352
1353
10416
6514
1348
6513
1349
1350
10415
1358
1356
10414
1355
10413
1354
10412
1357
10411
1359
6825
550
10144
528
8931
8933
1656
8929
542
9465
10146
10145
9527
7857
9529
9528
9530
9531
7858
7859
9535
9532
7775
12365
12366
9533
553
9658
8132
8133
9657
8134
434
10150
9534
10148
9537
9536
10147
551
8043
552
10149
433
8045
432
2718
549
8046
6007
543
544
1655
8247
545
546
2699
8044
529
8932
10143
12553
10235
10234
10233
10232
10231
3295
1360
10194
8440
1232
12658
7310
4196
7309
12381
1231
8439
1230
8912
1229
12509
10088
10196
1225
10195
7603
4178
11440
1227
1228
1226
12855
4186
10570
1234
4172
1253
7601
8406
1254
4171
11291
8786
7602
1255
9869
12212
1233
7548
9143
7443
5917
5918
9868
12388
6948
2493
12387
8580
5706
8838
8578
8572
6477
8576
4251
4250
10571
10572
8573
6478
6479
6480
2022
5707
5708
8837
5709
10808
7135
8836
10809
8888
2023
2024
2026
2025
2016
2017
10574
10575
8887
10573
7136
8886
2492
10884
2491
10343
10345
10347
10348
10822
7393
7391
7395
7394
7398
7397
11115
10346
10342
7399
10344
7392
10878
8587
2019
2021
2020
2018
8589
8588
6682
6683
6681
11521
10823
6680
12176
10825
10826
11228
11230
11231
11229
11232
8591
3326
3327
10406
10407
10408
10824
3328
7746
7748
7747
7749
8571
8590
992
11346
8592
8594
8593
8595
8577
8575
7957
3685
11525
994
7962
7964
7965
993
8570
8574
7767
8579
7400
10890
11642
7793
8008
8028
8026
8027
10891
991
10556
10555
10557
2655
2654
7978
7977
7980
7995
3656
7976
7940
7941
10526
8735
3627
10520
10513
3628
9335
7501
7502
11224
11225
7500
9336
9337
9338
7499
7992
10521
7503
10189
10188
9339
10187
12005
7993
12008
10186
9717
9732
8004
12004
9731
9730
9725
9727
9729
9726
9728
12007
12009
12006
9334
4368
4367
4366
4365
4370
4363
4383
9686
9685
9687
8096
9333
9332
9331
9330
4369
4364
9322
9323
9329
4362
9326
9325
11926
4360
4359
9342
4348
4339
4325
9327
9328
4335
9340
4337
9303
4324
4361
9302
4329
4336
4332
4334
9306
9304
9305
9307
4338
4340
4347
4343
4358
4330
9314
9313
9319
9318
4326
9321
4350
9315
4349
4354
4356
9312
4346
4342
9365
4344
4341
4345
4327
4333
4331
4328
9308
9309
9310
9311
4382
9343
4381
4380
9341
4353
4352
4351
4357
4355
9317
9316
9320
4373
3843
2361
8098
8097
11647
9324
4388
4389
4394
4390
4391
4392
10216
8180
4384
4401
4399
10215
4400
12830
12852
4385
4397
4395
4396
11048
11049
4372
4386
4387
10855
10856
4402
4403
4425
4404
4409
4406
4407
4408
10883
11644
4410
4405
11771
4411
11645
11643
11646
4414
4413
4416
4415
4393
11208
11190
4418
4417
4420
4419
4421
7729
4422
4412
4424
8181
4398
4423
11306
11307
2204
11791
11793
2203
12424
12423
12422
12425
4291
1840
10351
10338
9803
10336
2199
4713
4712
10333
11711
11363
10349
10341
11582
10340
10350
10352
10334
11364
10332
10331
11712
10329
10330
9750
10328
10327
10326
12434
12435
12436
12437
10335
10337
10339
1839
1838
11566
11568
11565
4293
11567
4292
1841
2206
2205
4294
4301
4302
7953
4298
4299
4300
4303
6964
7939
4297
4296
4295
2207
1842
2208
4371
2211
1837
2210
10854
4379
4376
4375
4377
4374
4378
11775
12698
11772
11773
11774
12421
12466
12419
12468
12420
12469
12467
12465
12470
12471
10983
10984
12159
11394
10971
10973
10972
11395
11393
12160
12162
12161
10970
9688
2209
4008
4007
9285
1428
1430
4005
4004
3986
10875
4003
4002
1431
9218
3979
9222
1843
3977
9224
9232
9219
3768
3769
1833
9301
2201
1832
3981
3770
3841
3842
4321
4322
4323
11004
9286
3978
3980
4148
3932
8436
3898
8437
1836
1835
3931
3934
3933
3935
1834
3767
3936
3937
3968
3972
3973
3938
3976
3975
3969
3974
3967
3966
3963
3971
3965
3970
3964
8438
3960
3962
3961
11396
9189
4151
4150
10560
3771
3900
3899
4029
8826
11387
572
3949
3950
3948
3952
3951
3953
4149
3954
12925
3956
3947
3946
3957
3959
3958
7295
3955
4028
3911
3879
3915
3913
3914
3916
3917
3918
3919
3920
3922
3924
3923
3921
8772
3945
3944
7761
3939
3943
3942
3940
3941
10446
11039
8825
8807
8803
8802
8811
4215
4214
11398
11397
8619
8666
8618
8765
4207
8766
8767
8768
8621
8620
4210
4209
4208
3847
4206
11402
8665
4239
4240
4235
4236
11382
8625
8626
8630
8627
4205
8722
8721
7625
8685
8686
8681
8607
8604
8605
4213
8629
8603
8632
8628
8606
8631
7628
7636
8737
7627
7626
11250
7631
4146
4145
8834
7630
7629
7633
7635
7634
7632
11251
11252
12021
11200
4141
10320
10314
11201
4142
4140
10319
4026
10321
10315
4025
4128
10318
4024
10325
10317
11580
10316
4139
4138
4129
4131
4130
4133
4132
4135
4134
4137
4136
10313
8829
8680
4143
11198
11202
11199
12024
8839
3161
12789
12022
11254
11253
8809
8806
9344
8805
8804
8794
8810
8801
4010
4011
4012
8808
8812
4009
2200
3812
3811
9221
9223
9220
3982
3983
3985
3984
3988
3987
3990
3989
3992
3994
3991
3993
3996
3995
3997
3998
9300
11564
3999
1425
1426
9295
9296
9299
9293
9294
4000
1427
9298
11584
9170
1432
4001
10873
10876
4118
4117
4116
1429
9172
4041
9173
4043
4044
10581
4047
4048
4050
4049
4051
4052
4054
4053
11050
11054
11052
11053
11392
11051
12985
12984
4055
4056
4057
4058
4059
4060
4061
4062
4063
4064
4065
4066
4045
4067
4071
11405
11406
4046
4095
4069
4070
4068
4077
4073
4083
11163
11399
4075
4088
4089
4090
8095
4074
4086
4087
4084
4085
4081
4080
4079
4082
4078
4076
4094
4093
4092
10874
4072
4096
4099
4097
4098
4103
4101
4102
4100
4104
12794
10872
4039
10877
4106
4105
4040
4107
4108
10871
9169
12292
10578
10577
10579
12293
12294
4112
4111
11756
9171
10580
11558
4042
11559
4006
4115
4119
4120
4121
4114
9690
11587
4113
12699
8897
4109
4110
8894
9297
8895
8896
8892
8893
1424
4122
4126
4123
4124
4125
4127
12791
1420
4234
2535
8797
8787
8789
8788
1421
9560
9561
1422
1423
12790
4237
4238
8623
8624
11379
11383
11380
11381
8654
7294
11125
11124
11236
11123
11121
8655
7952
12751
11235
11122
8715
12777
7622
12776
817
3318
8662
8456
8723
1418
8457
8667
8668
8674
8669
8706
1419
4219
4220
1679
1680
4218
4217
1678
8724
8726
8708
8705
8704
8725
8707
8659
1681
820
7882
4221
4222
4223
4224
4227
4226
4228
8245
4225
8246
8550
819
8796
6276
6274
6278
6275
6277
4233
6273
8800
8798
8799
8795
9691
4229
4232
4231
6887
4230
2536
10304
8656
4216
8661
8658
8660
8657
818
8716
8717
8718
8719
8684
4201
4202
4200
4199
4038
8670
4197
4037
8673
4204
8709
8710
8675
8671
8676
8672
4203
4198
8683
8682
4147
8720
925
926
9659
4144
11045
8678
11043
11044
8734
11046
8679
12391
11047
8711
4759
4761
4762
4760
8727
8728
8729
11674
11091
927
4758
4757
11094
11090
11093
11092
921
8730
923
4756
924
9664
9662
4740
4741
4743
4742
9660
4739
4744
4745
4751
11089
4749
4750
4748
9663
4752
4746
4747
4753
9665
4737
4738
9667
9668
9666
8260
9669
8259
4755
4754
922
9661
920
9683
9670
9671
9672
9680
9675
9673
9676
9678
9674
9677
9684
9679
9681
9682
821
8714
8713
4834
4835
8712
12779
12832
12833
6332
6331
12684
6333
6334
6335
6336
6337
6338
6340
3255
6342
6330
6341
11015
10180
10178
3268
6345
6346
6347
3254
6349
6348
9415
9414
11076
11075
11074
10663
6339
6350
3253
6351
6352
11073
11067
11066
11065
11069
11068
11070
11072
11071
6353
3252
3251
12321
6375
12966
918
9804
12775
12249
12322
12320
12324
12323
12325
12326
6379
12327
6380
12319
12318
12317
12316
12315
5718
5738
10181
3728
3729
6985
12314
12329
12328
3730
917
8051
8053
8215
8052
6573
6609
6610
6574
6572
6601
6603
6607
6606
6604
9412
9409
9410
7675
9413
5988
8223
8222
916
6600
7741
6575
9441
9440
9443
3739
7743
7742
6599
10868
6602
6608
8398
8248
8249
12340
10465
12339
12338
12336
12337
12341
12342
6983
6984
6982
10464
6981
9417
3745
11193
8224
3744
3743
9418
3742
3741
3740
9442
7676
9439
3738
7660
5985
5986
9271
5983
3747
3746
3762
9214
5982
11096
3749
9273
9272
3748
7659
11095
3750
3751
4271
5990
3758
3756
1345
3757
3761
3755
3753
3752
3754
9215
8226
8227
7658
1344
9217
11101
4272
9424
12752
10399
575
10398
10400
9406
9402
9405
4267
9429
9433
9431
9434
4269
9423
4270
4521
9422
4268
7673
7667
7669
7668
7662
7663
7664
9407
7665
7661
3737
3766
915
5984
11106
5987
3760
5991
7670
3736
3733
3732
3731
9408
3759
7674
9411
5994
11590
5993
11589
9420
9419
6605
9416
5989
5992
8217
9584
9403
3734
5995
3735
7666
7646
7672
9421
7671
9404
4266
6545
9462
9432
4265
9430
9435
4841
9428
823
9427
9436
8405
9437
9426
9438
2215
4886
4887
4884
2214
2668
2667
2665
7612
7613
4904
11097
4903
6525
6527
6526
6528
6533
6529
6532
6530
6531
12629
12630
12628
12627
6534
10888
10887
10886
11476
12625
12626
6535
11222
6536
10889
10885
11523
4965
4962
2213
12769
2212
11524
7648
4257
4256
4255
6322
4933
4937
4913
4946
4949
4942
4943
4939
4950
6324
6323
10648
10650
11573
10649
4947
4948
4940
4967
6320
6319
6321
4842
12768
11256
6317
6316
6318
6315
9704
6314
9702
11920
11257
11918
11916
4254
11917
11919
11255
10679
10680
6313
10681
6311
6310
6309
10864
11414
11415
6307
6305
6306
6308
6303
6302
6304
11412
6299
6301
6300
11413
6296
6295
6297
6298
6294
6293
12678
12676
12677
6312
12535
6285
12675
6292
6291
12673
12674
12669
12671
12670
12672
6290
6286
11627
12668
7647
11591
11624
5968
4964
4966
4963
6537
6538
6539
6540
6541
6542
12065
12798
12064
12063
12062
4923
4929
4931
4936
4924
6543
6544
8360
4925
4912
4951
4952
4953
11005
11007
4954
4955
11316
11317
4957
4956
4959
4958
4960
10651
4897
4910
4905
9926
9925
4899
4890
4889
4896
4888
4961
8216
4877
8444
12991
4874
11258
4876
4875
4873
12770
12772
12771
2666
5769
5770
5771
4259
2307
4260
4263
10477
4262
8402
8403
12766
12767
12765
12764
4261
4264
8401
8396
8399
8404
8397
12392
12759
6119
6120
824
12762
12761
12760
2234
10697
11194
11195
2281
12710
11210
11138
11135
2262
2268
2248
2257
2259
2253
10656
2327
2267
2326
2266
2325
2288
2287
2286
2344
6266
2285
10688
2290
6165
2273
2274
2291
6257
2292
6262
6258
6259
6261
6260
2293
6256
12088
12701
12089
12707
12703
12702
12706
12700
12086
12705
12704
12087
2341
2340
2342
11219
6164
2289
2343
10448
5616
6162
6163
10449
6157
2322
5618
6210
6156
6155
5614
6158
5613
6154
10655
2357
2356
6264
10452
2355
10451
6263
6150
10453
10456
6159
6235
6161
2359
2354
6232
6234
6236
6230
6233
2324
12708
6194
6241
6242
6229
6225
6228
6206
6227
6226
6223
2323
6168
6243
6207
6252
6251
6208
6246
6244
6245
11087
6247
11085
6248
6172
6171
6170
6249
6250
6174
6173
6212
5724
6205
6213
5722
6202
6201
6190
6189
6191
10457
5721
10455
6214
6215
6216
6187
5725
6181
6177
6179
6176
6178
6175
9716
9715
11539
2328
12393
2329
6180
11488
11491
11490
6185
6211
5726
6184
6183
6182
5727
11088
8296
2331
6186
6188
6199
11034
5713
6198
5719
6197
5714
5715
6195
6196
6203
6192
6200
6204
10454
5723
6217
11033
6193
5720
6166
6167
6169
6219
6221
6218
6220
6222
6240
6224
6237
6238
6239
6255
6231
6209
6160
5617
10653
10654
6147
6149
6148
6145
8938
6151
2347
6152
2346
2345
6144
6146
6142
6143
2358
6141
6140
6134
5615
10652
6153
2352
6137
6139
6138
6136
6135
6133
2353
2297
6253
6254
2298
11794
11795
11797
11799
11796
11798
2311
2310
2302
2299
12177
2348
2244
2243
2242
2256
2247
2260
2270
11186
11189
11188
2226
2222
2224
11197
2278
2223
2221
2225
2233
2249
2232
2241
2240
10116
2252
2255
2251
2250
2276
2275
12382
8017
247
59
55
2337
10268
10269
2296
2336
10223
10221
10224
10219
10229
10222
10225
28
1171
12819
9503
2238
2236
7866
7867
56
10963
7865
7864
7863
12521
11217
57
5740
2317
2313
2316
6519
2315
2321
6520
6521
9372
611
6522
8326
610
8325
9287
12395
1184
1182
261
1196
262
263
2001
8242
264
266
267
1190
268
8152
1191
1195
8153
265
7920
7924
6871
1183
5455
5456
8293
8294
8295
8239
8240
8241
2330
5499
6874
6873
6663
11530
8327
11528
6665
11608
6666
11609
6664
7523
7522
7880
7524
11347
7878
7879
7877
12722
12724
12721
837
269
270
5879
5878
959
6110
956
957
3588
3591
5475
3590
2532
2533
2534
6109
5865
5866
3592
8299
5863
8563
8558
8561
8554
8556
8234
8560
8559
8562
8557
8555
5876
5875
5877
4022
8926
4701
8148
8151
10000
10001
8144
10009
11469
10007
4702
9999
10004
10008
8149
10005
12137
10003
10006
12136
8150
8200
8201
607
5450
5451
9548
10002
609
4982
12384
951
6381
8927
8301
952
953
954
6051
8300
11981
7936
8159
11377
11378
5996
5997
5965
605
603
7361
4479
7362
7359
7360
8343
8340
4473
7363
7364
7365
8341
4474
8521
8512
8519
8510
8520
8511
4478
8342
8530
8526
8524
8527
8531
8532
8525
8528
8529
8517
8518
8522
8523
8514
8516
11788
11784
11787
7345
7357
7354
7351
7355
7352
7353
7356
9558
9559
7350
7349
7348
7346
7347
11570
11569
11571
11572
8386
10964
10965
7358
10013
11782
11785
11127
11783
11786
8548
4475
8059
8060
8515
8513
10794
7370
7371
9706
2759
4708
4707
2758
2573
2574
12714
12715
2575
9796
9797
5893
5894
8567
8505
2576
5892
2755
2577
2578
5903
9798
2579
6384
6383
10793
11536
11537
11538
2754
5904
7368
7369
7367
9395
9393
9885
9884
9872
9890
9891
9887
9888
9879
9889
7343
8506
9876
7344
9886
9873
9881
9880
9877
9871
9875
9882
9874
9883
9878
8507
8498
8501
8496
8509
8499
8497
8503
8502
8508
2753
8500
11588
8504
8495
9396
7377
7378
2752
7340
7341
7342
7421
7416
7428
7415
7422
9807
7423
7426
7425
7427
7418
7417
7420
9397
9392
7419
9805
9806
7424
7330
7331
5766
7332
5765
9569
12847
12242
12243
12244
7333
8103
12846
9391
9567
9566
9568
9398
7338
9811
7339
9813
9812
9810
9394
9792
9794
9793
9795
11294
1882
7336
7334
7335
7337
1883
7382
7373
7374
8183
12712
12713
7375
9705
8390
8391
7376
12718
9054
12717
12716
8185
8277
8184
5901
5902
11359
7824
8278
2572
11357
8276
2757
7826
7821
7822
9826
9848
9841
9835
9838
9844
11512
9840
7827
7825
8385
9856
9863
9864
9862
9855
9854
9857
9858
9859
9861
9853
9860
11748
12119
7823
5895
5898
5896
5897
5899
9814
9817
9815
9816
9865
9866
5900
9818
9822
7816
9829
9831
9850
9827
9833
9830
9846
9849
9852
9843
9837
9845
9847
9836
9828
9825
9851
9839
9834
9832
9842
7817
7818
9821
7819
7820
9819
9820
9823
2756
9235
11770
12121
12120
11358
9892
5369
5370
5371
5449
4709
2760
12720
12719
5446
5447
5445
5448
5444
5443
5442
12558
12560
2761
4710
12557
6042
12562
12561
12559
12826
8339
12825
11988
11989
11986
11987
5441
11993
11985
11996
11999
11984
11997
11994
6382
11990
11983
11992
11995
11991
11998
8291
7366
601
600
4706
8156
9541
8157
8154
8155
8158
4705
4703
12011
12010
606
10847
11980
7379
7380
7372
9620
9619
9621
604
5964
5966
7381
8422
8423
5967
8424
12565
12563
599
4711
12564
602
2762
4484
6524
8363
6039
6108
6040
6041
8344
8392
8364
598
4483
4480
196
596
597
12723
4704
8146
8147
608
8145
4021
5874
5864
4020
5868
5869
5870
5477
5476
8168
5867
5872
5873
4019
5871
7937
7938
8233
4018
949
5489
5488
4467
8176
4468
4469
7930
7932
9049
8177
7931
8105
8106
8162
8163
8104
8164
950
8160
8161
8166
9689
8167
8165
4462
9044
4014
4015
5860
8172
955
5437
5439
5438
8171
5452
8170
8169
846
845
5480
6036
844
843
842
841
5478
8232
5436
840
838
839
850
5435
958
271
3589
5739
273
272
5881
12496
12497
11583
12495
11619
12494
12504
5457
12501
12502
5882
11676
11675
12503
5458
5459
12498
11461
12500
5471
12499
5883
5884
5885
8329
5469
5460
5440
9051
9052
7009
5479
5453
5454
8174
8173
8175
5862
5861
8421
5491
5492
849
854
5493
853
5490
851
453
852
464
11280
8459
8042
11281
8455
856
855
454
455
456
5495
11055
11056
10784
10785
10786
10787
458
459
5494
457
848
4013
847
11350
5481
5482
6037
5487
5486
5485
6038
5483
5484
5750
3081
4016
5759
4017
446
447
685
947
683
684
8229
8228
737
5763
7762
5764
7763
682
3303
5757
5753
448
5754
5755
5756
9048
5760
5751
5752
5758
449
450
451
460
8178
3321
948
5761
12725
9045
11058
11059
11062
686
687
715
714
445
2729
8190
9053
461
9047
4023
860
9050
11060
12566
11061
9046
738
742
862
7923
12152
11057
12153
861
12151
863
740
5762
741
5467
5466
5728
5465
8448
5464
5729
5463
5472
5473
5462
8446
5461
5474
5887
5886
5888
5468
12507
12508
12506
12505
8230
8231
5470
274
5891
10076
11032
10077
11031
275
5890
858
5730
5889
9371
5731
9780
7956
7955
5717
5716
452
9779
9781
5735
9376
7791
5734
5736
5733
5732
857
8380
11804
8381
8378
11615
9907
195
191
8379
58
9502
257
12520
2239
6872
258
7790
259
260
8194
8193
8298
8195
8196
8292
8192
8191
1192
1193
1194
1189
1197
8225
6374
1185
1186
1188
1187
12394
8142
11487
11489
8400
11086
11556
9127
8564
9128
9471
11545
11543
11541
11547
11546
11544
11778
11781
8197
9491
11777
11780
8199
11776
8198
9493
9492
11779
2309
11180
11181
11179
11548
11549
11542
11550
11557
11553
11554
11552
11555
11540
2312
2295
2305
8011
2300
2301
6788
2320
2230
2229
2228
6523
2294
10098
2319
2318
2314
2332
5742
5741
5745
5743
5747
5748
5744
5746
5749
10097
8018
8012
11178
2279
2245
2227
8016
2231
2246
2277
8013
8014
8015
2338
2269
6440
10845
10844
10846
10788
2339
2265
2264
11187
2263
11148
11149
11142
11140
11141
11147
11146
11143
11150
11144
11145
11139
10458
11136
11137
2261
10479
8828
2280
2284
2282
6777
2283
6772
6774
6775
6786
6776
6785
6787
6784
6779
1069
1071
1070
1068
6778
11510
1067
6771
2351
6782
2350
2308
2303
2304
6780
6781
2254
2349
6783
2258
6773
8827
10478
10480
10476
8143
11211
11214
11213
11209
11215
11212
6434
6433
10698
2235
2237
11216
12711
12475
10217
2306
10218
1860
12548
12299
12298
12300
12301
6435
6436
2272
6437
6438
2271
10474
10471
869
10472
10865
10475
10896
10473
870
871
10292
10293
6422
10291
9801
10199
10203
6271
6272
6270
10437
6430
10439
6957
6429
10438
10440
12266
12267
12265
10167
6431
10207
10206
6425
6424
10198
10169
10200
10201
12418
6117
12417
10807
6426
10205
6423
10289
10290
10288
4568
8583
6547
10511
10507
10512
10509
10510
10508
10505
6558
6559
3772
11321
11320
11322
11319
12763
12644
12643
9463
9464
9461
11323
2216
9460
9459
3225
3224
9033
9027
9020
3222
8972
3300
8970
8272
8273
8973
8971
8977
3273
8984
9007
8824
10506
8820
8818
10212
578
8819
8821
8822
8823
907
9055
10447
625
11245
986
10395
10394
624
8211
60
8212
119
118
114
311
312
867
868
8262
120
12726
8208
8213
12545
8206
8207
11242
11241
117
984
982
983
9106
12274
12273
9108
12642
9107
12640
116
9103
115
310
9258
6949
8261
12641
12138
7897
24
25
26
2658
6950
5496
5498
5497
313
985
6008
193
192
9499
6951
6107
8286
9479
9478
8258
8255
8257
11764
321
83
95
85
53
6035
8388
86
87
94
88
89
125
126
159
169
160
10966
161
164
162
163
165
166
167
168
170
171
174
172
173
9377
183
179
12141
12142
180
181
182
10967
296
300
8447
299
297
298
11368
314
5737
315
304
319
301
302
318
303
317
293
866
292
316
289
290
859
291
286
287
288
285
284
184
8377
277
276
278
279
280
281
283
282
7922
7921
11790
189
9378
190
294
8648
9375
9374
9373
8643
54
254
253
252
10699
2334
6432
10171
249
256
248
250
251
10263
10266
255
10264
10265
10267
2333
2335
10226
10228
10962
10220
10227
9501
9500
27
8111
9105
9102
9104
7898
8442
8209
8210
12522
51
10210
10209
10204
10202
6427
6428
10839
10840
10841
10211
10403
10208
10287
10286
10165
308
10262
11120
10168
10278
10163
10170
10164
6441
10166
10842
306
307
305
295
8214
8650
8640
62
61
76
78
8642
79
188
187
186
185
8646
197
81
9782
622
623
84
872
620
619
621
8645
82
8644
8649
80
178
8641
175
176
177
8647
11118
77
11117
320
5880
8256
12727
8288
8287
9477
12728
11326
11327
10853
10851
10852
10857
322
12546
11324
323
11325
201
8101
324
8102
200
198
199
149
150
145
12245
144
143
153
98
202
97
96
146
99
155
123
122
147
124
154
2031
9069
9074
11614
9065
9085
9082
9072
9066
9083
9067
9070
9076
9073
11098
7187
9131
9132
9068
9259
960
12206
9090
12831
9071
12234
12235
12236
12610
9084
9092
6369
9824
9755
9754
9756
9752
12073
9753
10309
9091
9056
9057
9133
7854
357
358
9058
360
356
9134
359
9075
9089
9079
9086
12139
9088
9077
12147
9099
9097
9081
9094
2677
3792
3793
3790
2678
9176
6571
12383
8833
3795
8688
12645
12570
2679
378
355
6870
3791
3794
2717
1006
1007
12556
7024
4525
4526
7581
613
612
7311
4524
9380
9381
9382
9384
9385
9388
7497
7498
9383
9386
9387
9379
614
1004
7595
1005
7594
9125
7933
9124
995
7307
996
8582
997
998
8596
1003
1001
1002
7308
7969
7590
7589
9743
9744
12550
10829
2713
9745
2714
2715
2716
9126
8693
8691
8692
8581
3083
7130
8585
7131
8584
11749
8925
1000
7129
7752
11801
12608
12682
12681
12066
6936
12067
12100
10459
3082
8100
12158
12856
3085
3084
8407
7302
9111
7306
9110
7305
8409
8408
3086
3087
8450
3107
3593
3101
5969
10660
3100
5972
987
3103
3104
3105
3106
10553
8740
2845
7861
3607
3608
3022
8743
8760
8763
8751
3024
8745
8755
7954
3023
8759
8746
8753
5767
5768
9116
8752
8747
8845
3889
3884
3875
1059
3874
8750
8754
1057
9276
1056
9275
1052
1053
1055
7650
7651
8362
7649
8361
7680
1054
1060
1058
1061
3873
3886
7677
3885
3887
3888
3890
9154
8846
8850
8843
10460
8756
8847
3061
8840
8764
8739
8757
8761
8758
8741
8749
8744
8748
8742
3054
3057
7973
8889
3066
3067
9249
3052
3065
3050
3069
9168
9153
3048
9157
3049
8281
8244
3043
3047
8280
8284
9120
3046
3045
3606
3860
8283
9119
7511
7963
9117
2930
3035
3028
3033
3027
3034
8899
8871
8884
7527
8883
7536
9267
7414
7413
8858
8859
8857
7003
3813
3814
1462
1464
1465
1463
1461
1460
9936
9188
3855
3854
1466
7550
1452
7549
1447
1453
1454
1455
1456
1468
1467
2652
12851
12850
8793
10122
3869
7609
3872
10105
8790
8792
3870
8791
11560
7778
7777
11519
11520
12288
12279
12289
12290
12291
3839
11620
3880
3871
12285
12284
12280
12101
12282
12283
12286
12287
9466
11561
12281
8058
1048
4027
12295
7720
3806
3805
1440
1439
10895
10893
10894
10892
1438
8652
10367
3808
3815
8651
1434
3807
1437
3817
3810
3809
3816
1435
1436
1445
1446
1444
1442
1443
1433
1441
1448
1449
1450
1451
5428
9278
9281
9279
9280
9277
1457
1458
1459
10366
9266
9265
5705
3848
9262
3329
3883
7388
7389
7387
1049
9260
8218
3882
9263
1051
1050
9261
3881
9264
9178
9177
10121
5703
5704
7385
10364
7386
9193
10365
9194
9192
9196
9195
3025
3026
8919
10849
8921
3861
3863
3862
3864
3031
8920
7694
7693
3029
3030
3032
3041
3040
3036
3039
7002
3037
8947
8948
1831
8949
8950
3853
8435
7528
3044
8279
3042
8778
9118
8285
7274
7512
7514
7513
3051
9167
3605
2844
2843
8848
1062
1063
2929
8780
3053
8779
8282
3062
3059
3060
3058
8907
3063
3056
3064
8900
3075
3055
3080
7974
7517
8945
7134
7133
7516
3118
3076
3077
3078
3079
3115
8844
3114
8266
3117
8265
3116
8946
7518
3073
3072
3071
3070
3068
8880
3074
7813
8865
8866
1830
8873
8876
10666
12192
8868
9482
9480
9481
8914
8622
1709
12349
12350
4249
8916
9563
5906
5905
3322
3323
7604
3497
3324
8915
351
3325
7596
2680
11318
8913
3293
8614
10799
10798
8041
11289
9135
7291
11290
8613
8781
7276
11221
7275
8612
7316
988
989
990
8616
7318
8924
354
999
8615
12683
10272
12680
7231
7317
8243
8690
10270
10273
7624
7545
7623
10276
10271
3579
8732
3580
3693
9156
3587
7582
7132
8663
7542
3585
7534
7319
7246
3586
7540
7533
7531
7532
7544
11577
3601
8019
7245
7535
3581
11376
7293
3600
3582
8733
7543
3599
3597
8736
7968
3598
3596
7620
8785
3603
3602
8267
7617
3604
8784
8782
8783
7530
3609
1065
2846
7862
1064
8762
3594
3595
3091
3099
3094
3092
5387
3097
3575
3111
3112
3573
5975
3572
3109
3110
3113
3571
5970
8774
5388
5971
3108
3096
8035
3102
3095
3093
3090
7942
3574
3098
5973
5974
8908
3089
5977
3722
3088
3260
8988
8776
8775
8141
5976
8985
7297
8986
3719
9348
3701
3707
8010
3720
8989
3721
9346
3706
7645
3708
3697
3696
7655
3725
10323
7296
3695
9011
9017
9035
8999
9018
9040
9008
9029
9183
9187
9180
9181
9186
10685
10684
10682
3715
8009
10683
10466
8994
9024
5919
3716
3718
3705
8036
7654
7653
10677
9179
9185
3709
9023
8996
3710
9369
10736
9282
10737
3779
3714
3713
10678
3712
3711
10155
7779
7782
7783
9370
12473
3866
3868
9570
9571
3867
3865
9283
3259
7784
9274
7785
3876
12753
7959
7961
7960
3878
3877
7780
7781
9291
9292
3717
9182
3726
3258
3727
9240
9241
9239
9238
6993
10867
6992
10700
6991
6990
9470
10866
6989
6988
6987
6986
6994
4252
10858
10172
6995
10860
10859
10176
6355
10177
10179
6356
6354
11792
12685
6343
3256
3257
6344
11084
10707
6997
6998
8365
6999
6996
10863
10175
10861
10174
10173
10862
7001
7000
9236
573
9237
7958
11082
11081
3928
3840
11388
6329
6327
6328
6325
6326
10664
3844
10665
8057
919
822
9703
12778
12758
8395
4258
12757
12756
4253
3250
11014
12311
12310
12312
11083
8359
6376
12307
12305
12306
12302
6973
6972
12303
12304
11308
11361
12308
11099
6971
11100
6970
10469
12309
6975
10468
6974
9358
6976
10470
6978
6977
10869
10870
6980
6979
3249
3248
10687
10686
10981
9469
10980
6684
3247
9356
9444
10704
10706
9355
10705
10702
9357
10703
10701
3246
3267
8007
3245
10693
10690
10708
9289
10696
9290
10691
8034
8037
3698
9390
10694
10695
10692
9184
10322
9010
5920
9028
9000
9025
9009
9031
10405
3694
8993
9012
9032
8998
9039
9036
9288
3700
9002
3724
9021
8990
3244
9284
10402
10401
3266
3240
3241
3242
3243
3239
3238
3237
9001
9003
7644
3929
574
577
7519
3930
7521
7520
576
3236
11040
11041
10305
3234
3269
8976
8982
8975
3786
3787
3785
3235
10306
3777
9216
9425
3774
3775
3776
10214
8252
8968
8961
3773
8967
9038
9005
3223
9015
9013
9019
8974
8965
3226
3227
3228
7739
7738
8966
8962
8964
8251
3229
8978
3271
908
3778
3788
11006
3789
11008
11035
8250
11003
3270
3230
3272
8960
3233
3231
8274
10712
11752
8944
3232
8987
7656
9349
9350
5981
3704
3702
3703
5978
5979
7298
7301
7300
7299
7304
7303
9026
9554
8995
9016
9022
8992
9014
9583
5980
7652
9347
9345
3699
3723
9037
9006
9004
9041
9030
9034
9354
9353
8997
7643
9352
12581
8991
7657
8981
8983
8979
4279
8980
3261
12180
12268
12269
10397
3797
12580
10310
7943
12579
6095
9123
10324
8910
2217
6094
12179
8118
8114
8115
8116
8117
10213
10790
8123
8129
9115
8130
2661
8131
9114
2662
8128
8963
8127
8969
8122
7740
8253
8254
3784
3783
8125
3782
8124
2664
2663
8126
11103
11102
3781
11107
11110
11109
11108
8119
8120
8121
3796
3262
3265
3263
3264
12783
6557
12784
3282
2659
12782
6560
12263
9059
2202
12781
12780
9064
9063
8024
9368
2660
9062
8023
8022
9060
10539
8021
10538
8664
7605
8020
7610
1066
9061
12271
9367
7525
7526
579
12270
8689
12785
9100
8263
490
489
11433
9101
9098
9095
9093
9096
11351
580
9109
3299
3281
3296
3297
3284
3285
3289
8872
8864
8863
8869
5907
8870
1704
8205
1705
8203
7619
7618
7273
8269
8270
8271
7614
3691
8268
7615
7616
7529
3692
8903
8902
8901
8905
7950
8906
7949
7948
8904
10277
12353
10275
12352
10274
8918
9152
8074
8069
8073
7492
8070
8443
7278
7282
7281
7277
7494
7283
7493
7490
7489
7284
7488
7491
7287
7288
7487
7290
7289
9526
9525
7483
7484
8071
8072
7285
8467
8330
7280
7279
7286
7486
7485
7482
7481
8935
11428
1708
1707
1706
12356
12354
12355
8878
8879
12463
8204
3583
8867
7769
8885
3584
7770
3675
8877
8875
8874
8637
3859
8314
8315
8731
7515
8635
8633
8636
3674
7139
7141
7140
7138
8898
3038
2931
8951
9121
7137
9250
9122
8634
7004
7005
3663
3612
3661
3660
3662
3611
3610
7583
8954
8952
9165
3672
9166
8598
9268
7591
7592
3657
8953
3621
10546
10542
10540
10545
10541
3671
8179
10410
3617
3684
9255
10662
3626
9251
3625
9252
9254
3623
10543
10547
3658
9269
3622
3624
10544
3620
3618
3619
3857
9253
3613
3614
3615
3616
3659
7507
7505
7504
7584
7998
7999
7508
7506
7585
7509
12003
10661
3629
3630
3664
3631
3635
3634
10532
3665
3640
3639
3638
3633
3632
3637
3636
3666
3667
8087
11116
7997
8003
10530
8001
12588
12589
3649
9351
3669
3309
3641
3668
8094
3642
3643
10535
10533
10536
10534
3644
8092
6054
6053
11152
11151
11153
10537
6850
6851
6852
6849
6853
6854
6857
6868
6855
6856
10658
6869
8090
8089
10659
8088
3312
3315
3314
3316
10531
3317
3311
3310
3313
8091
3308
5263
5264
8465
12122
12123
3648
3647
8093
3646
11471
11655
11654
11653
10527
3645
10529
3652
3650
3651
12839
12840
12841
12838
10559
11337
8372
8374
8373
8371
8370
8369
8375
8367
8368
3655
3654
7996
10528
10554
8099
10519
7607
7608
3653
10524
10525
8458
10522
10523
8002
3670
7979
7975
7981
9256
3673
10879
10880
10569
12747
12748
12749
12750
7588
12199
2653
10558
7396
7586
8941
7587
11621
11424
8135
12198
8943
8942
11423
10552
10549
8955
10548
10550
7143
10551
8597
3858
7142
12200
3687
3686
8264
3677
3676
7510
8909
3680
8841
8891
3689
3679
3690
3678
3688
3681
8890
3682
8835
3683
5916
4248
9870
12351
8694
3290
3291
3292
3286
3287
668
12549
1252
3288
1251
3274
3275
7599
1250
4168
11625
4169
1264
7496
1262
1263
11292
1246
1245
1244
1243
4159
3306
1240
1241
4161
6481
9474
6482
8814
8815
8813
8816
4162
11618
1239
3305
4164
4166
4163
1237
1236
4165
9042
9043
4189
9112
4167
12335
4190
4191
4194
4195
7436
7437
4185
4188
4192
4177
4176
4175
4174
4179
4180
1235
4193
4187
4184
4183
12347
1238
4181
12820
4182
4170
12994
12995
12996
4173
12343
9142
12023
3277
3276
7600
7597
7598
10087
1248
1249
1242
11240
4160
1247
9473
7860
7855
7856
7033
8107
8108
1257
1256
7495
8463
1258
8460
8461
1260
8000
7991
11594
11220
8462
1259
6945
1861
6946
1859
1261
8109
7593
11360
8110
6944
12632
11249
12250
11411
6947
12657
11595
11593
10990
11596
11766
8237
10982
7994
8235
8236
12638
8238
8862
2015
11119
8861
11223
11204
8860
8777
6487
8773
7434
7710
1874
9446
1885
1886
6943
1887
5430
7713
7712
7711
2014
11104
11105
9363
13017
9364
9900
8219
8220
6023
558
562
1393
1394
1390
1391
1389
1659
435
561
6026
6027
6025
9904
6024
9993
560
9994
559
8221
9995
5397
6022
563
6006
1658
1392
554
410
409
567
9897
426
6005
4773
2003
5120
976
975
8934
8851
3543
5121
6956
425
9896
424
423
556
1627
6963
9130
1395
547
548
1962
7007
1396
414
9894
430
2568
7704
564
566
12796
4278
7029
4277
8940
8939
4276
4275
7030
7031
6004
12537
1584
1587
10033
10032
9893
10031
10030
10029
10028
10027
10026
10025
531
2693
5023
9129
7006
2750
1484
1601
10151
1596
1598
1485
1782
11751
11750
1599
1595
1600
1593
9155
1594
12992
905
8553
3215
1597
221
220
2709
12788
10251
10252
8923
3896
3895
11527
979
965
11526
9475
962
961
8483
980
964
3894
8922
10253
10255
12786
2972
2971
8917
963
218
10254
217
216
10256
10257
8565
8468
814
815
10260
10259
10258
946
10261
7702
1646
945
828
1871
444
2735
6492
2737
2736
1376
944
1377
8432
442
826
827
1375
1374
441
825
942
10285
10284
10283
443
10282
943
6548
228
941
205
1362
6877
203
10281
10280
816
10279
4247
1378
6046
2688
2006
617
2000
616
12230
8366
10053
1368
12231
2007
8047
1367
8048
5710
1366
1365
6549
9540
1364
10050
1371
1372
1078
1079
12519
11925
1081
7776
1077
1075
1074
1076
1073
1072
1080
1370
1369
10051
10052
5712
1363
12240
12229
10054
7881
7685
5386
615
440
439
591
1373
3
2027
7945
5711
7946
10797
4
8771
5
12597
8769
8770
12599
12600
12601
12598
2675
12602
9992
3763
9989
3765
3764
436
9991
9990
12666
8677
2722
437
438
7539
8202
10424
10062
10423
10422
1379
6485
835
12095
7028
7027
526
2721
2723
2703
5238
5237
2720
2719
525
2704
4973
12660
4972
834
830
7703
7705
5239
2725
2724
8549
829
831
4974
832
833
12
10421
418
9247
1694
1693
1692
11623
415
226
227
10420
8608
2674
13
12612
12613
12615
12614
12611
5908
1783
417
2691
2692
1647
2690
2689
416
12755
462
223
2733
12774
222
2970
2969
10089
2711
2712
2710
10249
219
8653
12795
10250
8937
12787
10248
10247
12792
10246
812
2005
2004
10308
813
978
8936
12793
5024
1712
10101
10801
10230
10103
10104
10646
10647
10800
10102
10100
10099
1711
10245
10244
10243
973
974
972
966
967
968
969
970
5029
5028
906
10240
539
1361
538
540
2002
2700
2694
530
2701
532
1483
533
534
536
535
537
1713
7008
3891
10241
1714
971
10242
5026
5025
5030
5027
527
10237
1689
6840
10238
10239
10236
10021
10142
1654
10022
10023
10024
8930
8617
541
1695
6841
6842
8911
3294
3279
3278
3280
3298
3283
7025
581
8025
582
8449
2657
2656
5434
231
138
8414
137
102
103
100
9557
101
148
121
140
139
141
142
105
104
157
107
156
7984
109
108
110
136
111
8387
135
8441
362
361
366
106
158
151
9549
9550
8389
152
365
364
363
52
92
91
93
112
113
131
132
133
134
10015
90
127
128
129
488
480
706
707
699
698
697
713
700
694
693
692
728
690
743
9986
9985
9987
865
864
719
12254
12253
716
689
10882
10881
11077
11078
688
3320
11080
11079
691
720
721
12154
722
723
724
727
726
725
729
1047
7989
701
695
696
8418
10014
8419
712
8420
12181
2730
8415
130
8417
12534
12251
12146
2990
6044
23
6045
8413
8416
9080
9087
6113
8956
8957
6112
2030
3800
10905
3799
10908
10906
10907
9225
10910
10909
10911
2611
8086
8085
11389
8084
2738
8083
6055
6056
11113
7640
10913
10912
2739
9231
9229
9230
8958
9228
9226
3798
9227
9137
9234
9233
12252
8849
2676
9933
11042
7990
8410
618
11177
229
230
491
8586
8881
7383
8856
8853
8852
8855
7730
9139
9140
6360
6361
6367
11012
6366
6368
12344
12345
11628
11013
981
12001
12189
12232
12227
12228
12569
12346
12348
12246
9174
7967
9175
6359
6365
6364
6362
6363
492
6269
12444
12205
12443
12296
8854
8882
6111
11175
11174
11173
12145
8006
9078
8005
2032
9136
11176
8411
9141
8412
2726
6114
2727
12848
12849
2728
8611
8610
12081
7384
8609
735
732
739
734
733
736
731
730
709
708
705
711
12555
7983
702
3319
703
704
7985
7986
7982
12587
7988
479
710
7987
2731
12375
9802
12376
481
9467
5066
5067
482
9468
486
485
1040
483
10079
10918
10919
10921
10920
10917
484
1046
1044
1045
12576
12662
12663
9191
493
11131
9932
1042
9935
11130
1041
495
9934
12211
12667
9931
494
12183
12182
1043
9906
12178
12661
8599
8454
8452
8453
8602
3801
487
10915
10916
2732
10914
309
5068
10922
8600
10925
5069
5070
5071
7639
10926
7638
9190
10924
12659
10923
496
5059
2741
5060
5061
5062
7902
7901
2740
9242
9246
5064
5065
5063
3802
22
5959
2646
1825
7192
7193
7412
7410
7191
7190
7411
7189
7717
5952
5954
5951
7611
10404
5953
5833
1826
5839
5835
5837
5840
5844
2633
7197
7195
7196
7194
7188
2632
2630
2631
7751
7750
11805
5838
7198
2648
2647
7765
7199
7202
2639
7764
2638
2640
2636
2637
2634
2635
2644
2643
7200
2641
2642
2645
7210
7211
7208
7209
7207
7213
12210
7212
5958
7206
6790
7794
5957
7205
5956
5955
7201
7203
7204
11767
2028
5843
5842
5841
7744
7745
5836
5834
12639
9741
3803
2889
1093
6660
6661
1094
6648
6649
7184
7183
1703
12197
6670
6676
6669
6674
6668
6675
6672
6673
6667
6671
6650
6651
6653
6652
1606
6656
6655
6654
7232
7237
7238
7233
7235
7234
7236
6657
6659
7185
7186
6658
6662
1555
1556
1557
1558
9523
9522
9524
6115
6677
6486
6678
11296
1572
2
1574
3498
1573
0
