0
2838
6143
1390
1179
3701
8499
1685
1120
3988
5528
1686
5544
327
1128
1777
5533
3572
5386
6472
1135
5178
5522
1773
5550
3470
1109
2854
1110
6817
1140
2853
1102
8284
1100
4048
5558
3904
5137
8020
866
1819
5557
2920
861
5278
1096
2839
1117
3452
869
2837
870
3546
1114
2845
1138
2196
1134
3477
1139
2870
1133
2655
1108
8305
1131
2859
1103
3911
860
2191
868
1713
867
2840
1144
5892
1147
7288
1142
8948
1212
1832
8498
4702
8223
5418
1153
1711
1145
6272
1123
8087
5527
3290
1129
2841
2452
3396
2453
1862
2449
8900
2450
1869
1218
1890
8747
2893
334
5428
7313
2958
3360
8338
8868
4908
1309
1898
2740
5821
3545
2946
3848
2941
7658
2945
8862
2948
6425
9423
3358
3394
3558
1453
7372
6725
8856
7853
3521
4476
8051
9582
7514
9581
3493
1452
3835
9583
328
4809
9555
4477
342
4549
9556
6818
3335
4807
4055
6819
1271
4478
9549
7762
7969
4521
8270
8729
3803
1429
3351
4526
9186
1423
3831
5417
6
5426
8172
1892
2393
6087
2936
3703
5851
1838
3317
1826
9478
1820
4782
4698
1905
6109
8327
3568
1896
1848
4036
4021
3787
2814
3288
4696
5282
3445
5281
9585
2847
3547
2850
8880
2820
7662
2745
7243
2731
3349
4246
1475
8777
267
8385
3540
8155
1476
9336
3412
8150
3411
8156
9158
2836
1319
8926
3498
6737
4046
6744
3364
6781
8170
2751
5212
1723
7272
1737
6361
8935
7238
1738
1273
8949
7322
8913
7640
5967
3362
6546
8406
6779
4056
6778
8903
87
3982
5263
8928
8968
3918
5149
4556
3924
2868
3973
3458
8439
1849
6454
3917
1615
8930
5808
6471
7487
5284
6864
2744
5397
2700
6861
2688
7168
1732
9554
2686
6866
6320
7260
2718
7193
2722
3398
2719
9551
6489
6846
2709
6859
2713
8481
2714
7357
2696
7511
2717
7258
2682
3510
1722
8451
2782
6852
2645
6099
2786
3418
2715
6862
2723
5390
6072
3836
2661
6860
2683
9553
8703
1320
2687
6858
2725
7261
2804
6354
2712
3833
1716
9269
2755
8304
5838
3719
1023
3517
8700
6097
2704
4453
6085
4063
2797
7355
2753
7296
2829
3942
9561
2925
8961
2869
3971
4031
5810
4764
5847
3300
1704
205
1693
3788
1880
7267
2955
7678
3821
4766
2954
1760
3772
1690
1605
3686
1616
3987
8495
4917
2879
3900
6111
7552
6621
8586
3789
1875
6560
4851
6593
7199
6606
1383
8496
1876
1415
1395
3709
1873
6601
8358
4681
1366
6589
1370
6563
7452
6582
4743
6587
1373
9564
3926
7289
6311
7167
6523
3508
1018
9155
1622
2618
8701
8971
2754
6359
6611
3718
8262
7315
2749
7671
1735
6477
2732
3846
5747
9298
2833
3852
1720
8784
1731
8070
2738
6868
2706
7396
5253
5333
8925
7663
1734
4783
4707
7264
1730
1270
2733
7308
2752
3716
7579
1678
2822
1816
2088
1779
2825
1824
3409
8021
1658
6456
371
5409
2852
8756
1020
2942
3886
2866
6786
4057
5106
226
2867
8947
3566
6763
3561
8093
8022
1620
8956
1619
3453
5275
1823
1657
8901
1656
3957
8953
3696
1888
3700
5353
8929
3407
3981
2826
8144
2934
8788
3790
5803
8789
6609
1367
86
6631
4039
6638
7311
2666
7254
2798
256
4540
3522
6773
1474
6776
2933
203
4697
9240
2195
8847
3319
3927
1668
3950
7292
3954
1663
8349
1667
1861
1665
3955
9262
8879
1602
6104
8269
3699
1670
1710
1666
8345
6847
2957
3514
2939
7642
5427
8783
2940
8937
1894
7513
8325
7643
1612
6765
2947
6863
2895
6845
1687
7300
6584
1413
5332
7358
6586
4000
2888
1807
1885
8361
3913
3903
3912
4006
2943
1833
2871
3906
2884
1801
3781
1705
8334
1776
5431
3990
5331
1765
7680
1806
4053
1762
1425
3286
3439
231
8753
1884
2737
1675
2644
5805
2891
8746
1627
1393
8663
8748
1802
4153
3940
315
3921
8347
1487
1852
7409
1405
5792
9183
1829
7246
1818
1932
4001
6054
2962
1856
1913
8489
3687
8488
7410
4858
3476
1701
8660
7407
8665
5816
1630
8966
3966
2880
1772
5890
1841
8515
1842
4052
4019
8348
5790
8718
1845
6600
3350
6622
1840
8731
1679
8346
1794
5443
1695
2894
1696
1902
1389
8661
1392
5445
1882
6459
8749
3958
7290
3976
1929
3931
1404
3952
1403
1914
1891
5855
1901
9270
1865
9294
5191
1491
2397
8793
8342
6795
1904
7245
1854
4013
6168
456
7567
4647
6058
3725
8548
335
4808
3843
3869
8479
4777
5167
4482
3308
8457
8857
4655
3533
4836
4236
4665
4276
4837
9156
4979
3272
7843
3818
5378
4273
4978
8054
4677
9417
5038
3264
4064
3336
5548
1325
3383
8866
7758
8453
8455
7198
7686
3798
7688
5055
4484
433
1418
1324
3885
8976
544
7404
4249
7345
4460
320
3328
4245
1012
3780
6714
9442
3880
8313
3876
8312
4234
8309
6715
238
4174
314
4278
3838
1572
3403
147
1683
1744
2927
6306
351
8343
1822
1855
6323
7271
8145
1858
3974
5372
3960
1407
4854
8733
3685
1631
7
2876
1700
8662
1694
1634
3339
1613
6839
5857
333
5820
6848
1906
1364
5430
1847
3312
1846
3289
8667
9502
4005
5891
8658
2952
5444
7406
8340
2938
2875
3507
1851
1611
6287
1610
1921
3694
1342
1680
2395
23
1931
3922
2873
1769
3397
7277
3400
4758
4853
3891
1835
2956
8891
6268
1798
1943
4002
8018
1664
2657
3785
2656
5280
5898
8898
8339
3965
1654
3446
1655
5277
3697
3408
3437
3793
3979
8944
1386
2823
3415
8643
1032
8640
3817
6617
3519
4286
1268
6750
4550
6762
578
6562
6145
7248
5879
2834
3972
3894
8143
1708
2824
275
8636
7247
8911
5837
5316
5411
2897
1782
2928
1821
2878
3357
1728
7661
8954
8754
223
3969
2821
5883
1653
3468
1669
5850
22
7293
3442
6761
2653
1866
3805
1229
5940
6835
2961
1864
8786
5896
2963
8344
6853
1853
8245
321
4682
8874
6532
8260
6525
1269
1900
3526
2949
6840
1899
7194
1868
8902
1867
1761
1925
1791
2394
1912
8286
3962
1859
2964
1930
3691
7294
3693
1926
1374
2959
8942
9066
2818
3905
8943
5283
1436
3455
5163
5182
89
1785
7484
6372
5164
4701
6581
3983
373
2652
5161
4010
5158
5755
5166
5831
4691
7250
4594
4728
1780
5347
3447
5162
21
2831
3953
1883
6894
1928
1371
1924
5789
8490
1850
2396
1808
3391
8895
1400
4852
1870
5856
1923
3505
8244
1391
5800
1764
85
9292
1406
6059
6585
3704
8491
1843
6618
1839
7346
4018
6596
4700
1408
8963
1927
3702
6590
8400
5829
4699
372
1844
4761
3997
3536
4020
6599
4007
9586
5217
6610
4003
7283
6106
1857
1359
2190
6286
2965
1860
3963
6279
6088
2194
2886
5745
5279
2193
6090
5696
2851
5488
2848
2885
20
1618
1671
1781
4023
9332
5746
1800
4501
8790
8951
3916
2887
1787
5470
1797
2835
8882
2756
7251
1726
7644
1603
4537
2727
7197
1721
7655
8704
6843
2724
7650
1396
7646
6634
7191
6615
345
4936
3332
6614
3796
6607
5507
8436
4223
6620
1365
1614
4847
1625
255
2827
3829
4775
1709
2896
3994
3915
6091
5804
3977
6595
4009
6588
3631
4517
8359
8751
8858
1632
8745
2874
1322
8326
4694
5858
8524
1893
3946
3410
3947
8512
1697
8950
1920
8659
1385
2950
3294
2801
8443
2802
4201
2699
3359
1724
8050
6346
8407
2736
6842
2708
7659
2729
1318
8280
6568
6727
4454
7577
3828
6541
7486
6782
8066
2659
6844
2830
1887
2882
8306
1648
4848
6264
8017
1939
3995
6583
8859
6625
8079
8024
3715
6602
8669
6542
6098
6623
1837
4711
5793
8671
2960
4452
4525
3802
389
3330
6792
8732
1910
1702
1633
2857
1444
2931
5757
7242
9237
3797
5959
3984
8351
6455
1953
1789
6484
2865
1646
3933
5801
1707
225
4855
1443
2861
5961
2855
2192
5276
5744
5848
1601
1786
1945
3896
90
1755
5442
3724
1739
3365
8940
3333
2663
3366
8092
2815
6280
3936
1649
1712
1642
3448
6265
1775
8670
3907
8328
3901
7281
1878
6204
4043
6570
4475
3538
5809
1952
3893
1644
3504
5798
1828
8967
1949
1771
6274
1085
1661
7675
1624
7397
8091
6784
4916
9565
1691
6539
1677
3888
8989
1672
1783
6540
3859
6716
7356
8459
1316
6116
4731
7565
3304
6114
3557
8204
1321
8912
6867
2720
8062
8282
3861
6533
2816
8507
3404
1226
5785
1951
4008
1435
5811
6205
2094
4739
5849
7371
7442
6529
8892
1019
7323
1659
3334
1662
1473
9238
6107
7549
1489
8329
3935
8335
2889
8941
1674
2705
5429
3914
6129
3909
2937
2716
2935
6294
8337
2698
261
2711
7303
6070
1398
6591
8460
3707
1915
2662
1617
5489
8058
9570
5876
6460
2926
2890
2721
1886
3992
2929
6789
2806
3494
2785
356
2794
3712
2805
7666
6084
5447
2796
7273
2803
7263
2799
7647
2784
7638
8952
1863
8324
1922
6485
1881
1628
1699
1895
5146
1897
8955
5416
332
8513
6869
2507
4860
1105
5875
8333
3471
9065
8960
8264
1676
9567
2924
1609
8322
9239
1774
1439
5410
6427
8354
1446
1784
1441
8246
6434
2872
1950
1834
6266
3440
1448
5179
4765
3970
6462
8585
7297
9306
2741
6640
7641
1411
4058
5265
5943
4667
257
5269
8061
5350
5941
5266
8869
6619
8053
9309
7656
5076
8780
8267
3456
1940
1703
9563
2930
5165
8016
5159
3441
6263
8878
1911
1827
7266
6226
6112
3932
1647
7253
9334
6851
2742
5211
2743
4306
8266
1871
5048
9444
6537
3518
6594
266
6597
7968
6598
1757
8332
7354
1725
7669
2757
6850
1626
8384
6531
2087
9566
1698
8352
5181
2898
3959
6573
2932
8331
2862
6321
1879
8268
3898
1948
3978
5960
3989
1673
9541
1434
8336
5160
1889
3902
8664
2944
1629
8090
2726
3527
8227
8983
1717
3500
6613
8074
1401
8446
6470
4693
2735
8064
6545
3853
6787
1477
6071
4607
1740
4172
2730
7268
2684
7304
2747
7670
2680
5362
6592
8744
6458
3497
6073
8067
2728
7171
8705
2621
2685
5148
2667
3352
8936
8060
6319
6841
1719
7664
1718
3756
2746
8875
2739
7279
9299
7353
4283
4489
1736
3845
6528
8383
9310
7298
8500
8864
9301
7652
2643
7668
1729
4022
1021
1380
2883
2095
4503
1766
3315
6738
3422
8666
3812
1338
5977
1334
1758
4045
8353
8168
3941
5799
6126
5962
3454
1442
3986
1643
8285
1447
2092
1449
8019
9333
3897
8330
1770
7286
8755
1944
3943
1947
4004
5222
3698
1450
6108
9562
1689
6277
8719
2817
8033
1022
7394
8946
5920
4683
4644
3910
1954
5760
9560
2921
6624
2922
5756
8742
4708
5787
6788
8702
3434
8287
7649
1604
7249
2697
1311
2710
7672
2660
3528
2800
7639
1623
5334
1621
6767
1903
5748
4680
9185
6742
1394
6564
1376
1946
1692
1909
3451
8341
1384
1660
1388
6748
1379
6760
8461
2877
8171
8265
3562
5815
5052
2951
2881
7301
2707
7674
6100
2620
2681
6854
2795
8059
2734
6855
2748
8077
8706
3344
2750
3728
8889
7240
1825
8056
1754
209
8785
6793
1682
6838
7408
3513
3968
9162
1877
6794
2090
3276
7852
3534
1684
7673
2863
3720
6772
4778
6743
8888
5396
3564
8504
7438
6780
2091
1315
3908
6785
2093
9341
2089
6530
1042
6775
3899
5051
3457
4141
5887
3343
3565
7651
5893
7169
3948
4695
1813
8110
392
2597
1810
8809
1805
8554
7677
8522
1792
2598
1812
7241
3385
4497
1397
1416
3811
6547
9501
6774
3340
6616
3392
1402
210
4850
6538
5818
6749
3353
1427
1222
1424
8984
7572
3726
4843
9168
6113
7316
1490
208
8791
7274
9300
1323
5324
4780
6641
3723
6770
6146
8148
3840
2599
6285
5933
8151
3862
6543
1267
9308
7276
8896
5145
1357
3890
1361
8549
1872
7265
1874
8508
1378
4539
1799
3406
8158
6030
4786
251
8157
3417
1303
269
6719
246
6723
7370
7837
3768
9360
263
4177
162
6298
3543
1329
3778
7840
365
1795
3393
4646
1369
1227
7453
8055
6790
1362
3887
1372
8506
9297
4354
6544
3860
6771
3399
6626
3341
8281
5050
1422
4200
7509
5054
7690
3273
7566
4458
6777
3850
9307
8970
6536
9159
1360
7280
3951
7278
5788
7295
5505
1277
3975
316
3964
5323
8899
6565
5830
7259
3961
7314
3569
3402
5884
9268
4849
7351
1917
317
3318
1399
7284
1363
4608
8743
1228
1916
9573
3313
1387
6467
6368
8109
1381
8863
4839
8071
8088
230
6628
8881
9296
6857
1809
3503
9293
3502
3956
3433
5056
3855
1377
6837
6639
8860
1933
3717
6636
7257
1759
254
3710
8521
8642
3271
8639
1313
1308
9450
8149
1086
8154
346
545
3826
541
347
1337
7512
3325
393
8505
1368
3823
1409
7237
3295
7302
3559
8444
3934
7363
1756
7398
8787
3348
1336
324
5107
3301
6367
4844
7395
1753
6307
326
1015
4250
9291
5401
3607
1742
6555
4649
141
368
4248
3779
7836
207
1006
8441
1011
367
4241
8973
8724
3775
6271
3267
3326
3265
998
7364
7851
7362
1330
3544
7636
313
3297
5400
3605
265
1004
221
32
6892
58
4353
4715
548
350
53
148
453
135
13
9422
1652
8121
8035
4648
62
8916
7834
4651
7838
369
4653
3266
3327
8311
454
3784
4941
5994
4652
5624
33
3839
5392
1375
153
4938
29
3416
34
1681
8032
3892
7252
3930
457
6759
3277
9424
4455
1419
7170
8773
4729
8772
3293
8456
8855
3390
6474
3473
5264
3895
1223
7569
8873
4247
8075
7681
1224
4767
1317
7580
7361
8458
3346
8771
3842
7505
4050
7575
4171
7759
8452
5150
3283
7757
8052
7756
3832
1576
9552
4536
3771
6820
8085
4479
4274
543
3314
8641
7236
8854
3827
235
4842
8939
3814
1005
539
325
6147
3537
3324
352
7732
158
3755
160
7731
163
7713
1518
8825
1564
5087
190
4921
184
8822
46
6292
1568
4599
1586
134
1651
6270
1570
464
9589
445
6444
465
150
5000
5047
4143
7373
7769
217
4179
6374
4380
6373
4762
48
6334
8769
4723
3759
7785
1650
7720
215
4724
4935
434
74
9172
161
5122
49
463
4805
7729
112
6225
65
7781
182
4903
214
9394
193
6224
170
9117
1555
7708
149
4154
47
1587
1569
436
71
3620
9402
7738
92
7745
173
7768
73
7707
64
426
1571
1580
9401
6336
1553
7814
68
7709
1563
3619
63
7710
151
3623
451
3617
4885
435
70
4469
111
7737
9221
3636
4803
7719
240
4467
179
7786
1747
8723
219
3866
8310
55
271
9017
5402
146
7344
3867
8308
7736
370
7835
201
4976
9545
7735
3542
1331
5625
9118
1748
7715
9504
6422
8442
1566
8972
1327
9503
7718
4806
7783
91
4142
3773
3606
7360
9037
159
8821
1524
443
5046
2079
183
4176
5381
6982
156
1565
1522
60
1579
5646
1519
3621
6445
7780
8828
7784
336
3868
339
52
4654
51
1556
99
8840
4580
1597
8770
7730
6376
8839
6358
8838
4578
7779
212
7746
1531
133
6375
446
1554
438
6473
7722
100
140
194
4178
242
3588
244
5945
172
5944
5116
8824
95
6421
211
8841
186
45
7374
4886
6029
137
177
1593
3380
7725
94
139
4240
1594
6446
4987
4030
459
5118
8647
1583
6322
7695
8124
395
8845
213
1581
83
8200
82
461
8820
1478
7376
7742
1543
448
5115
430
67
136
192
431
188
7744
9
5782
93
8510
176
7726
7375
6984
4804
462
4725
7741
189
8648
9342
7740
102
5088
155
440
66
138
1561
8823
6443
4989
5993
50
331
3874
3777
7849
4581
3875
4918
1008
7350
1751
3774
5385
7401
7833
174
1013
200
7841
349
6305
348
143
272
4940
274
4313
7378
9190
8314
4314
237
1575
239
455
233
8938
232
4669
3766
1305
3767
7829
273
1301
6356
7716
8827
4175
366
4670
1745
5105
7399
8842
7411
7724
69
1595
1746
1598
98
7723
390
1600
8
7728
8819
437
5117
4988
1521
1567
3782
1328
319
7830
185
3760
3881
452
3883
318
54
7379
7839
169
7778
8380
7777
1562
7770
243
4340
1525
7775
101
7776
152
425
15
8707
1551
3586
7403
7828
195
142
3268
7714
1749
1332
7400
4975
14
4355
28
3424
31
3844
1688
2619
5761
1344
7510
3884
7522
1306
3806
1304
8408
3928
7239
3939
343
5878
7255
1790
3282
1796
5147
3937
4942
6355
1340
5877
4352
6303
262
7850
3799
5881
7564
3729
6822
9163
6728
9526
6729
8979
1007
6833
6721
8073
6726
3815
6824
3270
12
3770
6724
5526
7561
220
4459
355
5882
276
57
218
4535
202
547
4650
4160
206
3008
3783
56
7377
4037
3776
1574
167
6423
7405
1750
3279
7733
268
1573
253
1596
4579
7727
5322
3618
72
7721
75
6983
97
1559
166
59
1544
439
338
6314
337
7832
247
1302
9008
7692
9157
8725
171
1014
3280
1558
245
1557
7402
3938
88
2864
3808
3925
1341
1272
9530
3541
8514
8483
6315
5143
5897
3321
3695
7637
3929
5049
2923
7305
6378
8449
3478
7660
3690
9557
3920
4558
3945
1033
3820
6747
8867
6736
9025
6733
3316
6741
3516
6739
8065
9329
1312
7578
8063
4527
3342
7691
7195
6522
3345
6735
3837
6740
6550
6783
6572
1426
3849
4741
3944
3320
3923
259
6745
7417
7679
3919
3307
8202
8275
6734
8962
7654
8366
432
3689
7657
5223
3863
3692
8861
3506
3405
3688
7653
8988
3347
3560
7299
3563
8883
3567
7317
3570
260
5408
7309
3474
330
3475
7665
9295
7192
8893
3436
6327
344
8894
7648
1768
7369
1767
7312
1778
3786
8752
3401
3998
4051
3996
4170
8360
7275
5407
9165
5791
7282
3438
3714
8890
7291
6103
3361
2654
6566
3967
7270
2658
7349
5750
7244
3980
8557
1830
8076
1831
8068
8668
8563
1836
270
8740
3309
8437
8555
3993
3269
3999
312
8887
7256
6105
3427
3985
6849
6056
6567
9019
222
3991
7269
3949
8870
1817
3287
6380
1236
5786
4054
6379
6766
1814
3303
1811
4781
1815
7306
1804
3428
6381
3841
8957
258
6289
7676
8677
6758
5555
2761
6526
3757
8575
3856
4502
7307
8502
4490
6627
3388
6561
5205
3708
7766
7285
8503
228
6633
3435
9311
3274
7767
6836
3462
9576
7551
7310
8086
1276
4551
9330
6637
7352
6629
6764
9224
6353
3323
234
1335
3414
3711
4720
1339
6096
3889
3426
8108
5976
1333
3425
8153
6475
6856
6632
6865
4284
4742
1918
3322
1919
1034
1382
7365
8501
3421
5075
7262
5078
7287
6630
3432
8089
3713
6612
3830
6834
5853
249
1451
6569
7562
3499
7558
3431
7689
8069
5238
3511
5547
323
1431
3792
3382
5053
1010
4254
5045
277
145
3535
5037
5942
5384
1314
5391
3810
3381
4049
8169
3275
7848
3305
8726
4044
4215
8865
1009
8872
1430
3331
8727
7973
1432
8049
3873
278
4676
3809
4977
7166
8391
8261
3879
3671
7844
3501
4666
8390
8728
1225
3372
4272
6201
3834
7504
4457
5060
3310
1420
3727
9569
9035
6447
4047
7571
3858
7570
3758
7560
8248
6057
3420
3882
3583
4481
187
7717
178
7782
1520
7743
1552
7711
9356
1542
7772
80
1584
6343
6521
35
103
105
104
9391
107
39
4642
37
109
36
4756
1592
3292
4641
110
40
9390
8778
4745
1
3555
38
3291
2
84
4
5
9357
81
154
96
7774
9222
7773
241
7771
340
1017
248
4520
4937
6115
8078
4524
3306
1421
8982
6821
3794
4690
4730
8440
7368
7503
9127
7574
3721
6535
3854
6635
11
8203
4290
1428
1577
1788
1743
542
322
236
3813
4485
3515
7556
227
7557
224
7555
7367
4266
229
7502
3722
7563
6357
8546
8553
9164
7196
3395
8116
540
329
1307
3795
1343
353
1560
157
1752
3278
3872
115
7831
7366
3389
3801
4528
3311
4963
357
7573
3363
3371
252
9189
5647
9188
538
4275
536
3496
535
1310
5485
3819
4671
394
4673
3825
5267
3512
5351
7348
5268
4456
4425
3670
4426
4253
5486
8975
3878
1200
6464
2436
3851
2475
4776
1148
3302
2476
3284
2515
3791
2460
8152
3423
1417
1412
9568
3870
6981
6722
3419
8547
4012
9493
3857
7576
3520
4480
9550
7854
7970
3007
2513
168
5382
3281
9542
3539
7682
8445
61
264
7734
164
2508
3329
8480
5348
8072
7760
341
7855
180
2478
30
8679
3871
7347
4939
2238
6139
8315
204
1599
1578
3754
165
8853
113
447
3800
6202
3769
6731
8389
9544
3285
1175
3824
7559
3429
3337
3495
8722
3509
144
8398
3584
3816
7685
3354
7683
3356
6730
5506
7687
9161
4267
3430
3338
3413
6746
5956
6791
2438
2777
2439
250
6823
4212
8761
9022
7568
3847
6130
6524
1101
5157
1151
2762
1099
9536
864
1358
1143
1715
863
1793
1146
4684
5520
4705
1098
6060
8535
1640
1116
573
9403
6527
1119
2953
1122
9538
862
1638
5521
2842
1132
2771
1118
3443
983
6608
2427
2772
1125
2766
871
2758
1126
8934
1113
8564
8538
3450
1136
8741
1106
1706
1115
8792
5504
8565
1111
577
2506
7667
1137
7645
5529
6360
2509
4845
1124
4538
9507
1763
1107
2793
5556
2770
2493
1635
8579
4710
8576
4704
8574
5189
2249
4703
8620
1639
8618
5775
8355
5207
1636
572
4797
8619
2198
2759
2197
651
1907
654
2860
652
4863
8189
1485
570
2778
571
6199
4415
4709
4717
3459
5221
4861
19
643
3214
6197
4414
4706
9443
1641
4226
2649
5254
2647
4207
8218
5439
4718
5802
8377
5754
653
6284
8617
2768
655
1645
5874
2199
2646
5767
5196
409
4713
8191
2779
8376
8042
4716
2781
7420
5868
1483
2237
8357
2200
6275
2252
8915
8577
576
8580
3466
2500
1714
7530
5842
6119
3469
8578
2808
2510
1410
2240
9537
2248
2651
9543
5156
2211
1934
2210
4779
2239
2650
5383
5373
2250
7520
2251
4859
2477
1637
2474
6267
7343
1938
2473
4712
1201
2775
1199
4028
2461
6086
1198
8363
1184
3464
958
2789
959
5870
969
2787
968
8624
1217
2767
971
575
2442
3444
9590
8217
2448
2790
2447
5206
965
8917
966
8221
962
6089
964
3387
5623
2776
972
3386
974
3465
1207
1936
5679
2774
977
1937
6158
5180
8738
3460
6118
7519
1214
2763
990
2391
991
2856
989
8219
5678
6198
5677
5873
1208
2773
982
8140
1210
2849
5867
8739
2792
2426
8674
8736
6283
987
6872
986
9603
988
6101
1176
3472
1185
3449
2485
2844
9571
2828
1211
2769
8735
6871
985
645
1209
8676
981
650
5680
5869
1215
2788
1213
8625
5618
6102
8737
6222
6117
2807
6157
5471
978
1935
973
8356
976
1043
967
2764
975
7485
961
6092
9591
5497
5377
8427
970
2780
960
644
9340
2765
9339
8675
9338
2791
8487
6223
2445
8959
2446
574
2443
8958
2444
8220
963
6061
1206
5751
980
5854
2451
3467
3804
8680
3296
1197
3877
8678
1016
4645
3865
3822
6718
354
6720
3807
979
3461
1141
8566
6329
2846
9528
2843
1104
4846
5552
1803
1130
2858
4073
2783
1121
2648
5530
6757
5532
1484
5551
1488
1112
2760
1127
1908
1152
6534
5553
6768
5531
5871
2437
3384
7547
8279
1219
5872
984
4862
8734
1414
865
3355
2441
1486
1220
5190
1216
2832
5144
2435
2433
2434
2431
2432
2430
2425
2428
8509
2429
5637
6123
6124
6121
6120
6122
6125
1097
4072
4071
7443
4070
2150
4068
4069
5964
5653
5652
4900
994
993
8233
992
8486
5651
5648
995
5650
5649
5654
2813
996
5455
1024
2279
2278
2277
2281
2422
2423
2424
4899
5958
2280
4799
3484
1083
5989
4895
408
5184
406
407
4067
2149
726
2416
7427
2415
2417
5542
2421
2418
5476
4958
4960
4959
2414
5477
2419
2413
1047
7446
9354
2283
7332
2288
7331
7327
2286
7337
7334
4961
2276
2282
7330
7333
2275
2274
2810
7335
2809
2273
7325
7326
2284
2285
7336
7324
7329
7328
4604
7229
7228
7226
9350
2420
2412
2410
812
811
810
2409
2411
2287
1046
5992
5990
5991
5922
7227
724
725
727
875
2125
7429
7428
874
8288
873
1095
872
8531
878
7424
877
2129
7423
2360
7425
2147
2359
2130
2358
7422
7430
7426
7421
876
2148
5481
879
5067
1071
5492
5493
5641
1077
1061
1060
1072
1059
1058
1068
1065
1064
1075
1078
1080
1079
1076
1066
8031
5500
1070
1069
5494
5495
1067
1053
1055
1054
8040
8030
1057
1056
8475
8474
8034
1052
1051
8039
8038
8037
1050
1073
1081
1074
1063
1082
1092
1089
1090
1091
5603
1093
1094
5496
1088
1087
1062
5499
5498
8473
8036
1049
8462
8463
1048
8464
7482
808
809
8041
798
4943
797
4773
8471
4945
4946
8472
4944
7414
795
796
5852
799
801
807
802
4774
6301
800
803
804
752
806
5546
5215
2070
2068
2069
3532
3531
5535
2067
999
2066
2065
2062
2061
2074
2063
2055
2056
1000
2064
2052
2053
2054
1001
1002
3485
2073
3487
8367
3486
2051
2057
2047
2058
2059
4124
2072
2060
6141
6140
2046
1003
2050
8470
2045
8469
2048
8235
997
8234
5346
8468
2044
8466
8467
776
2049
7489
7490
7491
7492
1968
4949
1969
4950
5090
753
1970
4948
741
1971
1972
5091
5092
5093
1958
4577
1967
612
4901
4084
1957
773
7488
768
758
757
759
4083
4085
2628
711
378
3488
549
381
8120
551
8163
6732
8122
377
382
5336
4972
376
375
680
679
682
681
374
387
676
677
678
710
8162
5337
386
5338
8161
388
553
8160
6494
383
6491
385
555
554
4119
4890
556
557
698
697
4120
5534
6495
6496
6493
5708
552
1545
4301
9371
6249
6250
6252
379
380
9372
6510
6251
5027
8167
6492
6498
8628
384
683
684
685
690
689
4121
8627
6497
686
8626
687
688
696
691
4139
692
4122
693
672
667
669
670
5525
674
673
671
695
694
4892
668
666
708
4300
699
707
700
701
702
4123
704
705
706
703
8119
8173
6161
4221
714
4011
716
717
9366
7508
3479
5518
4784
3608
562
9599
765
5711
766
770
6755
767
769
771
4785
1966
1965
1974
8099
2032
2033
2178
2034
2035
2042
2041
2043
2040
2038
2039
2077
2076
2078
5601
5602
2037
2036
2075
9177
9178
7444
5239
9280
9174
9173
5245
1977
2101
1996
1976
1975
5244
5246
2181
5937
8107
2100
2099
2098
3368
3369
2184
8106
2097
2096
2182
2183
5936
4362
2010
2176
6253
6254
2177
5241
1960
2009
8105
2011
6262
2004
2001
6261
5701
9343
9344
2175
2171
2172
2174
2173
2007
8201
2008
2117
6260
9068
9074
9073
9075
8796
8806
8807
9070
9072
9071
9069
9079
9077
9082
9083
9076
9231
2002
2003
2012
2103
2013
2102
2014
8111
5935
2108
2106
2107
2109
2111
2110
2104
2105
5702
8758
8805
8808
9099
9303
9302
9094
9098
9095
9093
9230
9229
9368
9282
9359
9097
9089
9092
9304
9087
9088
9226
9225
9281
9228
9227
9091
9305
9090
9085
5622
9086
6257
9084
9080
9081
9078
8804
8798
8799
9400
9399
8802
8797
8800
9534
8803
9535
9067
8801
2116
2115
8886
2114
4161
2118
2113
2112
2121
6235
2006
6238
2005
6239
6236
6237
1982
1981
6241
4369
5606
6240
1999
1983
1984
2086
2401
2400
2402
2398
2399
8206
8205
1985
6242
1986
4118
1987
6389
2120
6243
1988
2119
5703
1989
1962
1963
6407
6391
6410
6392
6412
6401
6396
5208
6408
6393
4546
5210
2019
5667
6406
5668
6402
8545
5666
5665
6411
5664
8026
8025
5663
5662
5661
6398
5660
6397
6399
5209
2018
5670
5671
5669
6409
6413
6403
6400
6394
6415
6416
6404
6395
6417
6419
6405
6414
5749
5224
6418
8029
8028
8027
9492
9491
4117
1990
1991
5704
1992
2020
2408
2021
1993
1994
2029
2026
4151
2406
5681
4116
2407
4150
2023
4149
2024
2025
4115
4625
4114
4111
4113
4110
4112
6388
6384
4108
4109
4089
4090
4091
4092
4099
5693
4100
4101
4104
4093
4102
4094
4095
4096
4103
6386
5691
5692
6383
4105
4106
4097
5682
5683
5684
5685
8964
5686
8965
5687
5690
5689
5688
5325
5326
8083
5327
5694
6382
4107
4098
4626
5616
5617
5607
2022
2028
2027
2404
2405
4152
2403
2187
5706
2000
1998
4088
5611
5609
5608
5610
5612
4370
2085
2186
2084
8207
8208
5705
1980
4359
4358
4356
4361
4360
4357
4368
4367
4366
4365
4364
4363
1961
1964
5242
5243
2185
1997
8102
8103
5247
1979
1978
9242
5248
8094
2015
6248
2016
5436
2031
2179
2180
8969
2017
2030
9241
8095
8096
8097
8098
1995
8100
8101
1973
8104
1959
7494
4980
775
772
5216
763
764
762
7483
761
5213
5214
774
7418
561
7493
760
560
550
713
4220
2627
5472
3463
4732
8123
712
4902
715
718
4545
2625
734
736
735
9370
9232
9233
9234
9411
6556
9141
9367
9352
2596
610
737
8914
9364
8978
9365
9363
6825
521
733
522
523
524
529
518
530
4024
528
525
728
729
526
519
527
732
520
516
513
512
514
517
510
509
508
507
3705
511
9214
9218
9219
9215
9213
9216
9412
8278
8482
730
5135
5136
6827
731
515
8629
6557
9415
8630
8631
531
8632
9325
9217
9220
532
6518
8478
8477
2371
533
8476
6005
8816
8815
8817
8818
8814
9277
8813
8812
6006
6007
9278
9275
6004
4222
9279
5963
747
9276
6010
6011
6009
748
6008
754
565
744
745
746
743
8164
8165
606
2626
6000
756
609
607
6001
4984
8635
608
755
9351
8634
8633
611
564
563
738
742
739
740
5089
2071
8465
6831
805
5545
7412
792
793
794
751
791
9167
8644
8645
8646
8146
3490
722
2369
4140
8147
3491
4026
749
5201
3489
5202
750
3492
5198
6325
503
8393
5200
2269
2270
2272
2271
499
5199
498
497
496
505
495
6575
500
501
2366
502
504
8394
5203
6326
7230
723
4219
405
2370
719
720
721
2367
790
2368
780
781
8945
8830
782
783
784
785
787
789
9597
788
786
8832
8835
8829
8831
8283
779
778
777
3525
3864
9413
3524
3523
8833
8834
6830
8415
8775
8776
8774
8497
8044
7550
567
4772
3026
3027
589
8409
8410
6506
5880
5599
626
9488
9489
7235
9487
9486
5899
5900
4372
627
628
4126
568
4125
4514
4515
569
4373
594
595
4513
597
6067
596
2376
5218
4516
2377
4416
630
629
5220
5219
7534
1031
8588
8590
6331
8589
590
8587
591
6328
616
618
617
8591
2372
592
593
7496
7495
4719
5121
1025
1026
3025
1027
614
615
6461
6752
5168
6753
619
621
620
7451
5634
7457
622
5635
8289
6488
1030
6756
623
5636
9404
624
4076
625
6134
1028
5413
2375
6487
1029
5673
2374
4924
4928
6486
9148
4927
4922
4923
4926
4925
2373
5763
8192
9263
5764
8190
8187
8188
8193
5766
5774
4205
4206
2499
2511
2501
2512
2502
7531
2503
6576
2505
2504
8323
9513
8224
9514
7538
9505
8199
8197
8196
8195
5771
8198
2226
6577
2225
9393
7537
5645
8225
5644
6127
9509
8528
9525
2224
8420
9559
6128
2514
2223
7535
2254
2253
7545
6552
2255
6554
6553
2222
6551
7546
7543
7544
2256
2221
2257
5695
6751
2220
2219
7540
2258
2218
7539
2217
2216
6571
8126
7542
2215
7541
4880
2517
4881
6200
2212
2213
2214
4879
4025
9511
9510
2519
2518
2227
2228
4869
2231
8362
9508
7548
6578
2552
2551
4444
4445
4868
2229
2230
2232
6160
5758
2234
2233
2553
2559
2558
2557
2556
2555
2563
2562
2561
2523
2560
2235
2236
2522
2528
6441
2527
2521
9539
9540
2525
2526
2524
2520
2243
2241
5781
2244
2242
2491
2492
2490
2245
2246
2247
1192
5376
6229
9382
6035
942
2572
943
2573
944
949
947
6812
5987
948
950
951
6813
5971
5974
9353
9396
6548
9166
9130
1156
9128
9361
5970
579
5139
5138
1150
1154
1155
6549
5549
1149
5140
1177
5141
2440
1181
1183
1182
5626
4865
5627
5628
957
956
1187
2454
1186
955
5969
954
1180
953
6808
952
5972
5973
5975
5906
5907
1178
5911
4131
4130
5909
4132
5916
5914
4133
6034
6033
5905
6031
6032
1157
924
4134
5915
5817
8717
8716
5918
903
905
9388
8290
8291
8293
8292
8981
5794
9387
6442
899
6466
6465
5812
1161
1160
1158
1159
1164
902
901
900
8980
5554
8424
898
5509
8423
8422
897
896
5511
5510
5513
1162
894
5514
8540
8539
5885
8541
8543
8544
1163
895
893
8542
5934
5919
6516
2345
891
892
5434
7055
2344
2347
2355
2348
5515
2353
2354
2352
2350
2349
2351
2356
2357
2340
2341
5512
2339
8526
2335
2334
2337
2331
2336
2332
2333
5516
2338
2330
5675
6069
2327
2329
2326
2342
2343
2328
5474
6897
890
6896
5433
6895
889
9142
888
887
5806
5932
5931
2142
2134
2141
4418
2138
7431
8556
5425
1237
1240
1239
5643
5642
2153
1238
1261
4392
4391
4931
6028
6352
4930
4929
4932
1247
5330
5836
1246
1248
5839
2152
5482
7506
1241
1242
7507
2154
1249
9133
1264
2156
2155
2151
1262
1263
9134
9131
6499
7456
7454
5709
9136
9137
9139
9138
5846
9135
9140
5845
5710
7465
6002
2143
2133
6003
7463
4419
2132
7461
6503
7464
6505
6504
2361
6511
7462
4217
5490
7467
7466
2365
5698
2346
4216
3480
5256
3481
2144
2145
5345
9200
9201
6377
5633
5632
5344
2324
5343
2325
2321
2320
2319
7449
6509
6508
2293
2316
2318
2315
2317
2314
6293
2313
2312
2311
2310
2309
7447
7416
7415
4377
4376
8762
5487
4379
4375
2305
2304
4378
2300
2299
2301
2302
2298
9355
9199
2303
6135
2296
2297
2295
4374
2294
7448
5835
2308
7436
6517
2292
7433
3482
7437
7434
2291
2307
2306
7435
2322
2289
2323
2146
2126
2127
2290
2128
2131
2139
2140
880
1266
5841
5840
7460
7458
7450
3483
8757
6370
6369
4934
2157
2158
6371
5142
1254
1255
1256
7459
1257
5762
1258
5501
1259
6180
5502
1253
1251
1250
1252
5503
6177
6500
7455
1260
1265
9132
9522
9523
9506
7046
9521
6490
1243
7045
1245
5432
1244
882
881
4218
5928
5927
7468
5930
5929
2364
2362
883
8572
8570
8673
2363
5807
5783
5784
884
885
886
8637
8638
5475
5508
921
920
916
917
918
922
919
5479
5480
8425
8426
9524
923
5523
4381
5437
909
908
5902
5901
5415
904
4303
4304
5917
906
907
5355
5903
5356
5357
4302
5904
910
5598
6514
6512
6428
915
914
911
6513
2811
5999
912
913
5421
5420
8485
5412
5419
2812
5483
5454
6299
5796
5795
2136
2135
7432
2137
4390
6300
5797
5491
8763
8765
6025
4404
4402
4398
4401
6482
6479
5451
5449
5450
6480
5676
6519
4403
5448
5452
6478
4399
4400
6502
4394
4393
5453
4396
4395
4397
8764
8766
8767
8768
6026
4389
6016
4422
5459
5456
5457
5458
6017
6013
4382
6014
6015
6024
6021
4383
6020
6022
6023
5399
5398
4388
4387
4386
6018
5638
4385
6019
5478
4405
4408
5423
5825
5824
5364
5460
5363
5467
5468
5469
5473
6483
5466
5465
5462
5463
5461
5464
5822
5823
5422
5366
5827
5924
5923
5998
6040
9498
6042
9497
9496
8307
6469
6481
6468
9495
9494
6041
5925
5926
5613
5365
5369
5368
5615
5614
5367
5826
4420
4421
4407
4384
4406
3615
4345
581
4417
5405
5562
8012
6769
5715
5716
4606
5714
5406
4605
4789
4788
6255
5719
5717
4787
8919
8918
5718
9104
5543
4129
1741
5563
5564
5725
5723
5724
4128
5721
8243
7441
588
7440
5720
5565
8013
8015
5604
6426
5605
1279
4640
1278
5570
5567
5568
4433
4432
4323
5596
4324
5597
4431
4325
6815
4430
4326
4429
4427
4327
4428
4328
4441
4442
4330
4329
4440
4434
4439
4443
4438
4437
4435
4436
4322
4321
5569
2580
4639
17
5833
7359
5697
5834
16
2124
586
5739
6182
5591
5590
5589
5588
5595
5594
5593
5592
5580
5578
5579
5577
5582
5581
5584
5583
5585
5561
5560
5576
4768
5575
4424
4423
5587
5586
5571
5574
5572
5573
9274
9273
9272
6816
6234
5726
585
4016
4017
7439
5566
584
8014
4316
5722
5287
5727
5728
5285
5286
5314
5313
5732
5300
5299
5312
5311
5735
5733
9204
5734
4318
5736
8274
5737
5310
5308
5309
5307
5315
4319
5738
5731
5302
5730
5729
5305
5304
5306
5301
5303
4320
4317
5298
5290
5296
5297
5295
5294
5293
5292
5291
5289
5288
587
583
1356
582
4086
4410
4347
26
4409
4348
4065
4346
5064
3614
5063
25
4446
24
5062
5065
5061
4066
6181
5913
580
5912
5910
5908
2567
8987
8257
8974
8256
8258
2566
927
925
6515
2568
926
8450
8222
931
930
929
6037
928
8686
6580
2578
932
933
8690
8691
8689
9592
2579
934
8688
8687
8215
6038
2575
2574
2569
6036
2571
2570
935
8692
936
937
6228
5375
2543
2535
2534
8684
8210
2533
2532
8211
2531
2538
6166
2530
2536
2529
8681
8682
8683
8685
2209
2208
2207
2206
2537
2205
6167
6142
2204
2203
2202
2201
2564
2554
2546
2545
2547
2544
2540
2539
2550
2548
2549
5759
2541
2542
5374
8695
6814
6579
2577
2576
8694
1167
8693
1166
1165
938
940
6227
939
6811
6809
941
946
945
6810
8396
8397
2494
7319
2488
7320
2487
2489
1174
7318
1193
5631
5630
7321
5071
1191
1190
1189
1169
6165
1188
1170
1171
1172
1168
1173
5629
2497
2496
2495
5777
5776
2498
5778
1194
6131
1195
1196
2486
2483
2482
2480
2484
2479
2481
2463
2462
7341
2459
1202
2472
2470
2471
1203
8228
2466
2465
1205
1204
7342
2458
2468
2469
2467
1221
8523
8516
2464
8518
8583
8826
7533
7532
5949
4896
4898
4897
1084
2455
2456
4227
2262
2457
566
2259
4199
7498
5621
5619
5620
2268
2267
7497
4882
2261
9447
9448
9449
6507
6063
2266
2264
2265
9445
7499
9446
9558
5946
2263
8527
5947
2260
5948
8226
7536
8600
8602
8607
8608
6047
6046
856
6045
854
8184
9043
9236
9042
9331
8186
9044
8185
9041
8606
8605
852
8604
6044
853
8603
8601
8599
8598
836
8302
8301
8303
6049
6050
6048
6304
8048
6062
835
8047
8046
8045
6064
6066
855
828
8597
8596
7527
6829
6826
9223
6828
7479
7525
7524
7523
7477
8300
7475
8299
506
8550
8551
8552
8414
7476
8297
8298
7474
8594
8592
6288
3579
859
858
857
8593
7480
7481
5519
7419
5819
9194
6302
7478
7526
7528
7529
9512
8595
823
5713
5712
5658
827
825
824
817
821
818
820
819
814
8241
8240
8239
6574
813
815
5894
6051
6052
8080
6053
816
822
826
829
5895
833
830
831
832
834
5657
837
842
5656
843
844
845
846
848
847
851
850
4466
5371
5655
841
840
838
839
849
5765
5769
5768
8194
5779
8530
8529
9490
9519
9520
9517
9518
9515
9516
5780
5772
5773
5770
4798
7500
1471
6332
3013
1300
3012
1231
411
410
1045
1472
1299
7501
3014
1044
9018
6450
1230
18
2565
1536
6152
6154
4893
2584
1283
2583
2581
2582
1280
1281
1282
6153
6155
1527
1537
1232
6151
6156
1532
1528
1535
8216
1529
2585
1533
6807
1534
9587
7032
1538
7033
7029
2589
2590
2592
2591
7027
2588
7031
1539
7030
7028
8904
8906
8909
8905
8907
2586
1530
2587
6806
8908
8910
1540
1541
7026
7585
7587
7582
7581
6172
1469
1468
1467
6799
6801
6170
2595
6171
6189
6188
6187
8571
6184
6185
6186
2594
6190
9267
2593
9266
1470
8272
8273
6805
6173
6175
6796
6174
9125
9596
9605
8933
9604
6176
7583
7584
1608
7586
7588
7589
7591
7598
7600
7593
7590
7592
6075
7603
6074
6195
7601
7602
5249
7612
6076
6080
7611
7613
6078
6079
6082
1733
6196
7606
7607
7604
7605
7620
7624
7625
7634
7630
7629
7633
6451
9483
9482
9481
1515
9485
9484
9439
6452
7619
7615
6081
7608
7610
7609
6077
8696
6083
8697
7621
7617
2624
7614
7618
7623
7616
7599
7622
7626
7627
7628
7631
7632
1514
1513
1511
1512
1510
2641
2640
2639
1509
2637
1508
2638
1727
7597
1506
1502
1503
1504
1505
2665
2689
2690
2695
2701
6345
2694
2702
2703
6448
2692
2642
2693
2691
8699
8698
2664
4983
1507
5354
7596
2629
7595
7594
2633
2623
2631
2634
2635
2632
8113
1499
2677
2679
2678
2672
2670
2673
2671
6065
2674
8927
2675
2676
8115
1500
5318
1501
2630
2668
2669
5317
8114
8112
2636
8247
4999
4997
1607
1498
4998
6433
1606
1497
1495
1496
1494
1493
1492
1466
1465
6183
1464
6169
6797
6802
6798
6800
6803
6804
7470
8568
6192
6194
1289
6193
6191
8567
1284
1285
7473
1287
1288
1286
7471
7469
6213
6214
7472
1290
1354
8650
1291
1292
1293
8651
6453
6438
1294
1355
6440
6439
4877
4876
8656
8401
3587
8657
1295
8655
1352
8402
1298
1353
8654
1296
4878
4875
4873
4874
1297
8653
8652
4870
6215
4871
4985
4872
1351
4993
1955
4990
4991
4992
6435
1437
2188
2189
9600
9380
1440
1445
6436
9499
9500
1438
9381
6437
8350
4994
9406
9407
1348
4505
8117
4504
1349
1350
4995
4986
1346
1347
8562
9405
5828
6501
1326
8649
8395
2899
1345
9264
5321
1956
6148
4506
4507
1275
4127
7389
7390
1941
6282
1942
7393
7392
6281
8392
7391
4856
4511
4508
649
7388
5192
1274
4509
4510
2392
6217
6220
6219
5154
7381
648
647
646
6832
6233
7380
7382
6216
7385
7386
7387
7383
7384
6218
637
636
635
4512
8378
634
6457
640
641
639
633
638
642
6212
8622
632
8623
8584
8621
631
4864
8375
656
5832
657
664
659
663
6068
661
662
660
658
599
4906
665
2390
4907
8374
8373
3262
9160
3261
8371
8372
5865
3263
6211
3260
5540
6558
8533
9575
6210
9574
3259
5863
5862
5866
5864
8388
6559
6295
8387
5859
5860
5541
5861
8616
598
2379
2378
2380
8615
8614
2382
2381
5320
8399
2383
2384
5955
600
2388
2387
5639
8532
2389
5954
4771
601
8672
3053
3052
8561
5953
2385
5640
2386
9290
5952
4087
5951
2606
4770
2605
4208
2609
3179
4213
3009
4192
3010
6027
4557
6110
3215
3011
9580
4857
9385
3064
3066
2999
3000
3001
3002
3017
3019
3018
3063
3016
3062
3061
3060
3057
3056
3055
3065
4544
3015
3219
3218
3226
3223
3221
3220
3222
3003
6245
8611
3004
3255
3022
3256
3021
3020
3253
3254
3252
6247
6246
3005
8612
8613
3225
3224
6043
3216
3217
3227
3231
3228
3238
3240
3249
3241
3242
6149
3243
6232
3244
3239
3248
3247
3250
3251
3245
3246
3257
5843
3258
6221
8238
9577
7765
7764
8230
3229
6203
7763
3236
3233
3234
3237
3232
3235
5435
3230
3006
6310
6309
4755
4982
8295
4981
4656
3378
6685
6675
6683
6692
6688
6686
6691
6693
6684
9384
9383
8296
6680
6681
6677
6679
4287
6665
6658
4754
4752
6659
8294
6660
4750
5193
6667
6666
6668
6669
9392
6674
4751
4753
6673
6671
6670
4760
6893
6672
6662
6661
6663
3379
4285
5074
5073
5077
6476
8454
4595
4209
6653
5082
5083
5084
5079
4210
5080
9438
6652
5081
6655
9271
6650
6657
6644
4746
9143
6656
6654
6649
6647
6651
6648
9235
6643
6642
8730
4530
4523
4529
4522
6645
6646
5155
8511
6664
7693
6676
6308
6682
6678
7694
3377
6689
6687
6690
6713
3376
6711
6699
6710
6039
6709
6712
9386
6704
6706
6695
6705
6694
6700
6698
6701
6703
6702
6697
5979
6708
6696
3375
6707
4486
4487
6717
3373
4483
7684
5342
4488
8715
8714
7761
8713
8712
8711
8710
8709
6330
3159
6162
9408
8708
6340
6163
3209
5153
3213
3158
4197
3154
4195
4196
2994
2993
3208
3205
3204
3199
3198
2992
3201
7753
7754
7755
3197
3200
3196
3195
2991
3202
3192
8084
3153
5017
2990
5018
3374
5252
5251
3652
3650
3752
3651
3653
3649
3765
3764
3763
3658
3660
3661
3655
4584
4585
5125
4519
602
4288
5379
3149
3150
8750
3148
3151
3152
4586
4518
4289
3180
3181
603
4792
4795
5258
5240
5257
9036
5259
5272
4794
4793
3182
3193
3212
3190
3186
4759
3185
3184
4534
3211
3191
3194
3203
3187
4531
3189
3206
3188
3183
3207
605
604
2987
2988
3210
4554
4552
4553
9579
9527
8043
5127
4532
4533
3160
3155
3156
3161
3157
2995
2996
2997
3058
3059
3054
4543
3067
2998
3068
2989
1235
4591
4193
1234
6269
5113
2608
4592
4593
2607
1233
2978
3069
2977
3023
2976
3070
2975
3024
5537
5538
5539
5659
2974
3073
3072
3074
3075
3077
5672
3076
8525
3071
6349
3028
3051
3029
3035
3030
3034
3031
3033
5988
3032
6350
8081
4996
4967
4968
4966
3047
3044
3043
3042
3041
4242
4243
3046
3050
5559
6164
5536
3048
3049
3045
4965
4183
2973
3036
5886
6132
9289
5273
8871
3037
5484
8877
5524
3038
8428
8429
2603
4235
3040
4203
4184
3039
9398
4185
2602
2972
5119
2613
4186
2612
2611
2604
9324
3175
3174
3172
3171
3173
3170
3169
7521
2610
4282
2982
2983
2984
2985
2986
3178
4244
3177
3167
613
3166
3176
4964
3168
2981
3165
3164
2980
4541
4689
2979
1038
1035
1037
1036
3130
3140
6449
3129
3133
3134
3596
3135
3127
3126
3132
8006
4305
4822
4820
4821
4825
4826
4827
4824
4830
4828
7979
7977
7976
7974
8003
8001
7999
7995
7993
4292
7992
7998
7997
7994
7991
7996
8000
8002
8004
7975
3119
7980
8009
8007
8005
5270
8008
7981
4831
4829
7982
7984
7987
7985
4832
4833
3123
3091
4562
4569
4573
5120
2601
3143
4574
4835
4834
3138
3144
3142
3122
3121
3120
3141
3139
5044
7988
7986
3136
4840
7983
4823
4277
7978
4461
4817
4818
4813
4819
4812
1455
1454
7869
3128
3131
7857
4560
4230
9476
9477
6159
4688
8263
1040
3740
6137
3137
8365
8364
6136
5016
9032
5227
5228
4679
4678
6888
6886
6885
6883
6881
5066
5013
5255
4598
5014
5015
3113
3114
3115
5226
5225
6887
6390
4686
4687
3750
1550
1590
3736
3737
4491
3749
4609
8381
5978
8379
4542
4015
4202
5980
5983
5985
4802
4014
5982
5986
5984
4801
4613
4800
5981
4611
7846
7847
4610
8125
4612
4614
3734
3733
3732
3739
5966
5888
5889
4894
5231
3731
6055
3730
3735
4838
4492
4147
3741
3746
3748
5965
5335
3747
3742
5446
4146
3745
3744
3743
4145
4148
8582
3738
4081
1039
4144
4664
4597
4905
4904
4658
4659
1589
1588
4796
3751
3762
3657
3646
3654
4596
3648
3647
3761
3645
3659
3644
3656
3643
9598
4661
4660
4657
3663
534
4668
4663
5389
5388
4547
3665
6870
5387
4548
4962
3662
3664
537
3666
4672
5352
8837
8517
5349
7972
4173
8519
8520
7827
7842
9206
7825
5360
7824
9205
9207
4166
4493
7823
4164
4163
4162
7826
6133
4165
9020
8386
9456
9454
5133
3298
4662
3299
7845
9457
9455
4947
9479
8236
9265
9584
9475
9319
9320
9375
9480
9376
9377
9101
9209
4167
4911
4909
4744
7819
6138
7818
8897
7821
7822
9013
9321
9322
9529
9323
4910
7817
9012
9208
4309
4168
9011
7815
6463
7816
7820
9014
8130
8134
9313
9119
9312
9318
8138
8139
8137
9317
8136
8135
8133
5072
4685
7445
9316
8132
8131
8128
9314
8129
9315
8127
7739
4468
8321
8057
3595
5002
5003
4229
4159
5001
4228
6882
6884
8534
6880
6879
6878
4135
4342
6876
4344
6874
7856
4970
4971
6877
6873
4136
4343
9389
5004
7864
6875
5005
5006
4589
4590
7871
3370
4643
7888
7887
7883
7878
7877
7749
7748
7747
2600
450
7126
7750
6335
1479
4561
4237
7752
3634
3633
7751
3635
2967
4465
4588
2968
5009
7858
5008
4341
7872
5183
7885
7884
7880
7879
7875
7874
1526
7971
6364
7873
4464
7876
7889
7923
7922
7918
7920
7924
7919
7892
6365
7925
6366
4631
4630
5030
5029
4628
7917
5031
4629
4638
4637
460
5114
7938
449
9440
5921
6914
9441
6296
7127
6910
6907
6906
6903
6904
6905
6908
7966
7965
5012
5011
7967
5187
7963
7964
5034
4617
6244
8320
5233
7939
5035
4620
7935
7936
7937
9373
9374
7962
8319
4413
1463
5097
7961
7959
7958
7960
1462
7941
7942
5033
7940
5032
1461
7949
7945
7946
5250
7921
4635
7950
7953
7951
3642
7413
7952
7954
9606
2616
8885
2615
8884
2617
2614
7926
7955
4412
7928
7927
5188
9451
709
4411
7956
1549
7957
1547
7934
7931
3078
3079
3080
3162
1548
4371
5938
5104
5939
1546
3163
559
5128
558
4231
4035
1459
3084
3082
8435
8920
4233
9193
9064
8921
8932
8931
9326
9327
9397
9062
9328
9414
8180
8179
8176
8259
8174
9060
9452
9052
9053
9051
9050
9048
9049
8848
9055
9054
9061
9059
9058
9057
9056
8849
9349
9348
8850
9409
8237
8178
8181
6258
8182
9458
8370
8175
8177
6259
8183
9063
9196
8276
9197
9198
9195
9129
9378
9379
9531
2969
4555
9395
9203
2970
3100
3083
6985
8369
6179
6178
8368
5340
5339
8434
8404
3101
8432
8403
8433
2971
3099
8431
4914
8229
3088
3097
3147
3146
3145
4187
4576
4189
4575
4188
3095
4563
3096
3094
3098
3092
3087
3093
3090
3089
4571
4572
4567
4566
4568
5271
3118
7990
7989
3117
3116
5100
5099
5098
5101
5102
5103
8573
4559
4570
4564
3085
4565
3086
5814
5341
3081
4232
1458
1460
4034
4027
1041
4032
4033
1457
4268
5126
4211
1482
1480
1481
3112
3632
5517
4298
3111
4297
7860
7859
4296
7861
3109
8609
1456
8610
7863
4293
4294
9546
5370
7865
7868
7867
8581
7866
7870
4816
4815
4811
4814
4810
4587
7862
5007
4190
8209
4463
4462
4191
4169
3105
4295
3104
3108
3103
3102
3107
5424
5112
9362
5010
9418
5111
7886
7882
7881
7890
4495
7891
4494
7898
7903
7909
7910
7912
7911
7913
4841
3110
7915
4214
7914
4790
3106
2966
7916
7933
7930
7932
7635
4634
7929
4633
4632
4636
7896
8810
7902
7904
7908
6363
7905
7906
7907
7900
8811
6231
7901
7899
7897
7895
7894
6362
4496
7893
7948
9416
7947
7944
7943
546
6909
4291
6901
6900
4259
404
6923
7012
6920
6924
6898
4255
6899
7011
6918
7696
6919
6916
4866
9111
4239
4194
5085
4040
6604
6603
6605
7553
6911
4042
4041
9108
6891
9588
3551
8118
402
403
5042
5195
5022
4182
5096
6939
4449
3598
414
6932
419
412
6925
4675
5968
5108
6926
5109
6927
4204
5110
5021
5023
5024
5124
5957
5025
5043
6938
6936
6937
3610
7044
6974
5095
4281
6975
288
5094
5438
6273
4280
3554
7122
7123
7124
3627
7121
4265
7036
7078
3556
8317
8318
5236
8316
7074
7072
7073
7089
7075
5069
5070
467
2167
2123
1433
7086
6144
7083
2168
7082
7081
7084
2169
6150
7087
2170
7088
7111
466
7108
7102
6980
6979
2122
7085
7112
7067
6012
7069
7068
7048
7057
7059
7113
493
494
7110
360
7106
479
480
4448
492
490
481
487
359
298
7065
6954
6949
9471
8846
9469
9470
7132
7062
7060
4957
7066
7131
299
9474
9453
9473
358
6432
9459
6431
6430
6948
309
9466
4624
306
4623
307
9105
675
9106
308
9358
9460
6429
7133
7130
9462
9461
9465
9464
9467
9463
9468
486
4269
484
7090
7091
7093
4271
7095
7096
7092
7098
7105
7104
7107
7103
7101
7100
483
9532
9533
489
7097
7094
485
9472
482
7099
488
491
7109
4270
7058
7056
4299
302
303
301
292
293
286
296
3611
7042
6970
8023
8412
6207
3548
6208
6209
6941
6942
6943
6933
6935
8844
4082
7043
7041
289
287
5404
290
5041
294
295
4867
363
297
3626
364
362
9109
469
5152
9110
6889
6890
458
6999
7000
442
4238
6993
9107
6989
7009
6990
5359
6992
6987
5358
4721
6988
6998
7001
441
470
471
7010
6922
7003
7004
473
472
7006
4260
7005
7007
4258
7008
4257
4256
6902
477
6351
478
475
476
474
6986
4692
5186
5185
7002
7013
6917
6921
6915
6997
6996
6995
6994
3706
6991
7025
9420
9419
8411
7040
7014
7017
5319
7016
4473
6344
7038
5151
8413
7039
2159
7037
2162
2163
2164
5086
4225
4224
2165
400
2083
2082
399
2166
401
398
8082
397
2160
4474
2161
396
2081
5361
8720
2080
8721
4472
5026
7015
4582
7024
4583
7023
7022
7021
4499
7019
7020
4498
4500
468
4627
7018
7125
7080
7076
4198
9421
7079
5028
7077
3603
7070
7035
7034
5068
7071
4974
7120
3597
7117
7115
5040
7114
5039
7051
6339
291
7119
7118
7116
305
304
5403
7050
7049
4349
3625
4350
7061
7063
7064
6951
6952
6953
6950
300
3753
3580
6946
4973
5232
6944
6958
6945
4601
4602
4603
4600
4252
6957
6341
4180
6955
4138
6956
4470
5753
4471
5441
6959
4079
4078
4077
6342
5036
5131
8250
6967
3550
3582
4618
4080
6963
4029
5752
5813
5020
6964
7811
131
9113
7812
9114
4740
4450
4451
7813
4621
8166
8782
5230
4674
6337
6338
7788
4622
7789
9027
9030
124
9031
9029
9001
9002
9039
8994
5169
8537
4310
9256
9202
7516
7517
3530
121
122
8991
8277
116
117
108
5260
5274
118
8242
119
114
3367
125
3529
120
7518
8569
7515
9153
3684
8924
9149
3683
3682
3681
123
8923
4279
2914
3680
3675
2915
6276
3679
3678
3676
3677
8759
5229
2913
2912
2919
8781
2911
2910
6278
8922
2909
5237
9045
9243
9578
9102
9103
4933
8536
8142
9046
2918
9246
9257
3641
9010
6385
9028
9000
5600
6387
8990
5177
3640
9016
2908
9003
6313
9033
9034
5996
9150
9021
3639
4307
4312
4311
9009
5175
2905
2901
5176
9601
2902
2903
2906
2904
2900
2907
9005
5174
9004
5997
8996
9006
9254
9251
9252
5234
5235
5172
9255
1591
9259
5262
6312
9047
9260
8998
2917
9169
9250
9249
9248
9247
8999
8405
9244
9245
8141
6424
9171
9040
9170
9038
9154
9007
4757
6291
3667
9184
9120
2916
5170
5261
9023
129
9258
8271
9253
5173
4315
3669
2892
8760
3668
2819
4251
8997
5171
9100
5995
8995
4763
9015
9261
3674
3673
3672
2516
8876
6290
9026
8993
8992
9126
4912
130
128
127
126
9602
7798
4262
4261
7810
9369
4264
4263
7799
7797
7794
7793
9096
3628
7809
5844
7808
7800
6348
9335
6347
7802
1582
7796
5197
7801
4062
4749
4060
4748
7803
4747
7806
4137
9112
7790
3577
3574
8986
3578
8421
9286
9115
9287
9176
8985
9288
6520
7174
7165
9593
8493
8494
7163
8492
9191
7164
7162
7161
7160
9210
7158
7159
9116
7172
9337
7173
9548
5707
6420
8484
8416
8417
8011
8010
8255
8418
8419
9024
9547
8214
7157
8212
8213
9147
8558
8249
8559
9123
9122
9145
9124
9144
9146
9212
9211
9121
9187
9346
9347
9175
8560
9345
9431
9426
9425
9594
9595
9432
9433
9435
9427
9437
9429
9428
9436
9430
9434
9284
9283
7554
9285
8795
8794
9192
6324
8231
8232
8447
8448
8438
8852
8851
6754
7791
3594
7792
9152
7795
196
4061
197
7804
7807
7805
4619
3630
3552
4059
3576
3629
198
6965
6966
199
132
4714
7134
5132
5740
5393
5741
7135
5742
5743
8843
7052
6973
3600
3553
6971
4884
6962
8253
8254
8252
5204
8251
6961
6960
6947
7047
6968
6969
4920
6206
4615
6095
6093
6094
4616
8836
3604
3549
3622
7054
7053
6972
4734
4735
8382
4737
6297
6940
6316
6317
6318
4733
4736
4738
413
417
6934
4074
416
4889
4888
4887
7175
3637
7177
3581
418
420
7137
415
4883
8430
7154
7140
4038
4155
3571
7139
3638
4969
7136
5058
5059
7128
7138
7141
7143
7145
4335
7144
7142
3602
3599
5130
7129
6930
4891
6931
3624
6256
6929
6913
6912
4181
5194
9572
8977
8159
6928
9410
3593
7147
2622
7201
4157
7149
7203
7204
7206
4075
7205
7202
4308
4447
4351
7146
4156
4158
7156
3609
7155
3585
282
7179
7180
422
427
281
3612
3125
3124
7189
3589
279
280
3590
7184
3601
7213
7188
3616
7190
4791
310
3613
311
7187
7178
285
7176
5395
5394
5950
7186
283
284
7152
7153
7181
7182
7148
4919
7151
7150
7200
7185
421
5057
7183
4956
4955
3591
3592
3573
4339
7214
7211
4331
5019
7216
4338
7217
423
7220
429
4336
4337
7218
444
7212
7209
4332
4333
7210
428
6333
7208
7207
4334
7215
7219
7221
4951
9151
4954
7223
4952
4953
7225
5129
7222
3575
5123
361
424
7224
5440
5329
5328
7233
4727
5134
7232
7231
4726
7234
7338
5674
7704
7705
7706
9182
9181
9180
7712
9179
7699
7700
7701
7702
5414
7703
7697
7698
7787
6977
6976
6978
43
44
4722
4913
42
181
1585
5700
5699
5380
10
191
391
1523
1517
1516
175
79
78
77
76
27
7339
7340
3
41
8779
216
6230
4915
106
4769
0
