0
8063
7236
261
1324
345
258
7358
8481
7354
3294
354
249
3800
447
113
8853
165
3754
1578
1599
204
8315
6139
4939
7347
3871
238
4174
314
4278
3780
1012
4245
3328
320
4460
7404
4249
7345
32
221
1004
29
3297
153
4938
34
3779
7836
207
1006
3267
6271
3775
8724
1744
4248
1742
3607
368
141
4649
1015
4250
9291
5401
58
5400
3605
265
6306
351
147
264
7734
164
1016
168
3870
180
7855
341
61
8445
30
353
1560
157
1752
3278
3872
115
7831
7366
14
4975
7400
1332
1749
7714
3268
142
195
7828
7403
3586
1551
8707
15
425
152
7776
101
7775
1525
4340
243
7770
1562
7777
8380
7778
169
7839
7379
54
318
3883
452
3881
3760
185
7830
319
1328
3782
1567
1521
4988
5117
437
8819
7728
8
1600
390
7723
98
1598
1746
1595
69
7724
7411
8842
7399
5105
1745
4670
366
4175
8827
7716
6356
1301
273
7829
3767
1305
3766
4669
232
8938
233
455
239
1575
237
4314
8314
9190
7378
4313
274
4940
272
143
348
6305
349
7841
200
1013
174
7833
7401
5385
3774
1751
7350
1008
4918
3875
4581
7849
3777
3874
331
50
5993
4989
6443
8823
1561
138
66
440
155
5088
102
7740
9342
8648
189
7741
4725
462
4804
6984
7375
7726
176
8510
93
5782
9
7744
188
431
192
136
67
430
5115
448
1543
7742
7376
1478
8820
461
82
8200
83
1581
213
8845
395
8124
7695
6322
1583
8647
5118
459
4030
4987
6446
1594
4240
139
94
7725
3380
1593
177
137
6029
4886
7374
45
186
8841
211
6421
95
8824
5116
5944
172
5945
244
3588
242
4178
194
140
100
7722
6473
438
1554
446
6375
133
1531
7746
212
7779
4578
8838
6358
8839
6376
7730
8770
1597
4580
8840
99
1556
51
4654
52
339
3868
336
7784
8828
7780
6445
3621
1519
5646
1579
60
1522
1565
156
6982
5381
4176
183
2079
5046
443
1524
8821
159
9037
7360
3606
3773
4142
91
7783
4806
7718
9503
1327
8972
1566
8442
6422
9504
7715
1748
9118
5625
1331
3542
7735
9545
4976
201
7835
370
7736
8308
3867
7344
146
5402
9017
271
55
8310
3866
219
8723
1747
7786
179
4467
240
7719
4803
3636
9221
7737
111
4469
70
435
4885
3617
451
3623
151
7710
63
3619
1563
7709
68
7814
1553
6336
9401
1580
1571
426
64
7707
73
7768
173
7745
92
7738
9402
3620
71
436
1569
1587
47
4154
149
7708
1555
9117
170
6224
193
9394
214
4903
182
7781
65
6225
112
7729
4805
463
49
5122
161
9172
74
434
4935
4724
215
7720
1650
7785
3759
4723
8769
6334
48
4762
6373
4380
6374
4179
217
7769
7373
4143
5047
5000
150
465
6444
445
9589
464
1570
6270
1651
134
1586
4599
1568
6292
46
8822
184
4921
190
5087
1564
8825
1518
7713
163
7731
160
3755
158
7732
352
31
8973
548
246
9360
365
7840
3778
1329
3543
6298
162
4177
263
1303
269
1007
3768
7837
7370
33
5624
4652
5994
1330
7364
998
3265
7851
7362
5392
3544
7636
313
4941
3784
454
8311
3327
3266
4653
369
7838
4651
7834
8916
6307
8441
1011
367
4241
4715
62
4648
8035
8121
1652
9422
13
135
453
148
53
350
1572
248
1017
340
7771
241
7773
9222
7774
96
154
81
9357
5
4
84
2
3291
38
3555
1
4745
8778
9390
40
110
4641
3292
1592
4756
36
109
37
4642
39
107
9391
104
105
103
35
6521
6343
1584
80
7772
1542
9356
7711
1552
7743
1520
7782
178
7717
187
3869
8309
4234
8312
3876
8313
3880
9442
3882
28
3799
5881
262
7850
202
547
4650
4160
206
3008
3783
56
7377
4037
3776
1574
167
6423
7405
1750
3279
7733
268
1573
253
1596
4579
7727
5322
3618
72
7721
75
6983
97
1559
166
59
1544
439
338
6314
337
7832
247
1302
9157
8725
171
1014
3280
1558
7402
1557
245
5882
276
57
218
6303
220
4459
355
1743
3583
3498
4783
266
9185
8077
3801
433
8085
252
9186
3493
6357
3496
3557
8872
8480
3501
3558
8406
255
8452
7353
3497
356
9035
270
1325
457
8449
7357
3499
456
3495
357
3494
8549
3269
7355
3293
8984
3500
8075
9022
8074
8248
8553
8056
8304
8398
8555
3502
3516
8554
8065
8982
9127
8275
8524
8443
8076
8563
8059
1322
1323
8983
3509
9008
7970
3503
8072
8479
7969
6981
8071
8070
8068
8069
8066
7166
3275
9501
8079
7968
8078
7168
7171
3272
3273
3274
3271
8970
7170
7169
7167
3270
4200
3520
4201
8358
8067
3521
8064
8062
6572
9526
3517
9330
3518
3519
8061
8060
3331
3333
3515
3514
8870
7973
5977
3264
3513
8869
8892
8867
8868
3334
3332
432
6474
8073
9450
7676
3508
7417
3510
3511
8979
3512
3335
8975
3336
5507
6425
7522
8483
3522
4223
260
1272
1271
7510
5976
267
4842
85
278
3301
326
325
324
323
322
8508
327
277
1273
6
7
8050
8049
8052
8051
8054
3798
342
8055
8053
3797
9163
8260
9162
8270
9161
8261
3796
257
250
330
6354
328
3794
6355
3795
8976
329
3545
3671
6353
332
9156
333
334
8971
8937
9165
6359
335
6360
343
344
9159
346
347
393
9158
3670
394
6361
392
8521
8557
3785
3786
7365
3787
7369
3789
3788
3781
231
230
4290
228
4646
4644
3540
3538
3535
3536
321
8495
8496
3537
3793
3792
6204
6205
3534
3533
3769
4645
3770
3771
7371
7372
3772
7363
3539
3790
3791
7361
7368
3541
7367
4647
234
229
226
7356
227
225
224
312
7349
222
223
209
9168
210
208
205
203
7348
7346
7352
4031
315
316
3300
371
4720
373
7351
372
3313
317
3315
1032
3314
3285
3307
3306
3305
4054
4048
4729
4730
3304
3286
3287
3316
3303
3302
3288
4053
3289
4050
3317
4937
3309
3308
8515
3310
4051
3311
3312
8863
4052
3290
4731
3281
5054
3284
4036
6272
4044
4045
4049
4046
4047
9025
8389
8453
8865
3283
5053
3282
1225
5048
5055
86
3276
87
88
1475
1474
1477
1476
1085
1086
256
259
254
251
3412
3411
3406
3413
6146
3417
6573
3409
3410
3407
9183
3408
3402
3403
3404
1236
6030
3405
6096
5933
3414
3416
3415
3839
3426
6892
3425
3838
3840
3844
4172
3424
4352
4355
4353
3423
3422
3421
3420
3419
3843
5167
8857
8856
4171
3833
3832
3427
9550
9553
9552
9551
9556
9557
9549
9554
9555
3836
3835
8446
3834
3418
8855
8407
8408
8858
5920
3847
3848
3842
3841
3846
8384
3845
8383
3850
3851
3849
4012
3853
3852
3855
8444
4354
8881
3756
8171
9576
8809
3856
4013
3757
3758
3859
3861
3860
3862
3857
3858
3854
3429
7486
3722
3723
3726
3724
3725
3728
3430
3431
6833
3729
3727
7198
7195
3363
3364
3365
3719
3366
1270
1269
1268
1267
1413
1412
8170
2740
2741
8883
3717
3718
4039
6550
3863
3720
8882
3721
7487
7199
7192
7191
7193
7194
3428
7196
7197
3352
3346
3348
3347
3349
3351
3350
3353
3354
3355
3356
3358
5506
5526
3714
3715
3361
3362
3359
3357
3360
3713
6099
3340
3341
3343
3344
3345
3342
6098
3339
6097
7511
8859
4170
1321
3831
3716
1320
1319
1318
8864
3821
4058
3820
5941
3830
3818
3829
4236
3819
5940
8058
3808
4253
3817
3816
8875
4254
4273
3814
3815
4274
3812
3813
8866
4275
3810
3811
3809
8116
4276
3807
1314
3805
3804
3802
3803
8522
8390
3806
5942
5943
3822
3823
3824
3825
1313
4272
3826
3827
7512
3828
8322
4056
1310
4055
8874
6570
9417
4057
4456
1309
4063
1311
7513
3837
7514
8873
4457
1312
4458
4212
6569
1223
4453
1224
3277
4452
6568
1222
4455
4454
5050
1316
1317
1315
9341
5049
5051
5052
6321
3886
9565
9567
3888
9562
9566
9563
3887
9564
9560
9561
3321
3319
3320
3890
3891
4153
8507
8506
1226
2599
1227
4246
8148
8150
8151
8385
3889
8777
8153
8155
8158
9336
8157
8156
4786
8154
8152
8149
1339
1338
3711
3710
1335
1334
8643
8642
8640
1308
8641
8639
1307
3885
3326
544
236
542
545
540
541
539
235
6555
6147
543
8854
3325
5107
1337
1336
1333
6367
8108
1228
6467
9573
8109
3322
8110
8504
8505
2598
2597
1340
3318
1341
1342
4942
3324
9530
1343
1344
3323
8514
9224
3295
3330
6315
3296
3884
5348
1304
3329
1306
8939
9188
1005
9189
3007
3877
3879
3878
8391
8729
8728
1430
5547
8727
1431
1432
3382
8169
3584
7848
8726
6447
3873
8722
145
144
1010
1009
4676
5384
3381
5037
5045
5391
5038
4215
4064
4977
3383
7844
4655
4666
5378
4963
4979
4978
7843
4677
4837
4836
5548
4667
4665
5269
5350
5265
5267
5266
5351
5268
4673
4671
4425
4426
5485
535
5486
536
538
5647
7852
4043
4475
4682
5106
4683
7854
7853
4476
9582
9581
1452
9583
4809
4477
4549
6818
4807
6819
4478
7762
7756
7757
7758
7759
7682
7760
3865
4479
6820
4480
4536
1576
3371
3395
3394
3393
4527
4528
5238
4526
4521
4520
7691
6311
7689
5060
6731
4524
3389
1453
3390
12
4535
1418
4484
3372
4485
4482
6201
6202
4481
6714
6715
6720
6718
6719
6723
6722
6725
6726
6724
6721
6727
6716
1451
7687
6730
6729
6728
7683
6822
7685
6821
4808
6823
7686
4267
6824
7692
7561
7688
7564
7509
5150
7690
8440
6114
7565
6116
8546
7566
9164
8548
9493
8547
1429
7563
7562
7559
7555
7556
7557
7558
4266
7560
6057
6058
7567
6168
7568
8761
7502
4767
7681
4247
7569
7503
7570
7504
7571
7572
1414
1424
1422
7578
1421
1423
1419
1420
7575
7576
4690
1417
3338
3337
4776
9568
9569
7573
6115
6464
7574
7505
4777
8457
8455
8772
8773
8456
8459
7580
1425
1426
8204
8203
8202
9329
1427
1428
8282
8281
8280
9424
9423
8458
8771
4525
7577
389
6738
1229
1034
7677
7579
1416
4775
7678
1033
1415
6834
6835
4766
7679
6837
7680
5264
5263
6757
6745
6739
6735
6740
6734
6741
6736
6733
6737
6744
6746
6749
6747
6759
6758
6761
6838
4782
4780
6764
1277
1276
578
4778
4550
3400
1042
3388
4556
5217
4743
1577
11
8032
6792
2618
5212
2621
6789
6783
6522
6533
6524
6547
6540
6543
6545
6544
6532
6535
6523
8024
6531
6527
6529
6541
6546
6538
6539
4741
6786
6787
6534
6526
6776
6777
6779
6536
6773
6525
6530
6770
4540
6626
6624
6625
6772
6771
6775
6774
6778
6782
6784
6788
6785
6781
6780
6790
4739
6791
6793
7673
7675
3712
7674
7323
4141
7397
7396
7394
7395
7322
5211
5447
5837
7398
2619
6794
6795
8033
2620
8784
5143
7303
7302
7304
3435
9270
1473
7310
7301
7300
7245
5148
3433
7244
5147
8862
8955
8861
8860
5146
3432
7238
7239
7241
7242
7240
6477
7243
7237
4490
4497
7293
7289
7283
7282
7281
7291
7290
4728
7285
7277
4539
7275
7267
3401
7255
7256
4742
7250
4764
7269
7265
6567
4695
6566
7262
7270
7266
7271
7268
7260
7263
7258
7257
7261
6869
6866
6868
6864
6867
6862
6865
6860
6863
6861
3526
6858
4607
6854
4608
6859
6853
6852
6857
6855
6851
6849
6850
6843
6845
8451
6836
6839
6840
6842
6841
6846
6844
6848
6765
6766
275
4781
6847
89
6763
4691
90
4594
3392
3398
3399
3397
3396
3391
3631
3436
5333
7305
7307
7306
5334
7308
7638
5390
8783
4694
7639
7637
7640
7642
4306
7667
7663
7655
7662
7658
7666
5397
5396
7654
7659
7653
7650
7643
7644
7645
7647
7660
7651
7657
7670
8172
7672
4558
7671
7669
7668
7665
7664
7661
7656
7652
7649
7648
7646
7315
7316
7317
7314
7313
7641
7312
7311
9269
9268
7309
3434
7299
8780
7294
7297
5470
7298
5323
7296
7295
5149
7292
7288
7287
7286
7274
7284
4489
7280
7278
7279
7276
7252
7273
4693
7272
7264
7259
4537
7251
6856
6767
6768
4538
3527
7247
7249
7253
7254
3528
6563
6565
6564
4765
7246
5145
7248
3709
3708
6762
6561
6562
6560
6760
6750
6748
3707
6742
5332
6743
6586
6588
6592
6591
6595
4680
9586
6587
6581
6606
6610
6582
4517
6608
6583
6589
6585
4758
6584
6609
6590
6593
5829
6597
6599
4681
6600
6598
6602
6601
6622
6620
6623
6621
6618
6594
6596
6528
6542
6537
4761
6619
6616
6615
6614
6613
6607
4551
6611
6612
4936
6617
6634
7767
6631
6632
6629
5075
4286
4283
5078
5076
4284
7766
6475
8503
8500
6630
6627
8501
6633
6635
6637
6638
3462
6640
6641
8436
8502
1411
8087
8086
6628
8088
6636
8089
6639
5324
1402
9299
9307
9306
9308
8262
9300
9309
5205
1933
7551
5505
1409
1401
9310
9311
9301
3385
1396
1397
1398
1399
4022
6285
8719
1395
1871
4850
1380
1917
1915
1916
5362
5853
1379
4849
1875
1876
4851
6368
8460
1387
1388
8743
8744
1386
1394
1919
8461
1381
5748
1918
5854
1382
5751
1383
4853
1378
1376
1377
1373
1372
7452
7453
1364
1363
1370
1365
1369
1366
1872
1873
1874
1367
1368
1757
1758
8789
1759
8790
4839
9444
1795
1796
1799
8585
5056
8586
8741
1790
6381
1789
1788
1787
9297
9298
1361
9155
1357
7552
1358
1359
1360
1797
1798
1802
1801
1800
1362
8792
8791
4848
1803
4847
1705
1487
1490
1489
1488
1706
4843
1491
4845
5818
4846
1762
1763
6113
1764
3916
1804
1805
9295
9293
9292
9296
9294
1765
8893
1766
8894
1806
8895
1792
1791
1793
6327
8896
1767
6226
1768
5787
5786
5785
5790
1809
1808
1810
6380
8742
1811
1812
6379
1813
1814
5892
1815
1816
1817
3950
3955
3956
3947
3948
3949
5893
3946
3953
8902
3954
5793
3951
3952
1807
1794
5792
5789
5788
5791
9332
1769
1770
1771
8353
5407
1772
1773
3572
8354
1774
1775
8753
5178
1776
6107
3440
6126
3439
8752
1777
5180
8755
1778
1786
5181
1779
1780
1781
1782
1783
6817
1784
1785
22
5182
2816
20
1825
1826
1827
2814
1829
1830
1832
1831
1834
21
23
4696
4699
1835
4700
8668
1839
1838
1840
1841
1837
1836
8669
8667
8400
1842
1845
8740
1843
1846
4018
4019
3702
8437
1844
1847
6894
1848
4020
4021
6059
3993
3997
3998
3995
3999
4000
3996
4001
4002
3704
8361
3994
8360
4003
4004
4005
4006
4007
4008
4009
4010
3703
1828
4698
2815
6109
4702
4701
1833
3977
3985
3983
5831
4697
8891
3992
6056
8359
3991
2652
6103
2647
6105
2653
9019
8889
8890
8888
8887
6106
2654
3442
3438
8930
6104
2655
3980
3981
3989
3987
3986
3988
3990
3982
3984
6108
2656
3437
3696
8929
3698
3697
3699
3701
3700
8928
2657
3979
3978
8143
8144
8903
2658
5409
5411
8756
5410
3441
5750
5830
8754
5179
3967
3972
8898
9603
8145
3966
3965
3970
3969
8899
1823
1824
6323
3973
3974
3975
3976
5884
5883
3964
3963
3968
1822
1821
8901
8246
8900
1820
3962
1819
3957
3959
3960
3961
5408
1818
3958
3971
3474
3566
3567
3568
3570
3569
3475
3559
3560
3561
3507
3562
3563
3564
8988
3565
3476
3687
3691
3505
3692
3693
3506
8366
5223
3688
3478
3940
3689
3690
3944
3945
3923
3919
8962
3921
3920
8961
3918
3917
4855
3922
3924
3925
3937
3938
3926
3927
3929
3928
3939
3941
3930
3931
8960
3942
3943
3932
3933
3686
3694
3695
6378
3477
3934
3473
8021
8284
1710
8285
6456
1709
6145
1707
1708
2087
2088
3907
3908
2089
3901
3457
2092
2091
2095
2090
2094
2093
7442
3897
3898
3899
4916
3896
5849
2863
2862
1678
1677
1684
1689
7438
1879
1877
1691
1693
1878
1690
8989
5847
2951
1880
5809
5810
5811
1704
1703
2955
1698
2954
5815
1685
1676
2920
2932
5803
2921
2933
2922
2929
2931
5808
5760
2925
2942
8968
2924
2923
2866
8847
2867
5897
3910
5761
2865
2927
2930
5878
2928
2864
3900
5877
3893
3892
3894
3895
4917
1683
5879
1688
1754
1375
1849
1753
7408
1680
8785
1681
1682
1679
1755
4844
5887
8786
8245
8787
8788
1756
1760
2961
8793
1761
2962
2963
2964
2965
8963
1371
7409
7410
1374
1850
1912
3685
5856
5855
1390
1913
1914
1389
4852
1391
4854
1392
1384
1692
1694
1882
1695
1696
1697
1702
2953
8349
1701
5191
8348
8346
8347
1851
6287
8749
8748
8746
1393
8747
1881
1385
1700
1699
8745
1920
1922
1863
2393
1862
1921
1861
1857
8490
1864
1931
1865
1866
8731
1867
1868
8732
8733
1407
1406
1870
1928
1923
1405
1400
1403
1404
8718
8244
1925
1929
1924
1408
1932
1883
1926
1927
1930
8488
1859
4858
1869
1860
8489
8491
8286
6054
5800
6286
5372
1858
1856
5896
2397
2396
2395
2394
1855
8342
8344
8345
1852
8343
1853
2960
2959
1854
1902
8338
1901
1900
4908
1903
5428
1904
2957
2958
1899
1898
1897
5821
8513
6485
8952
1895
2893
2947
5417
5416
2948
2945
2946
2941
5427
5426
2940
2939
1894
2895
8751
2949
1893
2950
1892
8325
1612
8326
8327
1613
5858
5857
8090
2937
2936
5851
2935
5418
2934
5848
5850
2944
8966
2926
5816
7407
7406
2938
5891
2952
1686
5890
5805
5804
9066
2956
5331
1687
1675
9502
8967
5430
5431
5429
1906
1905
5820
8512
1896
1674
2896
8339
2897
8340
2873
2874
2875
2876
2894
8341
1634
5443
1633
1632
1631
8659
8324
1610
6129
1611
8658
1891
5444
1890
6460
6459
1630
5445
1629
1628
8660
8661
8662
1627
8664
8663
8665
2891
2890
1623
8957
1621
1620
1619
1618
2888
2889
1614
8337
1615
2887
1616
1617
4023
1884
1885
5353
1886
1887
1888
5876
5875
1889
2872
3915
3913
3914
3912
2871
2870
2943
2869
2868
3458
3909
3902
3904
2861
3903
8879
3906
3905
3911
8956
8878
8880
8305
8306
8018
8020
8019
1711
8017
8016
9240
2860
2859
2858
2857
2848
2856
2855
5278
2852
2851
2850
2847
5283
2849
2846
2845
2853
2844
2854
2843
2842
2841
2840
2839
2837
8948
2832
2828
1713
6086
8959
8958
6092
1714
6872
6871
3444
3464
3465
3466
3467
8915
6372
3546
9541
9585
3547
3451
3452
3453
3454
3455
3456
3445
3468
3469
3470
3471
3446
3448
3504
3447
3935
3472
3936
8022
1712
6455
6088
6090
6089
1715
4706
6199
6197
2648
9538
9536
8934
2649
9537
8564
8565
3450
3449
8566
4704
2650
4703
8917
3443
3461
6101
2651
6102
3460
3459
6061
2780
2779
2646
8356
8355
2778
2777
5439
8357
2776
2808
2770
2769
2764
2762
2763
2765
2758
2760
2761
2759
2767
2766
2768
2771
2772
2807
2773
2781
2774
2787
2775
2793
2791
2792
2790
2789
2788
2782
2796
6084
6060
2645
2721
2720
2722
1725
2726
1724
2724
2723
2725
2728
2727
1721
1722
1723
2737
2736
2733
2734
2739
2738
2742
8913
8912
6319
8227
2757
2755
8925
2756
8926
2754
6071
8705
8935
6294
8936
2714
2713
2643
8706
2711
2710
6085
1726
6346
2783
2795
2794
2798
2786
2785
2784
2797
2806
2799
2805
2800
2803
5489
2802
2801
2704
2804
2705
2717
2716
2719
2718
2715
6072
2644
2712
6489
2706
2709
2708
2707
8941
8940
6458
2700
2699
2696
2697
2698
8702
6073
2663
2662
8700
2661
2660
2680
6320
2683
2682
2681
6470
2688
2687
2686
2685
2684
2666
2667
8701
6070
2659
8703
8704
1732
1731
8287
1730
2747
1729
1728
8666
2732
2731
2735
2730
2729
1720
1719
2744
2743
1718
2746
2745
2748
1717
2750
2749
6100
1740
1734
2751
8911
2753
2752
1736
1735
1739
1738
1737
1716
4705
6198
1603
4707
1604
6472
6471
1605
6454
8439
1656
1655
1653
1654
5898
8943
1657
1658
8944
8092
1659
8954
2834
2835
2825
2823
2822
8947
2829
2827
5967
2821
2820
2826
2824
5253
2830
2836
8949
2831
5838
2838
5284
1023
5281
5282
5280
5279
5276
5275
5277
2878
1624
8953
2884
2883
4502
4501
5746
2881
2877
2880
1625
1622
1626
2886
2885
2882
8951
8950
8636
1022
5316
6087
6091
1021
8946
1020
5747
2879
1019
2833
1018
8093
1660
8091
1661
2817
1662
8942
1663
1667
1664
2818
1665
1668
1666
8336
1648
8333
1649
5744
6280
2195
6279
2194
2190
2196
2193
5745
2191
5696
2192
5488
8332
1671
8335
8334
6111
1647
8331
6112
8330
1646
1645
8328
1643
4708
5222
1450
5799
5798
7549
9065
1644
8329
5801
5842
5802
5757
5754
5959
6284
1949
1948
1947
1946
8264
5756
5755
9239
9238
9237
9334
6274
9333
6277
1670
1672
1669
9478
9262
1602
8269
8268
8267
8266
8265
8352
8351
1609
5962
5961
5960
4503
6484
8168
1444
1439
1442
1441
1443
6462
6434
1446
6427
2898
1950
1954
6266
1952
1951
1953
1449
5442
1945
1601
1448
1944
6275
5196
4710
1642
4709
4713
1641
5347
1943
1447
1436
6268
5161
1435
5162
1434
5158
5166
5160
5165
5159
1673
1911
5164
8670
6264
6263
6265
1940
1909
1910
1939
8671
4711
1640
5163
1639
1638
4712
6267
1938
1907
1908
5373
1637
1636
1635
1486
8042
4863
5190
6283
4862
4861
1485
1484
3387
576
4860
5189
1483
577
5157
1410
4684
3384
4779
5156
1043
3386
7485
7484
7520
4859
1934
1935
1937
1936
6222
6223
5471
8217
7519
574
8625
575
5497
4028
8221
8624
8220
573
5206
8427
2391
8219
8363
8675
8676
8674
5869
5870
5873
644
650
645
8140
5872
8279
5871
5867
5868
8620
643
8618
651
653
654
5874
652
8218
8619
8617
5207
8377
572
655
8376
4718
4716
4415
571
5221
570
4717
9443
4414
19
4226
3214
409
4797
8191
8189
5767
5775
4207
2197
5254
2198
2199
2200
7420
2252
2249
2237
8579
8577
8576
8574
8575
8578
8580
6119
2500
7530
6289
2507
2508
2513
2506
2515
2509
5382
9507
2510
2211
2248
2210
2240
9544
9543
9542
5383
2250
2239
2238
2251
2475
2476
2477
6130
8679
2474
2478
8680
7343
8678
2473
8677
1201
1200
1199
2460
2461
1198
1197
2485
1185
1184
2493
5377
958
959
960
970
968
969
9339
9340
971
1217
8487
9338
9590
2442
2446
2445
2447
2448
2444
2443
966
965
1206
963
964
962
961
9591
972
5623
967
975
1207
974
973
976
5679
977
978
6157
6158
8738
6117
6118
5618
8737
990
991
989
1214
1215
1213
5677
5678
5680
980
982
1208
979
981
1210
8739
2441
983
1209
2427
2426
984
985
986
8736
9403
987
8735
8734
988
1211
1176
860
9571
861
862
867
865
866
1116
1117
1118
5137
8535
870
5521
1096
871
868
5556
869
863
5557
1098
5558
864
5553
6329
1100
1099
9570
1101
1102
4073
1103
1130
1131
1104
1108
1105
1133
5552
1139
1106
1134
1137
1138
1107
1114
1115
1140
1111
1110
1112
1109
1113
5550
5551
1135
1136
5522
5529
1128
5504
5530
5531
5532
1126
1127
1125
1124
5386
5555
5544
1132
5533
8538
1147
1148
1123
1122
1145
1146
5527
5520
1144
1143
1129
1141
1142
9528
1153
1151
5528
1121
1120
1152
8223
1119
8498
1175
8499
5956
1179
2436
2453
2437
2438
2439
2449
7547
2452
2451
2450
1219
1218
1216
6143
1220
1212
5144
2435
2433
2434
2431
2432
2430
2425
2428
8509
2429
5637
6123
6124
6121
6120
6122
6125
1097
4072
4071
7443
4070
2150
4068
4069
5964
5653
5652
4900
994
993
8233
992
8486
5651
5648
995
5650
5649
5654
2813
996
5455
1024
2279
2278
2277
2281
2422
2423
2424
4899
5958
2280
4799
3484
1083
5989
4895
408
5184
406
407
4067
2149
726
2416
7427
2415
2417
5542
2421
2418
5476
4958
4960
4959
2414
5477
2419
2413
1047
7446
9354
2283
7332
2288
7331
7327
2286
7337
7334
4961
2276
2282
7330
7333
2275
2274
2810
7335
2809
2273
7325
7326
2284
2285
7336
7324
7329
7328
4604
7229
7228
7226
9350
2420
2412
2410
812
811
810
2409
2411
2287
1046
5992
5990
5991
5922
7227
724
725
727
875
2125
7429
7428
874
8288
873
1095
872
8531
878
7424
877
2129
7423
2360
7425
2147
2359
2130
2358
7422
7430
7426
7421
876
2148
5481
879
5067
1071
5492
5493
5641
1077
1061
1060
1072
1059
1058
1068
1065
1064
1075
1078
1080
1079
1076
1066
8031
5500
1070
1069
5494
5495
1067
1053
1055
1054
8040
8030
1057
1056
8475
8474
8034
1052
1051
8039
8038
8037
1050
1073
1081
1074
1063
1082
1092
1089
1090
1091
5603
1093
1094
5496
1088
1087
1062
5499
5498
8473
8036
1049
8462
8463
1048
8464
7482
808
809
8041
798
4943
797
4773
8471
4945
4946
8472
4944
7414
795
796
5852
799
801
807
802
4774
6301
800
803
804
752
806
5546
5215
2070
2068
2069
3532
3531
5535
2067
999
2066
2065
2062
2061
2074
2063
2055
2056
1000
2064
2052
2053
2054
1001
1002
3485
2073
3487
8367
3486
2051
2057
2047
2058
2059
4124
2072
2060
6141
6140
2046
1003
2050
8470
2045
8469
2048
8235
997
8234
5346
8468
2044
8466
8467
776
2049
7489
7490
7491
7492
1968
4949
1969
4950
5090
753
1970
4948
741
1971
1972
5091
5092
5093
1958
4577
1967
612
4901
4084
1957
773
7488
768
758
757
759
4083
4085
2628
711
378
3488
549
381
8120
551
8163
6732
8122
377
382
5336
4972
376
375
680
679
682
681
374
387
676
677
678
710
8162
5337
386
5338
8161
388
553
8160
6494
383
6491
385
555
554
4119
4890
556
557
698
697
4120
5534
6495
6496
6493
5708
552
1545
4301
9371
6249
6250
6252
379
380
9372
6510
6251
5027
8167
6492
6498
8628
384
683
684
685
690
689
4121
8627
6497
686
8626
687
688
696
691
4139
692
4122
693
672
667
669
670
5525
674
673
671
695
694
4892
668
666
708
4300
699
707
700
701
702
4123
704
705
706
703
8119
8173
6161
4221
714
4011
716
717
9366
7508
3479
5518
4784
3608
562
9599
765
5711
766
770
6755
767
769
771
4785
1966
1965
1974
8099
2032
2033
2178
2034
2035
2042
2041
2043
2040
2038
2039
2077
2076
2078
5601
5602
2037
2036
2075
9177
9178
7444
5239
9280
9174
9173
5245
1977
2101
1996
1976
1975
5244
5246
2181
5937
8107
2100
2099
2098
3368
3369
2184
8106
2097
2096
2182
2183
5936
4362
2010
2176
6253
6254
2177
5241
1960
2009
8105
2011
6262
2004
2001
6261
5701
9343
9344
2175
2171
2172
2174
2173
2007
8201
2008
2117
6260
9068
9074
9073
9075
8796
8806
8807
9070
9072
9071
9069
9079
9077
9082
9083
9076
9231
2002
2003
2012
2103
2013
2102
2014
8111
5935
2108
2106
2107
2109
2111
2110
2104
2105
5702
8758
8805
8808
9099
9303
9302
9094
9098
9095
9093
9230
9229
9368
9282
9359
9097
9089
9092
9304
9087
9088
9226
9225
9281
9228
9227
9091
9305
9090
9085
5622
9086
6257
9084
9080
9081
9078
8804
8798
8799
9400
9399
8802
8797
8800
9534
8803
9535
9067
8801
2116
2115
8886
2114
4161
2118
2113
2112
2121
6235
2006
6238
2005
6239
6236
6237
1982
1981
6241
4369
5606
6240
1999
1983
1984
2086
2401
2400
2402
2398
2399
8206
8205
1985
6242
1986
4118
1987
6389
2120
6243
1988
2119
5703
1989
1962
1963
6407
6391
6410
6392
6412
6401
6396
5208
6408
6393
4546
5210
2019
5667
6406
5668
6402
8545
5666
5665
6411
5664
8026
8025
5663
5662
5661
6398
5660
6397
6399
5209
2018
5670
5671
5669
6409
6413
6403
6400
6394
6415
6416
6404
6395
6417
6419
6405
6414
5749
5224
6418
8029
8028
8027
9492
9491
4117
1990
1991
5704
1992
2020
2408
2021
1993
1994
2029
2026
4151
2406
5681
4116
2407
4150
2023
4149
2024
2025
4115
4625
4114
4111
4113
4110
4112
6388
6384
4108
4109
4089
4090
4091
4092
4099
5693
4100
4101
4104
4093
4102
4094
4095
4096
4103
6386
5691
5692
6383
4105
4106
4097
5682
5683
5684
5685
8964
5686
8965
5687
5690
5689
5688
5325
5326
8083
5327
5694
6382
4107
4098
4626
5616
5617
5607
2022
2028
2027
2404
2405
4152
2403
2187
5706
2000
1998
4088
5611
5609
5608
5610
5612
4370
2085
2186
2084
8207
8208
5705
1980
4359
4358
4356
4361
4360
4357
4368
4367
4366
4365
4364
4363
1961
1964
5242
5243
2185
1997
8102
8103
5247
1979
1978
9242
5248
8094
2015
6248
2016
5436
2031
2179
2180
8969
2017
2030
9241
8095
8096
8097
8098
1995
8100
8101
1973
8104
1959
7494
4980
775
772
5216
763
764
762
7483
761
5213
5214
774
7418
561
7493
760
560
550
713
4220
2627
5472
3463
4732
8123
712
4902
715
718
4545
2625
734
736
735
9370
9232
9233
9234
9411
6556
9141
9367
9352
2596
610
737
8914
9364
8978
9365
9363
6825
521
733
522
523
524
529
518
530
4024
528
525
728
729
526
519
527
732
520
516
513
512
514
517
510
509
508
507
3705
511
9214
9218
9219
9215
9213
9216
9412
8278
8482
730
5135
5136
6827
731
515
8629
6557
9415
8630
8631
531
8632
9325
9217
9220
532
6518
8478
8477
2371
533
8476
6005
8816
8815
8817
8818
8814
9277
8813
8812
6006
6007
9278
9275
6004
4222
9279
5963
747
9276
6010
6011
6009
748
6008
754
565
744
745
746
743
8164
8165
606
2626
6000
756
609
607
6001
4984
8635
608
755
9351
8634
8633
611
564
563
738
742
739
740
5089
2071
8465
6831
805
5545
7412
792
793
794
751
791
9167
8644
8645
8646
8146
3490
722
2369
4140
8147
3491
4026
749
5201
3489
5202
750
3492
5198
6325
503
8393
5200
2269
2270
2272
2271
499
5199
498
497
496
505
495
6575
500
501
2366
502
504
8394
5203
6326
7230
723
4219
405
2370
719
720
721
2367
790
2368
780
781
8945
8830
782
783
784
785
787
789
9597
788
786
8832
8835
8829
8831
8283
779
778
777
3525
3864
9413
3524
3523
8833
8834
6830
8415
8775
8776
8774
8497
8044
7550
567
4772
3026
3027
589
8409
8410
6506
5880
5599
626
9488
9489
7235
9487
9486
5899
5900
4372
627
628
4126
568
4125
4514
4515
569
4373
594
595
4513
597
6067
596
2376
5218
4516
2377
4416
630
629
5220
5219
7534
1031
8588
8590
6331
8589
590
8587
591
6328
616
618
617
8591
2372
592
593
7496
7495
4719
5121
1025
1026
3025
1027
614
615
6461
6752
5168
6753
619
621
620
7451
5634
7457
622
5635
8289
6488
1030
6756
623
5636
9404
624
4076
625
6134
1028
5413
2375
6487
1029
5673
2374
4924
4928
6486
9148
4927
4922
4923
4926
4925
2373
5763
8192
9263
5764
8190
8187
8188
8193
5766
5774
4205
4206
2499
2511
2501
2512
2502
7531
2503
6576
2505
2504
8323
9513
8224
9514
7538
9505
8199
8197
8196
8195
5771
8198
2226
6577
2225
9393
7537
5645
8225
5644
6127
9509
8528
9525
2224
8420
9559
6128
2514
2223
7535
2254
2253
7545
6552
2255
6554
6553
2222
6551
7546
7543
7544
2256
2221
2257
5695
6751
2220
2219
7540
2258
2218
7539
2217
2216
6571
8126
7542
2215
7541
4880
2517
4881
6200
2212
2213
2214
4879
4025
9511
9510
2519
2518
2227
2228
4869
2231
8362
9508
7548
6578
2552
2551
4444
4445
4868
2229
2230
2232
6160
5758
2234
2233
2553
2559
2558
2557
2556
2555
2563
2562
2561
2523
2560
2235
2236
2522
2528
6441
2527
2521
9539
9540
2525
2526
2524
2520
2243
2241
5781
2244
2242
2491
2492
2490
2245
2246
2247
1192
5376
6229
9382
6035
942
2572
943
2573
944
949
947
6812
5987
948
950
951
6813
5971
5974
9353
9396
6548
9166
9130
1156
9128
9361
5970
579
5139
5138
1150
1154
1155
6549
5549
1149
5140
1177
5141
2440
1181
1183
1182
5626
4865
5627
5628
957
956
1187
2454
1186
955
5969
954
1180
953
6808
952
5972
5973
5975
5906
5907
1178
5911
4131
4130
5909
4132
5916
5914
4133
6034
6033
5905
6031
6032
1157
924
4134
5915
5817
8717
8716
5918
903
905
9388
8290
8291
8293
8292
8981
5794
9387
6442
899
6466
6465
5812
1161
1160
1158
1159
1164
902
901
900
8980
5554
8424
898
5509
8423
8422
897
896
5511
5510
5513
1162
894
5514
8540
8539
5885
8541
8543
8544
1163
895
893
8542
5934
5919
6516
2345
891
892
5434
7055
2344
2347
2355
2348
5515
2353
2354
2352
2350
2349
2351
2356
2357
2340
2341
5512
2339
8526
2335
2334
2337
2331
2336
2332
2333
5516
2338
2330
5675
6069
2327
2329
2326
2342
2343
2328
5474
6897
890
6896
5433
6895
889
9142
888
887
5806
5932
5931
2142
2134
2141
4418
2138
7431
8556
5425
1237
1240
1239
5643
5642
2153
1238
1261
4392
4391
4931
6028
6352
4930
4929
4932
1247
5330
5836
1246
1248
5839
2152
5482
7506
1241
1242
7507
2154
1249
9133
1264
2156
2155
2151
1262
1263
9134
9131
6499
7456
7454
5709
9136
9137
9139
9138
5846
9135
9140
5845
5710
7465
6002
2143
2133
6003
7463
4419
2132
7461
6503
7464
6505
6504
2361
6511
7462
4217
5490
7467
7466
2365
5698
2346
4216
3480
5256
3481
2144
2145
5345
9200
9201
6377
5633
5632
5344
2324
5343
2325
2321
2320
2319
7449
6509
6508
2293
2316
2318
2315
2317
2314
6293
2313
2312
2311
2310
2309
7447
7416
7415
4377
4376
8762
5487
4379
4375
2305
2304
4378
2300
2299
2301
2302
2298
9355
9199
2303
6135
2296
2297
2295
4374
2294
7448
5835
2308
7436
6517
2292
7433
3482
7437
7434
2291
2307
2306
7435
2322
2289
2323
2146
2126
2127
2290
2128
2131
2139
2140
880
1266
5841
5840
7460
7458
7450
3483
8757
6370
6369
4934
2157
2158
6371
5142
1254
1255
1256
7459
1257
5762
1258
5501
1259
6180
5502
1253
1251
1250
1252
5503
6177
6500
7455
1260
1265
9132
9522
9523
9506
7046
9521
6490
1243
7045
1245
5432
1244
882
881
4218
5928
5927
7468
5930
5929
2364
2362
883
8572
8570
8673
2363
5807
5783
5784
884
885
886
8637
8638
5475
5508
921
920
916
917
918
922
919
5479
5480
8425
8426
9524
923
5523
4381
5437
909
908
5902
5901
5415
904
4303
4304
5917
906
907
5355
5903
5356
5357
4302
5904
910
5598
6514
6512
6428
915
914
911
6513
2811
5999
912
913
5421
5420
8485
5412
5419
2812
5483
5454
6299
5796
5795
2136
2135
7432
2137
4390
6300
5797
5491
8763
8765
6025
4404
4402
4398
4401
6482
6479
5451
5449
5450
6480
5676
6519
4403
5448
5452
6478
4399
4400
6502
4394
4393
5453
4396
4395
4397
8764
8766
8767
8768
6026
4389
6016
4422
5459
5456
5457
5458
6017
6013
4382
6014
6015
6024
6021
4383
6020
6022
6023
5399
5398
4388
4387
4386
6018
5638
4385
6019
5478
4405
4408
5423
5825
5824
5364
5460
5363
5467
5468
5469
5473
6483
5466
5465
5462
5463
5461
5464
5822
5823
5422
5366
5827
5924
5923
5998
6040
9498
6042
9497
9496
8307
6469
6481
6468
9495
9494
6041
5925
5926
5613
5365
5369
5368
5615
5614
5367
5826
4420
4421
4407
4384
4406
3615
4345
581
4417
5405
5562
8012
6769
5715
5716
4606
5714
5406
4605
4789
4788
6255
5719
5717
4787
8919
8918
5718
9104
5543
4129
1741
5563
5564
5725
5723
5724
4128
5721
8243
7441
588
7440
5720
5565
8013
8015
5604
6426
5605
1279
4640
1278
5570
5567
5568
4433
4432
4323
5596
4324
5597
4431
4325
6815
4430
4326
4429
4427
4327
4428
4328
4441
4442
4330
4329
4440
4434
4439
4443
4438
4437
4435
4436
4322
4321
5569
2580
4639
17
5833
7359
5697
5834
16
2124
586
5739
6182
5591
5590
5589
5588
5595
5594
5593
5592
5580
5578
5579
5577
5582
5581
5584
5583
5585
5561
5560
5576
4768
5575
4424
4423
5587
5586
5571
5574
5572
5573
9274
9273
9272
6816
6234
5726
585
4016
4017
7439
5566
584
8014
4316
5722
5287
5727
5728
5285
5286
5314
5313
5732
5300
5299
5312
5311
5735
5733
9204
5734
4318
5736
8274
5737
5310
5308
5309
5307
5315
4319
5738
5731
5302
5730
5729
5305
5304
5306
5301
5303
4320
4317
5298
5290
5296
5297
5295
5294
5293
5292
5291
5289
5288
587
583
1356
582
4086
4410
4347
26
4409
4348
4065
4346
5064
3614
5063
25
4446
24
5062
5065
5061
4066
6181
5913
580
5912
5910
5908
2567
8987
8257
8974
8256
8258
2566
927
925
6515
2568
926
8450
8222
931
930
929
6037
928
8686
6580
2578
932
933
8690
8691
8689
9592
2579
934
8688
8687
8215
6038
2575
2574
2569
6036
2571
2570
935
8692
936
937
6228
5375
2543
2535
2534
8684
8210
2533
2532
8211
2531
2538
6166
2530
2536
2529
8681
8682
8683
8685
2209
2208
2207
2206
2537
2205
6167
6142
2204
2203
2202
2201
2564
2554
2546
2545
2547
2544
2540
2539
2550
2548
2549
5759
2541
2542
5374
8695
6814
6579
2577
2576
8694
1167
8693
1166
1165
938
940
6227
939
6811
6809
941
946
945
6810
8396
8397
2494
7319
2488
7320
2487
2489
1174
7318
1193
5631
5630
7321
5071
1191
1190
1189
1169
6165
1188
1170
1171
1172
1168
1173
5629
2497
2496
2495
5777
5776
2498
5778
1194
6131
1195
1196
2486
2483
2482
2480
2484
2479
2481
2463
2462
7341
2459
1202
2472
2470
2471
1203
8228
2466
2465
1205
1204
7342
2458
2468
2469
2467
1221
8523
8516
2464
8518
8583
8826
7533
7532
5949
4896
4898
4897
1084
2455
2456
4227
2262
2457
566
2259
4199
7498
5621
5619
5620
2268
2267
7497
4882
2261
9447
9448
9449
6507
6063
2266
2264
2265
9445
7499
9446
9558
5946
2263
8527
5947
2260
5948
8226
7536
8600
8602
8607
8608
6047
6046
856
6045
854
8184
9043
9236
9042
9331
8186
9044
8185
9041
8606
8605
852
8604
6044
853
8603
8601
8599
8598
836
8302
8301
8303
6049
6050
6048
6304
8048
6062
835
8047
8046
8045
6064
6066
855
828
8597
8596
7527
6829
6826
9223
6828
7479
7525
7524
7523
7477
8300
7475
8299
506
8550
8551
8552
8414
7476
8297
8298
7474
8594
8592
6288
3579
859
858
857
8593
7480
7481
5519
7419
5819
9194
6302
7478
7526
7528
7529
9512
8595
823
5713
5712
5658
827
825
824
817
821
818
820
819
814
8241
8240
8239
6574
813
815
5894
6051
6052
8080
6053
816
822
826
829
5895
833
830
831
832
834
5657
837
842
5656
843
844
845
846
848
847
851
850
4466
5371
5655
841
840
838
839
849
5765
5769
5768
8194
5779
8530
8529
9490
9519
9520
9517
9518
9515
9516
5780
5772
5773
5770
4798
7500
1471
6332
3013
1300
3012
1231
411
410
1045
1472
1299
7501
3014
1044
9018
6450
1230
18
2565
1536
6152
6154
4893
2584
1283
2583
2581
2582
1280
1281
1282
6153
6155
1527
1537
1232
6151
6156
1532
1528
1535
8216
1529
2585
1533
6807
1534
9587
7032
1538
7033
7029
2589
2590
2592
2591
7027
2588
7031
1539
7030
7028
8904
8906
8909
8905
8907
2586
1530
2587
6806
8908
8910
1540
1541
7026
7585
7587
7582
7581
6172
1469
1468
1467
6799
6801
6170
2595
6171
6189
6188
6187
8571
6184
6185
6186
2594
6190
9267
2593
9266
1470
8272
8273
6805
6173
6175
6796
6174
9125
9596
9605
8933
9604
6176
7583
7584
1608
7586
7588
7589
7591
7598
7600
7593
7590
7592
6075
7603
6074
6195
7601
7602
5249
7612
6076
6080
7611
7613
6078
6079
6082
1733
6196
7606
7607
7604
7605
7620
7624
7625
7634
7630
7629
7633
6451
9483
9482
9481
1515
9485
9484
9439
6452
7619
7615
6081
7608
7610
7609
6077
8696
6083
8697
7621
7617
2624
7614
7618
7623
7616
7599
7622
7626
7627
7628
7631
7632
1514
1513
1511
1512
1510
2641
2640
2639
1509
2637
1508
2638
1727
7597
1506
1502
1503
1504
1505
2665
2689
2690
2695
2701
6345
2694
2702
2703
6448
2692
2642
2693
2691
8699
8698
2664
4983
1507
5354
7596
2629
7595
7594
2633
2623
2631
2634
2635
2632
8113
1499
2677
2679
2678
2672
2670
2673
2671
6065
2674
8927
2675
2676
8115
1500
5318
1501
2630
2668
2669
5317
8114
8112
2636
8247
4999
4997
1607
1498
4998
6433
1606
1497
1495
1496
1494
1493
1492
1466
1465
6183
1464
6169
6797
6802
6798
6800
6803
6804
7470
8568
6192
6194
1289
6193
6191
8567
1284
1285
7473
1287
1288
1286
7471
7469
6213
6214
7472
1290
1354
8650
1291
1292
1293
8651
6453
6438
1294
1355
6440
6439
4877
4876
8656
8401
3587
8657
1295
8655
1352
8402
1298
1353
8654
1296
4878
4875
4873
4874
1297
8653
8652
4870
6215
4871
4985
4872
1351
4993
1955
4990
4991
4992
6435
1437
2188
2189
9600
9380
1440
1445
6436
9499
9500
1438
9381
6437
8350
4994
9406
9407
1348
4505
8117
4504
1349
1350
4995
4986
1346
1347
8562
9405
5828
6501
1326
8649
8395
2899
1345
9264
5321
1956
6148
4506
4507
1275
4127
7389
7390
1941
6282
1942
7393
7392
6281
8392
7391
4856
4511
4508
649
7388
5192
1274
4509
4510
2392
6217
6220
6219
5154
7381
648
647
646
6832
6233
7380
7382
6216
7385
7386
7387
7383
7384
6218
637
636
635
4512
8378
634
6457
640
641
639
633
638
642
6212
8622
632
8623
8584
8621
631
4864
8375
656
5832
657
664
659
663
6068
661
662
660
658
599
4906
665
2390
4907
8374
8373
3262
9160
3261
8371
8372
5865
3263
6211
3260
5540
6558
8533
9575
6210
9574
3259
5863
5862
5866
5864
8388
6559
6295
8387
5859
5860
5541
5861
8616
598
2379
2378
2380
8615
8614
2382
2381
5320
8399
2383
2384
5955
600
2388
2387
5639
8532
2389
5954
4771
601
8672
3053
3052
8561
5953
2385
5640
2386
9290
5952
4087
5951
2606
4770
2605
4208
2609
3179
4213
3009
4192
3010
6027
4557
6110
3215
3011
9580
4857
9385
3064
3066
2999
3000
3001
3002
3017
3019
3018
3063
3016
3062
3061
3060
3057
3056
3055
3065
4544
3015
3219
3218
3226
3223
3221
3220
3222
3003
6245
8611
3004
3255
3022
3256
3021
3020
3253
3254
3252
6247
6246
3005
8612
8613
3225
3224
6043
3216
3217
3227
3231
3228
3238
3240
3249
3241
3242
6149
3243
6232
3244
3239
3248
3247
3250
3251
3245
3246
3257
5843
3258
6221
8238
9577
7765
7764
8230
3229
6203
7763
3236
3233
3234
3237
3232
3235
5435
3230
3006
6310
6309
4755
4982
8295
4981
4656
3378
6685
6675
6683
6692
6688
6686
6691
6693
6684
9384
9383
8296
6680
6681
6677
6679
4287
6665
6658
4754
4752
6659
8294
6660
4750
5193
6667
6666
6668
6669
9392
6674
4751
4753
6673
6671
6670
4760
6893
6672
6662
6661
6663
3379
4285
5074
5073
5077
6476
8454
4595
4209
6653
5082
5083
5084
5079
4210
5080
9438
6652
5081
6655
9271
6650
6657
6644
4746
9143
6656
6654
6649
6647
6651
6648
9235
6643
6642
8730
4530
4523
4529
4522
6645
6646
5155
8511
6664
7693
6676
6308
6682
6678
7694
3377
6689
6687
6690
6713
3376
6711
6699
6710
6039
6709
6712
9386
6704
6706
6695
6705
6694
6700
6698
6701
6703
6702
6697
5979
6708
6696
3375
6707
4486
4487
6717
3373
4483
7684
5342
4488
8715
8714
7761
8713
8712
8711
8710
8709
6330
3159
6162
9408
8708
6340
6163
3209
5153
3213
3158
4197
3154
4195
4196
2994
2993
3208
3205
3204
3199
3198
2992
3201
7753
7754
7755
3197
3200
3196
3195
2991
3202
3192
8084
3153
5017
2990
5018
3374
5252
5251
3652
3650
3752
3651
3653
3649
3765
3764
3763
3658
3660
3661
3655
4584
4585
5125
4519
602
4288
5379
3149
3150
8750
3148
3151
3152
4586
4518
4289
3180
3181
603
4792
4795
5258
5240
5257
9036
5259
5272
4794
4793
3182
3193
3212
3190
3186
4759
3185
3184
4534
3211
3191
3194
3203
3187
4531
3189
3206
3188
3183
3207
605
604
2987
2988
3210
4554
4552
4553
9579
9527
8043
5127
4532
4533
3160
3155
3156
3161
3157
2995
2996
2997
3058
3059
3054
4543
3067
2998
3068
2989
1235
4591
4193
1234
6269
5113
2608
4592
4593
2607
1233
2978
3069
2977
3023
2976
3070
2975
3024
5537
5538
5539
5659
2974
3073
3072
3074
3075
3077
5672
3076
8525
3071
6349
3028
3051
3029
3035
3030
3034
3031
3033
5988
3032
6350
8081
4996
4967
4968
4966
3047
3044
3043
3042
3041
4242
4243
3046
3050
5559
6164
5536
3048
3049
3045
4965
4183
2973
3036
5886
6132
9289
5273
8871
3037
5484
8877
5524
3038
8428
8429
2603
4235
3040
4203
4184
3039
9398
4185
2602
2972
5119
2613
4186
2612
2611
2604
9324
3175
3174
3172
3171
3173
3170
3169
7521
2610
4282
2982
2983
2984
2985
2986
3178
4244
3177
3167
613
3166
3176
4964
3168
2981
3165
3164
2980
4541
4689
2979
1038
1035
1037
1036
3130
3140
6449
3129
3133
3134
3596
3135
3127
3126
3132
8006
4305
4822
4820
4821
4825
4826
4827
4824
4830
4828
7979
7977
7976
7974
8003
8001
7999
7995
7993
4292
7992
7998
7997
7994
7991
7996
8000
8002
8004
7975
3119
7980
8009
8007
8005
5270
8008
7981
4831
4829
7982
7984
7987
7985
4832
4833
3123
3091
4562
4569
4573
5120
2601
3143
4574
4835
4834
3138
3144
3142
3122
3121
3120
3141
3139
5044
7988
7986
3136
4840
7983
4823
4277
7978
4461
4817
4818
4813
4819
4812
1455
1454
7869
3128
3131
7857
4560
4230
9476
9477
6159
4688
8263
1040
3740
6137
3137
8365
8364
6136
5016
9032
5227
5228
4679
4678
6888
6886
6885
6883
6881
5066
5013
5255
4598
5014
5015
3113
3114
3115
5226
5225
6887
6390
4686
4687
3750
1550
1590
3736
3737
4491
3749
4609
8381
5978
8379
4542
4015
4202
5980
5983
5985
4802
4014
5982
5986
5984
4801
4613
4800
5981
4611
7846
7847
4610
8125
4612
4614
3734
3733
3732
3739
5966
5888
5889
4894
5231
3731
6055
3730
3735
4838
4492
4147
3741
3746
3748
5965
5335
3747
3742
5446
4146
3745
3744
3743
4145
4148
8582
3738
4081
1039
4144
4664
4597
4905
4904
4658
4659
1589
1588
4796
3751
3762
3657
3646
3654
4596
3648
3647
3761
3645
3659
3644
3656
3643
9598
4661
4660
4657
3663
534
4668
4663
5389
5388
4547
3665
6870
5387
4548
4962
3662
3664
537
3666
4672
5352
8837
8517
5349
7972
4173
8519
8520
7827
7842
9206
7825
5360
7824
9205
9207
4166
4493
7823
4164
4163
4162
7826
6133
4165
9020
8386
9456
9454
5133
3298
4662
3299
7845
9457
9455
4947
9479
8236
9265
9584
9475
9319
9320
9375
9480
9376
9377
9101
9209
4167
4911
4909
4744
7819
6138
7818
8897
7821
7822
9013
9321
9322
9529
9323
4910
7817
9012
9208
4309
4168
9011
7815
6463
7816
7820
9014
8130
8134
9313
9119
9312
9318
8138
8139
8137
9317
8136
8135
8133
5072
4685
7445
9316
8132
8131
8128
9314
8129
9315
8127
7739
4468
8321
8057
3595
5002
5003
4229
4159
5001
4228
6882
6884
8534
6880
6879
6878
4135
4342
6876
4344
6874
7856
4970
4971
6877
6873
4136
4343
9389
5004
7864
6875
5005
5006
4589
4590
7871
3370
4643
7888
7887
7883
7878
7877
7749
7748
7747
2600
450
7126
7750
6335
1479
4561
4237
7752
3634
3633
7751
3635
2967
4465
4588
2968
5009
7858
5008
4341
7872
5183
7885
7884
7880
7879
7875
7874
1526
7971
6364
7873
4464
7876
7889
7923
7922
7918
7920
7924
7919
7892
6365
7925
6366
4631
4630
5030
5029
4628
7917
5031
4629
4638
4637
460
5114
7938
449
9440
5921
6914
9441
6296
7127
6910
6907
6906
6903
6904
6905
6908
7966
7965
5012
5011
7967
5187
7963
7964
5034
4617
6244
8320
5233
7939
5035
4620
7935
7936
7937
9373
9374
7962
8319
4413
1463
5097
7961
7959
7958
7960
1462
7941
7942
5033
7940
5032
1461
7949
7945
7946
5250
7921
4635
7950
7953
7951
3642
7413
7952
7954
9606
2616
8885
2615
8884
2617
2614
7926
7955
4412
7928
7927
5188
9451
709
4411
7956
1549
7957
1547
7934
7931
3078
3079
3080
3162
1548
4371
5938
5104
5939
1546
3163
559
5128
558
4231
4035
1459
3084
3082
8435
8920
4233
9193
9064
8921
8932
8931
9326
9327
9397
9062
9328
9414
8180
8179
8176
8259
8174
9060
9452
9052
9053
9051
9050
9048
9049
8848
9055
9054
9061
9059
9058
9057
9056
8849
9349
9348
8850
9409
8237
8178
8181
6258
8182
9458
8370
8175
8177
6259
8183
9063
9196
8276
9197
9198
9195
9129
9378
9379
9531
2969
4555
9395
9203
2970
3100
3083
6985
8369
6179
6178
8368
5340
5339
8434
8404
3101
8432
8403
8433
2971
3099
8431
4914
8229
3088
3097
3147
3146
3145
4187
4576
4189
4575
4188
3095
4563
3096
3094
3098
3092
3087
3093
3090
3089
4571
4572
4567
4566
4568
5271
3118
7990
7989
3117
3116
5100
5099
5098
5101
5102
5103
8573
4559
4570
4564
3085
4565
3086
5814
5341
3081
4232
1458
1460
4034
4027
1041
4032
4033
1457
4268
5126
4211
1482
1480
1481
3112
3632
5517
4298
3111
4297
7860
7859
4296
7861
3109
8609
1456
8610
7863
4293
4294
9546
5370
7865
7868
7867
8581
7866
7870
4816
4815
4811
4814
4810
4587
7862
5007
4190
8209
4463
4462
4191
4169
3105
4295
3104
3108
3103
3102
3107
5424
5112
9362
5010
9418
5111
7886
7882
7881
7890
4495
7891
4494
7898
7903
7909
7910
7912
7911
7913
4841
3110
7915
4214
7914
4790
3106
2966
7916
7933
7930
7932
7635
4634
7929
4633
4632
4636
7896
8810
7902
7904
7908
6363
7905
7906
7907
7900
8811
6231
7901
7899
7897
7895
7894
6362
4496
7893
7948
9416
7947
7944
7943
546
6909
4291
6901
6900
4259
404
6923
7012
6920
6924
6898
4255
6899
7011
6918
7696
6919
6916
4866
9111
4239
4194
5085
4040
6604
6603
6605
7553
6911
4042
4041
9108
6891
9588
3551
8118
402
403
5042
5195
5022
4182
5096
6939
4449
3598
414
6932
419
412
6925
4675
5968
5108
6926
5109
6927
4204
5110
5021
5023
5024
5124
5957
5025
5043
6938
6936
6937
3610
7044
6974
5095
4281
6975
288
5094
5438
6273
4280
3554
7122
7123
7124
3627
7121
4265
7036
7078
3556
8317
8318
5236
8316
7074
7072
7073
7089
7075
5069
5070
467
2167
2123
1433
7086
6144
7083
2168
7082
7081
7084
2169
6150
7087
2170
7088
7111
466
7108
7102
6980
6979
2122
7085
7112
7067
6012
7069
7068
7048
7057
7059
7113
493
494
7110
360
7106
479
480
4448
492
490
481
487
359
298
7065
6954
6949
9471
8846
9469
9470
7132
7062
7060
4957
7066
7131
299
9474
9453
9473
358
6432
9459
6431
6430
6948
309
9466
4624
306
4623
307
9105
675
9106
308
9358
9460
6429
7133
7130
9462
9461
9465
9464
9467
9463
9468
486
4269
484
7090
7091
7093
4271
7095
7096
7092
7098
7105
7104
7107
7103
7101
7100
483
9532
9533
489
7097
7094
485
9472
482
7099
488
491
7109
4270
7058
7056
4299
302
303
301
292
293
286
296
3611
7042
6970
8023
8412
6207
3548
6208
6209
6941
6942
6943
6933
6935
8844
4082
7043
7041
289
287
5404
290
5041
294
295
4867
363
297
3626
364
362
9109
469
5152
9110
6889
6890
458
6999
7000
442
4238
6993
9107
6989
7009
6990
5359
6992
6987
5358
4721
6988
6998
7001
441
470
471
7010
6922
7003
7004
473
472
7006
4260
7005
7007
4258
7008
4257
4256
6902
477
6351
478
475
476
474
6986
4692
5186
5185
7002
7013
6917
6921
6915
6997
6996
6995
6994
3706
6991
7025
9420
9419
8411
7040
7014
7017
5319
7016
4473
6344
7038
5151
8413
7039
2159
7037
2162
2163
2164
5086
4225
4224
2165
400
2083
2082
399
2166
401
398
8082
397
2160
4474
2161
396
2081
5361
8720
2080
8721
4472
5026
7015
4582
7024
4583
7023
7022
7021
4499
7019
7020
4498
4500
468
4627
7018
7125
7080
7076
4198
9421
7079
5028
7077
3603
7070
7035
7034
5068
7071
4974
7120
3597
7117
7115
5040
7114
5039
7051
6339
291
7119
7118
7116
305
304
5403
7050
7049
4349
3625
4350
7061
7063
7064
6951
6952
6953
6950
300
3753
3580
6946
4973
5232
6944
6958
6945
4601
4602
4603
4600
4252
6957
6341
4180
6955
4138
6956
4470
5753
4471
5441
6959
4079
4078
4077
6342
5036
5131
8250
6967
3550
3582
4618
4080
6963
4029
5752
5813
5020
6964
7811
131
9113
7812
9114
4740
4450
4451
7813
4621
8166
8782
5230
4674
6337
6338
7788
4622
7789
9027
9030
124
9031
9029
9001
9002
9039
8994
5169
8537
4310
9256
9202
7516
7517
3530
121
122
8991
8277
116
117
108
5260
5274
118
8242
119
114
3367
125
3529
120
7518
8569
7515
9153
3684
8924
9149
3683
3682
3681
123
8923
4279
2914
3680
3675
2915
6276
3679
3678
3676
3677
8759
5229
2913
2912
2919
8781
2911
2910
6278
8922
2909
5237
9045
9243
9578
9102
9103
4933
8536
8142
9046
2918
9246
9257
3641
9010
6385
9028
9000
5600
6387
8990
5177
3640
9016
2908
9003
6313
9033
9034
5996
9150
9021
3639
4307
4312
4311
9009
5175
2905
2901
5176
9601
2902
2903
2906
2904
2900
2907
9005
5174
9004
5997
8996
9006
9254
9251
9252
5234
5235
5172
9255
1591
9259
5262
6312
9047
9260
8998
2917
9169
9250
9249
9248
9247
8999
8405
9244
9245
8141
6424
9171
9040
9170
9038
9154
9007
4757
6291
3667
9184
9120
2916
5170
5261
9023
129
9258
8271
9253
5173
4315
3669
2892
8760
3668
2819
4251
8997
5171
9100
5995
8995
4763
9015
9261
3674
3673
3672
2516
8876
6290
9026
8993
8992
9126
4912
130
128
127
126
9602
7798
4262
4261
7810
9369
4264
4263
7799
7797
7794
7793
9096
3628
7809
5844
7808
7800
6348
9335
6347
7802
1582
7796
5197
7801
4062
4749
4060
4748
7803
4747
7806
4137
9112
7790
3577
3574
8986
3578
8421
9286
9115
9287
9176
8985
9288
6520
7174
7165
9593
8493
8494
7163
8492
9191
7164
7162
7161
7160
9210
7158
7159
9116
7172
9337
7173
9548
5707
6420
8484
8416
8417
8011
8010
8255
8418
8419
9024
9547
8214
7157
8212
8213
9147
8558
8249
8559
9123
9122
9145
9124
9144
9146
9212
9211
9121
9187
9346
9347
9175
8560
9345
9431
9426
9425
9594
9595
9432
9433
9435
9427
9437
9429
9428
9436
9430
9434
9284
9283
7554
9285
8795
8794
9192
6324
8231
8232
8447
8448
8438
8852
8851
6754
7791
3594
7792
9152
7795
196
4061
197
7804
7807
7805
4619
3630
3552
4059
3576
3629
198
6965
6966
199
132
4714
7134
5132
5740
5393
5741
7135
5742
5743
8843
7052
6973
3600
3553
6971
4884
6962
8253
8254
8252
5204
8251
6961
6960
6947
7047
6968
6969
4920
6206
4615
6095
6093
6094
4616
8836
3604
3549
3622
7054
7053
6972
4734
4735
8382
4737
6297
6940
6316
6317
6318
4733
4736
4738
413
417
6934
4074
416
4889
4888
4887
7175
3637
7177
3581
418
420
7137
415
4883
8430
7154
7140
4038
4155
3571
7139
3638
4969
7136
5058
5059
7128
7138
7141
7143
7145
4335
7144
7142
3602
3599
5130
7129
6930
4891
6931
3624
6256
6929
6913
6912
4181
5194
9572
8977
8159
6928
9410
3593
7147
2622
7201
4157
7149
7203
7204
7206
4075
7205
7202
4308
4447
4351
7146
4156
4158
7156
3609
7155
3585
282
7179
7180
422
427
281
3612
3125
3124
7189
3589
279
280
3590
7184
3601
7213
7188
3616
7190
4791
310
3613
311
7187
7178
285
7176
5395
5394
5950
7186
283
284
7152
7153
7181
7182
7148
4919
7151
7150
7200
7185
421
5057
7183
4956
4955
3591
3592
3573
4339
7214
7211
4331
5019
7216
4338
7217
423
7220
429
4336
4337
7218
444
7212
7209
4332
4333
7210
428
6333
7208
7207
4334
7215
7219
7221
4951
9151
4954
7223
4952
4953
7225
5129
7222
3575
5123
361
424
7224
5440
5329
5328
7233
4727
5134
7232
7231
4726
7234
7338
5674
7704
7705
7706
9182
9181
9180
7712
9179
7699
7700
7701
7702
5414
7703
7697
7698
7787
6977
6976
6978
43
44
4722
4913
42
181
1585
5700
5699
5380
10
191
391
1523
1517
1516
175
79
78
77
76
27
7339
7340
3
41
8779
216
6230
4915
106
4769
0
