0
8784
7363
6835
5940
1229
3805
6367
3301
5107
324
1336
3348
7398
8444
3559
7302
3295
7237
1409
3823
1368
8505
393
3325
7512
1337
347
541
3826
545
346
8154
1086
8149
9450
1308
1313
8639
3271
8642
8521
3710
254
1759
7257
6636
3717
1933
8860
6639
6837
1377
3855
5056
3433
3956
3502
9293
3503
1809
6857
9296
8881
6628
230
8088
8071
4839
8863
1381
8109
6368
6467
1387
3313
9573
1916
1228
8743
4608
1363
7284
1399
3318
317
1917
7351
4849
9268
5884
3402
3569
7314
3961
7259
5830
6565
8899
5323
3964
316
3975
1277
5505
7295
5788
7278
3951
7280
1360
9159
6536
8970
9307
3850
6777
4458
7566
3273
7690
5054
7509
4200
1422
5050
8281
3341
6626
3399
6771
3860
6544
4354
9297
8506
1372
3887
1362
6790
8055
7453
1227
1369
4646
3393
1795
365
7840
3778
1329
3543
6298
162
4177
263
9360
3768
7837
7370
6723
246
6719
269
1303
3417
8157
251
4786
6030
8158
3406
1799
4539
1378
8508
1874
7265
1872
8549
1361
3890
1357
5145
8896
7276
9308
1267
6543
3862
8151
5933
6285
2599
3840
8148
6146
6770
3723
6641
4780
5324
1323
9300
7274
8791
208
1490
7316
6113
9168
4843
3726
7572
8984
1424
1222
1427
3353
6749
5818
6538
4850
210
1402
3392
6616
3340
6774
9501
6547
3811
1416
1397
4497
3385
7241
1812
2598
1792
8522
7677
8554
1805
8809
1810
2597
392
8110
1813
4695
3948
7169
5893
7651
3565
3343
5447
4048
1819
256
4540
3522
6773
1474
6776
3790
6532
8874
4682
321
6534
8058
4141
1315
6780
9341
6775
5051
6785
3276
7852
3534
6530
6361
6772
3720
7673
3716
7579
8504
3564
5396
8888
6743
4778
90
9162
3968
3513
6788
5787
7354
6226
7266
1827
3728
8889
7240
1825
8056
5212
4063
3953
356
6792
3330
389
3802
4525
4452
23
8260
6525
1269
6106
7283
203
4697
6768
3703
7263
9603
7647
3441
3528
6109
4538
3977
6595
4009
6588
3631
4517
8359
7638
3992
6869
4701
6581
3983
373
2652
7639
3994
7300
6584
1413
5332
7358
6586
4000
6767
4005
5334
3704
6585
6059
6765
4001
6845
6894
6840
3995
6583
8859
6625
8079
8024
3715
6602
8669
6542
6098
6623
1837
6863
1845
6600
3350
6622
1840
3526
1843
6618
1839
7346
4018
6596
4700
6853
3702
6590
8400
5829
4699
372
1844
4761
3997
3536
4020
6599
4007
9586
4003
6610
5217
7254
1784
7273
1793
3302
1358
3494
6789
7194
5792
9183
1829
7246
1818
7666
3971
4031
7678
3821
4766
3300
4764
205
9270
3772
7267
3788
3712
7355
6838
209
6781
8170
3973
7238
1821
7272
3970
4765
5179
3364
6744
4046
6737
3498
3981
3407
8929
1273
5837
275
2618
1319
1386
3415
8643
1032
8640
3817
6617
3519
4286
1268
6750
4550
6762
578
6562
4489
4283
7353
9299
7279
1781
3756
1820
4782
4698
8875
1834
261
1786
3366
3568
7303
2647
3724
3701
3396
1832
3333
8755
7286
1770
3365
3988
7670
3966
3497
8246
7304
1772
8060
3954
7292
3950
7268
1801
3781
1705
4172
5892
3290
8087
6272
1777
7288
3572
3352
3440
6844
1807
8067
1766
3315
6738
3422
8742
4607
1798
3812
1338
5977
1334
1758
4045
8353
8983
3916
3500
6613
8074
1401
8446
1774
1477
6787
3853
6545
8064
1765
7680
1806
4053
1762
1425
3286
3439
231
8753
4693
5785
1226
3404
8507
2816
6533
3861
8282
8062
1783
6540
3859
6716
7356
8459
1316
6116
4731
7565
3304
6114
3557
8204
1321
1776
6867
22
7293
3442
6761
2653
8066
6782
7486
6541
3828
7577
4454
6727
6568
8280
1318
3562
7659
3561
6763
3566
7171
2655
5148
3987
8495
7248
2621
7247
9332
1270
1816
4783
1779
7264
3972
7663
1824
3409
7322
371
5409
7640
8756
3349
4246
1475
8777
267
8385
3540
8155
1476
9336
3412
8150
3411
8156
9158
8143
7662
8928
5263
3982
87
8903
5333
3979
3793
3437
3408
3697
6546
3362
8930
8406
6779
4056
6778
7243
8070
7394
6573
3959
6851
7323
9560
5211
5920
4683
4644
6786
4057
5106
226
6624
3886
7396
9567
6793
9563
7301
9566
7281
5052
6531
6205
6539
3538
4475
6570
4043
6204
6529
9565
6784
3888
4739
6321
1473
9562
6108
3334
7675
7371
6868
3852
7252
6097
7296
8384
8033
8171
8960
255
1042
3829
4775
225
4855
3797
3933
7242
3941
8322
3932
7253
3943
1085
7674
8892
7397
6850
2620
5049
3929
7637
3942
9561
6795
3321
2619
3319
3927
6477
1344
7510
3884
7522
1306
3806
1304
8408
3928
7239
3939
343
7395
8971
4743
3808
3925
7255
9564
3926
7289
6311
7167
6523
88
3938
7402
1557
245
1558
3280
1014
171
8725
9157
7692
9008
1302
247
7832
337
6314
338
439
1544
59
166
1559
97
6983
75
7721
72
3618
5322
7727
4579
1596
253
1573
268
7733
3279
1750
7405
6423
167
1574
3776
4037
7377
56
3783
3008
206
4160
4650
547
202
4535
218
57
276
5882
355
4459
220
7561
5526
6724
3770
12
3270
6824
3815
6726
8073
6721
6833
1007
8979
6729
9526
6728
9163
6822
3729
7564
5881
3799
7850
262
6303
4352
1340
6355
4942
3937
5147
1341
1272
9530
3541
8514
8483
6315
5143
3930
457
6759
3277
9424
4455
1419
7170
8773
4729
8772
3293
8456
8855
3390
6474
5264
1223
7569
8873
4247
8075
7681
1224
4767
1317
7580
7361
8458
3346
8771
3842
7505
4050
7575
4171
7759
8452
5150
3283
7757
8052
7756
3832
1576
9552
4536
3771
6820
8085
4479
4274
543
3314
8641
7236
8854
3827
235
4842
8939
3814
1005
539
325
6147
3537
3324
352
7732
158
3755
160
7731
163
7713
1518
8825
1564
5087
190
4921
184
8822
46
6292
1568
4599
1586
134
1651
6270
1570
464
9589
445
6444
465
150
5000
5047
4143
7373
7769
217
4179
6374
4380
6373
4762
48
6334
8769
4723
3759
7785
1650
7720
215
4724
4935
434
74
9172
161
5122
49
463
4805
7729
112
6225
65
7781
182
4903
214
9394
193
6224
170
9117
1555
7708
149
4154
47
1587
1569
436
71
3620
9402
7738
92
7745
173
7768
73
7707
64
426
1571
1580
9401
6336
1553
7814
68
7709
1563
3619
63
7710
151
3623
451
3617
4885
435
70
4469
111
7737
9221
3636
4803
7719
240
4467
179
7786
1747
8723
219
3866
8310
55
271
9017
5402
146
7344
3867
8308
7736
370
7835
201
4976
9545
7735
3542
1331
5625
9118
1748
7715
9504
6422
8442
1566
8972
1327
9503
7718
4806
7783
91
4142
3773
3606
7360
9037
159
8821
1524
443
5046
2079
183
4176
5381
6982
156
1565
1522
60
1579
5646
1519
3621
6445
7780
8828
7784
336
3868
339
52
4654
51
1556
99
8840
4580
1597
8770
7730
6376
8839
6358
8838
4578
7779
212
7746
1531
133
6375
446
1554
438
6473
7722
100
140
194
4178
242
3588
244
5945
172
5944
5116
8824
95
6421
211
8841
186
45
7374
4886
6029
137
177
1593
3380
7725
94
139
4240
1594
6446
4987
4030
459
5118
8647
1583
6322
7695
8124
395
8845
213
1581
83
8200
82
461
8820
1478
7376
7742
1543
448
5115
430
67
136
192
431
188
7744
9
5782
93
8510
176
7726
7375
6984
4804
462
4725
7741
189
8648
9342
7740
102
5088
155
440
66
138
1561
8823
6443
4989
5993
50
331
3874
3777
7849
4581
3875
4918
1008
7350
1751
3774
5385
7401
7833
174
1013
200
7841
349
6305
348
143
272
4940
274
4313
7378
9190
8314
4314
237
1575
239
455
233
8938
232
4669
3766
1305
3767
7829
273
1301
6356
7716
8827
4175
366
4670
1745
5105
7399
8842
7411
7724
69
1595
1746
1598
98
7723
390
1600
8
7728
8819
437
5117
4988
1521
1567
3782
1328
319
7830
185
3760
3881
452
3883
318
54
7379
7839
169
7778
8380
7777
1562
7770
243
4340
1525
7775
101
7776
152
425
15
8707
1551
3586
7403
7828
195
142
3268
7714
1749
1332
7400
4975
14
4355
28
3424
31
3844
1744
1342
6307
326
1015
4250
9291
5401
3607
1742
6555
4649
141
368
4248
3779
7836
207
1006
8441
1011
367
4241
8973
8724
3775
6271
3267
3326
3265
998
7364
7851
7362
5392
3839
33
5624
4652
5994
1330
3544
7636
313
4941
3784
454
8311
3327
3266
4653
369
7838
4651
7834
8916
62
4648
8035
8121
1652
9422
13
135
453
148
53
350
548
4715
4353
58
6892
32
221
1004
29
3416
34
4938
153
3297
5400
3605
265
6306
351
147
3403
1572
3838
4278
314
4174
238
6715
8309
4234
8312
3876
8313
3880
9442
6714
3780
1012
4245
3328
320
4460
7345
4249
7404
544
8976
3885
1324
1418
433
4484
5055
7688
3798
7686
7198
8455
8453
7758
8866
3383
1325
5548
3336
4064
3264
5038
9417
4677
8054
4978
4273
5378
3818
7843
3272
4979
9156
4837
4276
4665
4236
4836
3533
4655
8857
8457
3308
4482
5167
4777
8479
3869
3843
4808
335
8548
3725
6058
4647
7567
456
6168
4013
3931
7245
3963
8868
3974
3360
8145
7271
6323
7313
1822
1309
3976
7290
3958
2740
3962
5146
8900
334
3960
332
3922
8955
4556
5149
3918
8304
3957
7487
5883
6864
8901
9269
3924
3357
3917
3719
8961
7661
3969
223
8754
3517
1823
7308
8898
3833
3965
5397
5411
6354
3700
7261
2657
3785
2656
6861
3696
7168
3989
6858
3986
1320
6104
9554
3984
6866
3990
9553
3699
6860
3698
3359
8144
7260
3978
3836
5410
5390
1771
7193
8354
3398
5181
3510
1773
327
5178
7258
6107
9551
1775
6846
6126
7511
1780
4728
4594
7250
4691
5831
7357
1828
6859
2815
8481
4004
6843
4006
8050
4002
6842
8361
8407
4010
8451
4008
6099
1833
6852
4702
3418
8891
6862
1848
4036
4021
3787
2814
3288
4696
6855
5180
3344
1785
89
5182
8077
6817
6854
20
8443
21
8059
1782
4201
1826
3317
1838
3294
8667
3289
1846
3312
1847
7
4019
4052
1842
8515
1841
1322
1835
3891
3394
3358
9423
3558
1453
7372
6725
8856
7853
3521
4476
8051
9582
7514
9581
3493
1452
3835
9583
328
4809
9555
4477
342
4549
9556
6818
3335
4807
4055
6819
1271
4478
9549
7762
7969
4521
8270
8729
3803
1429
3351
4526
9186
1423
3831
3505
6425
3507
8862
3687
3545
3693
7294
3691
3848
3476
7658
3921
315
3940
4153
1802
8783
1487
6
1491
7642
1764
85
9292
8172
9294
8937
8895
3391
1808
3514
1791
7513
5790
7643
8902
8524
3955
4694
5789
6839
5793
333
1794
6848
3952
3339
3947
3410
3946
8858
1769
3397
7277
3400
4758
4853
6587
1373
6582
7452
6563
1370
6589
1366
4681
8358
6601
1873
3709
1395
1415
1876
8496
1383
6606
7199
6593
4851
6560
1875
3789
8586
6621
1796
3282
1790
3508
9155
7652
7552
6359
6611
3718
8262
7315
9298
3846
1359
7671
9301
8864
8500
7298
9310
8383
6528
3845
4022
7668
8719
7649
1789
4306
8585
7297
9306
2741
6640
7641
1411
4058
5265
5943
4667
257
5269
8061
5350
5941
5266
8869
6619
8053
9309
7656
5076
8780
1757
6598
7968
6597
266
6594
3518
6537
9444
5048
1871
3434
1380
7664
8461
6760
1379
6748
1388
7249
1915
3707
8460
6591
1398
6841
5362
6592
8744
7669
1364
3527
5854
6608
5751
4537
5748
4680
9185
6742
1394
6564
1376
7311
6638
4039
6631
86
1367
6609
8789
7644
8790
7251
1365
6620
4223
8436
5507
6607
3796
6614
3332
4936
345
6615
7191
6634
7646
1396
7650
1800
7197
4848
7655
4847
8882
1787
5470
1797
7672
8792
1311
1489
7667
1706
6360
4846
7645
1763
6758
258
6746
3857
6527
3851
1803
3856
1488
6757
7676
6526
3757
4845
7307
8502
4490
6627
3388
6561
5205
3708
7766
7285
8503
228
6633
3435
9311
3274
7767
6836
3462
9576
7551
7310
8086
1276
4551
9330
6637
7352
6629
6764
9224
6353
3323
234
1335
3414
3711
4720
1339
6096
3889
3426
8108
5976
1333
3425
8153
6475
6856
6632
6865
4284
4742
1918
3322
1919
1034
1382
7365
8501
3421
5075
7262
5078
7287
6630
3432
8089
3713
6612
3830
6834
5853
249
1451
6569
7562
3499
7558
3431
7689
8069
5238
3511
5547
323
1431
3792
3382
5053
1010
4254
5045
277
145
3535
5037
5942
5384
1314
5391
3810
3381
4049
8169
3275
7848
3305
8726
4044
4215
8865
1009
8872
1430
3331
8727
7973
1432
8049
3873
278
4676
3809
4977
7166
8391
8261
3879
3671
7844
3501
4666
8390
8728
1225
3372
4272
6201
3834
7504
4457
5060
3310
1420
3727
9569
9035
6447
4047
7571
3858
7570
3758
7560
8248
6057
3420
3882
3583
4481
187
7717
178
7782
1520
7743
1552
7711
9356
1542
7772
80
1584
6343
6521
35
103
105
104
9391
107
39
4642
37
109
36
4756
1592
3292
4641
110
40
9390
8778
4745
1
3555
38
3291
2
84
4
5
9357
81
154
96
7774
9222
7773
241
7771
340
1017
248
4520
4937
6115
8078
4524
3306
1421
8982
6821
3794
4690
4730
8440
7368
7503
9127
7574
3721
6535
3854
6635
11
8203
4290
1428
1577
1788
1743
542
322
236
3813
4485
3515
7556
227
7557
224
7555
7367
4266
229
7502
3722
7563
6357
8546
8553
9164
7196
3395
8116
540
329
1307
3795
1343
353
1560
157
1752
3278
3872
115
7831
7366
3389
3801
4528
3311
4963
357
7573
3363
3371
252
9189
5647
9188
538
4275
536
3496
535
1310
5485
3819
4671
394
4673
3825
5267
3512
5351
7348
5268
4456
4425
3670
4426
4253
5486
8975
3878
3804
3877
3824
3007
7970
7854
9550
4480
3520
7576
3429
7559
3281
1417
1412
3296
3822
3329
8480
5348
8072
7760
341
7855
180
3870
168
1016
164
7734
264
61
8445
7682
4645
3865
3807
6720
354
6718
3355
1414
3539
8547
3285
3338
3430
4267
9161
7687
5506
6730
3356
7683
3354
7685
3816
3584
8398
144
3509
8722
3495
3337
3419
6722
6981
4776
3284
9568
8389
9493
3791
6464
4012
6524
3413
3871
7347
4939
6139
8315
204
1599
1578
3754
165
8853
113
447
3800
6202
3769
6731
30
3423
8152
4212
8761
9022
7568
3847
6823
250
6791
8741
3841
6381
3428
1804
7306
1815
4781
1811
3303
1814
6766
6379
4054
5786
1236
6380
3287
1817
8870
3949
7269
3991
222
9019
6567
6056
6849
3985
3427
6105
7256
8887
312
3999
3269
3993
8555
8437
3309
8740
270
1836
8563
8668
8068
1831
8076
1830
8557
3980
7244
5750
7349
2658
7270
3967
6566
2654
3361
6103
7291
8890
3714
3438
7282
5791
9165
5407
7275
8360
4170
3996
4051
3998
3401
8752
3786
1778
7312
1767
7369
1768
7648
8894
344
6327
3436
8893
7192
9295
7665
3475
330
3474
7309
5408
260
3570
7317
3567
8883
3563
7299
3560
3347
8988
7653
3688
3405
3506
8861
3692
3863
5223
7657
3689
432
8366
7654
8962
6734
8275
8202
3307
3919
7679
7417
6745
259
3923
3320
3944
4741
3849
1426
6572
6783
6550
6740
3837
6735
3345
6522
7195
7691
3342
4527
8063
7578
1312
9329
8065
6739
3516
6741
3316
6733
9025
6736
8867
6747
3820
1033
3945
4558
3920
9557
3690
7660
3478
8449
8032
6847
6794
4453
3686
7305
3694
3695
6378
3477
3934
3473
8021
8284
1710
8285
6456
1709
6145
1707
1708
2087
2088
3907
3908
2089
3901
3457
2092
2091
2095
2090
2094
2093
7442
3897
3898
3899
4916
3896
5849
2863
2862
1678
1677
1684
1689
7438
1879
1877
1691
1693
1878
1690
8989
5847
2951
1880
5809
5810
5811
1704
1703
2955
1698
2954
5815
1685
1676
2920
2932
5803
2921
2933
2922
2929
2931
5808
5760
2925
2942
8968
2924
2923
2866
8847
2867
5897
3910
5761
2865
2927
2930
5878
2928
2864
3900
5877
3893
3892
3894
3895
4917
1683
5879
1688
1754
1375
1849
1753
7408
1680
8785
1681
1682
1679
1755
4844
5887
8786
8245
8787
8788
1756
1760
2961
8793
1761
2962
2963
2964
2965
8963
1371
7409
7410
1374
1850
1912
3685
5856
5855
1390
1913
1914
1389
4852
1391
4854
1392
1384
1692
1694
1882
1695
1696
1697
1702
2953
8349
1701
5191
8348
8346
8347
1851
6287
8749
8748
8746
1393
8747
1881
1385
1700
1699
8745
1920
1922
1863
2393
1862
1921
1861
1857
8490
1864
1931
1865
1866
8731
1867
1868
8732
8733
1407
1406
1870
1928
1923
1405
1400
1403
1404
8718
8244
1925
1929
1924
1408
1932
1883
1926
1927
1930
8488
1859
4858
1869
1860
8489
8491
8286
6054
5800
6286
5372
1858
1856
5896
2397
2396
2395
2394
1855
8342
8344
8345
1852
8343
1853
2960
2959
1854
1902
8338
1901
1900
4908
1903
5428
1904
2957
2958
1899
1898
1897
5821
8513
6485
8952
1895
2893
2947
5417
5416
2948
2945
2946
2941
5427
5426
2940
2939
1894
2895
8751
2949
1893
2950
1892
8325
1612
8326
8327
1613
5858
5857
8090
2937
2936
5851
2935
5418
2934
5848
5850
2944
8966
2926
5816
7407
7406
2938
5891
2952
1686
5890
5805
5804
9066
2956
5331
1687
1675
9502
8967
5430
5431
5429
1906
1905
5820
8512
1896
1674
2896
8339
2897
8340
2873
2874
2875
2876
2894
8341
1634
5443
1633
1632
1631
8659
8324
1610
6129
1611
8658
1891
5444
1890
6460
6459
1630
5445
1629
1628
8660
8661
8662
1627
8664
8663
8665
2891
2890
1623
8957
1621
1620
1619
1618
2888
2889
1614
8337
1615
2887
1616
1617
4023
1884
1885
5353
1886
1887
1888
5876
5875
1889
2872
3915
3913
3914
3912
2871
2870
2943
2869
2868
3458
3909
3902
3904
2861
3903
8879
3906
3905
3911
8956
8878
8880
8305
8306
8018
8020
8019
1711
8017
8016
9240
2860
2859
2858
2857
2848
2856
2855
5278
2852
2851
2850
2847
5283
2849
2846
2845
2853
2844
2854
2843
2842
2841
2840
2839
2837
8948
2832
2828
1713
6086
8959
8958
6092
1714
6872
6871
3444
3464
3465
3466
3467
8915
6372
3546
9541
9585
3547
3451
3452
3453
3454
3455
3456
3445
3468
3469
3470
3471
3446
3448
3504
3447
3935
3472
3936
8022
1712
6455
6088
6090
6089
1715
4706
6199
6197
2648
9538
9536
8934
2649
9537
8564
8565
3450
3449
8566
4704
2650
4703
8917
3443
3461
6101
2651
6102
3460
3459
6061
2780
2779
2646
8356
8355
2778
2777
5439
8357
2776
2808
2770
2769
2764
2762
2763
2765
2758
2760
2761
2759
2767
2766
2768
2771
2772
2807
2773
2781
2774
2787
2775
2793
2791
2792
2790
2789
2788
2782
2796
6084
6060
2645
2721
2720
2722
1725
2726
1724
2724
2723
2725
2728
2727
1721
1722
1723
2737
2736
2733
2734
2739
2738
2742
8913
8912
6319
8227
2757
2755
8925
2756
8926
2754
6071
8705
8935
6294
8936
2714
2713
2643
8706
2711
2710
6085
1726
6346
2783
2795
2794
2798
2786
2785
2784
2797
2806
2799
2805
2800
2803
5489
2802
2801
2704
2804
2705
2717
2716
2719
2718
2715
6072
2644
2712
6489
2706
2709
2708
2707
8941
8940
6458
2700
2699
2696
2697
2698
8702
6073
2663
2662
8700
2661
2660
2680
6320
2683
2682
2681
6470
2688
2687
2686
2685
2684
2666
2667
8701
6070
2659
8703
8704
1732
1731
8287
1730
2747
1729
1728
8666
2732
2731
2735
2730
2729
1720
1719
2744
2743
1718
2746
2745
2748
1717
2750
2749
6100
1740
1734
2751
8911
2753
2752
1736
1735
1739
1738
1737
1716
4705
6198
1603
4707
1604
6472
6471
1605
6454
8439
1656
1655
1653
1654
5898
8943
1657
1658
8944
8092
1659
8954
2834
2835
2825
2823
2822
8947
2829
2827
5967
2821
2820
2826
2824
5253
2830
2836
8949
2831
5838
2838
5284
1023
5281
5282
5280
5279
5276
5275
5277
2878
1624
8953
2884
2883
4502
4501
5746
2881
2877
2880
1625
1622
1626
2886
2885
2882
8951
8950
8636
1022
5316
6087
6091
1021
8946
1020
5747
2879
1019
2833
1018
8093
1660
8091
1661
2817
1662
8942
1663
1667
1664
2818
1665
1668
1666
8336
1648
8333
1649
5744
6280
2195
6279
2194
2190
2196
2193
5745
2191
5696
2192
5488
8332
1671
8335
8334
6111
1647
8331
6112
8330
1646
1645
8328
1643
4708
5222
1450
5799
5798
7549
9065
1644
8329
5801
5842
5802
5757
5754
5959
6284
1949
1948
1947
1946
8264
5756
5755
9239
9238
9237
9334
6274
9333
6277
1670
1672
1669
9478
9262
1602
8269
8268
8267
8266
8265
8352
8351
1609
5962
5961
5960
4503
6484
8168
1444
1439
1442
1441
1443
6462
6434
1446
6427
2898
1950
1954
6266
1952
1951
1953
1449
5442
1945
1601
1448
1944
6275
5196
4710
1642
4709
4713
1641
5347
1943
1447
1436
6268
5161
1435
5162
1434
5158
5166
5160
5165
5159
1673
1911
5164
8670
6264
6263
6265
1940
1909
1910
1939
8671
4711
1640
5163
1639
1638
4712
6267
1938
1907
1908
5373
1637
1636
1635
1486
8042
4863
5190
6283
4862
4861
1485
1484
3387
576
4860
5189
1483
577
5157
1410
4684
3384
4779
5156
1043
3386
7485
7484
7520
4859
1934
1935
1937
1936
6222
6223
5471
8217
7519
574
8625
575
5497
4028
8221
8624
8220
573
5206
8427
2391
8219
8363
8675
8676
8674
5869
5870
5873
644
650
645
8140
5872
8279
5871
5867
5868
8620
643
8618
651
653
654
5874
652
8218
8619
8617
5207
8377
572
655
8376
4718
4716
4415
571
5221
570
4717
9443
4414
19
4226
3214
409
4797
8191
8189
5767
5775
4207
2197
5254
2198
2199
2200
7420
2252
2249
2237
8579
8577
8576
8574
8575
8578
8580
6119
2500
7530
6289
2507
2508
2513
2506
2515
2509
5382
9507
2510
2211
2248
2210
2240
9544
9543
9542
5383
2250
2239
2238
2251
2475
2476
2477
6130
8679
2474
2478
8680
7343
8678
2473
8677
1201
1200
1199
2460
2461
1198
1197
2485
1185
1184
2493
5377
958
959
960
970
968
969
9339
9340
971
1217
8487
9338
9590
2442
2446
2445
2447
2448
2444
2443
966
965
1206
963
964
962
961
9591
972
5623
967
975
1207
974
973
976
5679
977
978
6157
6158
8738
6117
6118
5618
8737
990
991
989
1214
1215
1213
5677
5678
5680
980
982
1208
979
981
1210
8739
2441
983
1209
2427
2426
984
985
986
8736
9403
987
8735
8734
988
1211
1176
860
9571
861
862
867
865
866
1116
1117
1118
5137
8535
870
5521
1096
871
868
5556
869
863
5557
1098
5558
864
5553
6329
1100
1099
9570
1101
1102
4073
1103
1130
1131
1104
1108
1105
1133
5552
1139
1106
1134
1137
1138
1107
1114
1115
1140
1111
1110
1112
1109
1113
5550
5551
1135
1136
5522
5529
1128
5504
5530
5531
5532
1126
1127
1125
1124
5386
5555
5544
1132
5533
8538
1147
1148
1123
1122
1145
1146
5527
5520
1144
1143
1129
1141
1142
9528
1153
1151
5528
1121
1120
1152
8223
1119
8498
1175
8499
5956
1179
2436
2453
2437
2438
2439
2449
7547
2452
2451
2450
1219
1218
1216
6143
1220
1212
5144
2435
2433
2434
2431
2432
2430
2425
2428
8509
2429
5637
6123
6124
6121
6120
6122
6125
1097
4072
4071
7443
4070
2150
4068
4069
5964
5653
5652
4900
994
993
8233
992
8486
5651
5648
995
5650
5649
5654
2813
996
5455
1024
2279
2278
2277
2281
2422
2423
2424
4899
5958
2280
4799
3484
1083
5989
4895
408
5184
406
407
4067
2149
726
2416
7427
2415
2417
5542
2421
2418
5476
4958
4960
4959
2414
5477
2419
2413
1047
7446
9354
2283
7332
2288
7331
7327
2286
7337
7334
4961
2276
2282
7330
7333
2275
2274
2810
7335
2809
2273
7325
7326
2284
2285
7336
7324
7329
7328
4604
7229
7228
7226
9350
2420
2412
2410
812
811
810
2409
2411
2287
1046
5992
5990
5991
5922
7227
724
725
727
875
2125
7429
7428
874
8288
873
1095
872
8531
878
7424
877
2129
7423
2360
7425
2147
2359
2130
2358
7422
7430
7426
7421
876
2148
5481
879
5067
1071
5492
5493
5641
1077
1061
1060
1072
1059
1058
1068
1065
1064
1075
1078
1080
1079
1076
1066
8031
5500
1070
1069
5494
5495
1067
1053
1055
1054
8040
8030
1057
1056
8475
8474
8034
1052
1051
8039
8038
8037
1050
1073
1081
1074
1063
1082
1092
1089
1090
1091
5603
1093
1094
5496
1088
1087
1062
5499
5498
8473
8036
1049
8462
8463
1048
8464
7482
808
809
8041
798
4943
797
4773
8471
4945
4946
8472
4944
7414
795
796
5852
799
801
807
802
4774
6301
800
803
804
752
806
5546
5215
2070
2068
2069
3532
3531
5535
2067
999
2066
2065
2062
2061
2074
2063
2055
2056
1000
2064
2052
2053
2054
1001
1002
3485
2073
3487
8367
3486
2051
2057
2047
2058
2059
4124
2072
2060
6141
6140
2046
1003
2050
8470
2045
8469
2048
8235
997
8234
5346
8468
2044
8466
8467
776
2049
7489
7490
7491
7492
1968
4949
1969
4950
5090
753
1970
4948
741
1971
1972
5091
5092
5093
1958
4577
1967
612
4901
4084
1957
773
7488
768
758
757
759
4083
4085
2628
711
378
3488
549
381
8120
551
8163
6732
8122
377
382
5336
4972
376
375
680
679
682
681
374
387
676
677
678
710
8162
5337
386
5338
8161
388
553
8160
6494
383
6491
385
555
554
4119
4890
556
557
698
697
4120
5534
6495
6496
6493
5708
552
1545
4301
9371
6249
6250
6252
379
380
9372
6510
6251
5027
8167
6492
6498
8628
384
683
684
685
690
689
4121
8627
6497
686
8626
687
688
696
691
4139
692
4122
693
672
667
669
670
5525
674
673
671
695
694
4892
668
666
708
4300
699
707
700
701
702
4123
704
705
706
703
8119
8173
6161
4221
714
4011
716
717
9366
7508
3479
5518
4784
3608
562
9599
765
5711
766
770
6755
767
769
771
4785
1966
1965
1974
8099
2032
2033
2178
2034
2035
2042
2041
2043
2040
2038
2039
2077
2076
2078
5601
5602
2037
2036
2075
9177
9178
7444
5239
9280
9174
9173
5245
1977
2101
1996
1976
1975
5244
5246
2181
5937
8107
2100
2099
2098
3368
3369
2184
8106
2097
2096
2182
2183
5936
4362
2010
2176
6253
6254
2177
5241
1960
2009
8105
2011
6262
2004
2001
6261
5701
9343
9344
2175
2171
2172
2174
2173
2007
8201
2008
2117
6260
9068
9074
9073
9075
8796
8806
8807
9070
9072
9071
9069
9079
9077
9082
9083
9076
9231
2002
2003
2012
2103
2013
2102
2014
8111
5935
2108
2106
2107
2109
2111
2110
2104
2105
5702
8758
8805
8808
9099
9303
9302
9094
9098
9095
9093
9230
9229
9368
9282
9359
9097
9089
9092
9304
9087
9088
9226
9225
9281
9228
9227
9091
9305
9090
9085
5622
9086
6257
9084
9080
9081
9078
8804
8798
8799
9400
9399
8802
8797
8800
9534
8803
9535
9067
8801
2116
2115
8886
2114
4161
2118
2113
2112
2121
6235
2006
6238
2005
6239
6236
6237
1982
1981
6241
4369
5606
6240
1999
1983
1984
2086
2401
2400
2402
2398
2399
8206
8205
1985
6242
1986
4118
1987
6389
2120
6243
1988
2119
5703
1989
1962
1963
6407
6391
6410
6392
6412
6401
6396
5208
6408
6393
4546
5210
2019
5667
6406
5668
6402
8545
5666
5665
6411
5664
8026
8025
5663
5662
5661
6398
5660
6397
6399
5209
2018
5670
5671
5669
6409
6413
6403
6400
6394
6415
6416
6404
6395
6417
6419
6405
6414
5749
5224
6418
8029
8028
8027
9492
9491
4117
1990
1991
5704
1992
2020
2408
2021
1993
1994
2029
2026
4151
2406
5681
4116
2407
4150
2023
4149
2024
2025
4115
4625
4114
4111
4113
4110
4112
6388
6384
4108
4109
4089
4090
4091
4092
4099
5693
4100
4101
4104
4093
4102
4094
4095
4096
4103
6386
5691
5692
6383
4105
4106
4097
5682
5683
5684
5685
8964
5686
8965
5687
5690
5689
5688
5325
5326
8083
5327
5694
6382
4107
4098
4626
5616
5617
5607
2022
2028
2027
2404
2405
4152
2403
2187
5706
2000
1998
4088
5611
5609
5608
5610
5612
4370
2085
2186
2084
8207
8208
5705
1980
4359
4358
4356
4361
4360
4357
4368
4367
4366
4365
4364
4363
1961
1964
5242
5243
2185
1997
8102
8103
5247
1979
1978
9242
5248
8094
2015
6248
2016
5436
2031
2179
2180
8969
2017
2030
9241
8095
8096
8097
8098
1995
8100
8101
1973
8104
1959
7494
4980
775
772
5216
763
764
762
7483
761
5213
5214
774
7418
561
7493
760
560
550
713
4220
2627
5472
3463
4732
8123
712
4902
715
718
4545
2625
734
736
735
9370
9232
9233
9234
9411
6556
9141
9367
9352
2596
610
737
8914
9364
8978
9365
9363
6825
521
733
522
523
524
529
518
530
4024
528
525
728
729
526
519
527
732
520
516
513
512
514
517
510
509
508
507
3705
511
9214
9218
9219
9215
9213
9216
9412
8278
8482
730
5135
5136
6827
731
515
8629
6557
9415
8630
8631
531
8632
9325
9217
9220
532
6518
8478
8477
2371
533
8476
6005
8816
8815
8817
8818
8814
9277
8813
8812
6006
6007
9278
9275
6004
4222
9279
5963
747
9276
6010
6011
6009
748
6008
754
565
744
745
746
743
8164
8165
606
2626
6000
756
609
607
6001
4984
8635
608
755
9351
8634
8633
611
564
563
738
742
739
740
5089
2071
8465
6831
805
5545
7412
792
793
794
751
791
9167
8644
8645
8646
8146
3490
722
2369
4140
8147
3491
4026
749
5201
3489
5202
750
3492
5198
6325
503
8393
5200
2269
2270
2272
2271
499
5199
498
497
496
505
495
6575
500
501
2366
502
504
8394
5203
6326
7230
723
4219
405
2370
719
720
721
2367
790
2368
780
781
8945
8830
782
783
784
785
787
789
9597
788
786
8832
8835
8829
8831
8283
779
778
777
3525
3864
9413
3524
3523
8833
8834
6830
8415
8775
8776
8774
8497
8044
7550
567
4772
3026
3027
589
8409
8410
6506
5880
5599
626
9488
9489
7235
9487
9486
5899
5900
4372
627
628
4126
568
4125
4514
4515
569
4373
594
595
4513
597
6067
596
2376
5218
4516
2377
4416
630
629
5220
5219
7534
1031
8588
8590
6331
8589
590
8587
591
6328
616
618
617
8591
2372
592
593
7496
7495
4719
5121
1025
1026
3025
1027
614
615
6461
6752
5168
6753
619
621
620
7451
5634
7457
622
5635
8289
6488
1030
6756
623
5636
9404
624
4076
625
6134
1028
5413
2375
6487
1029
5673
2374
4924
4928
6486
9148
4927
4922
4923
4926
4925
2373
5763
8192
9263
5764
8190
8187
8188
8193
5766
5774
4205
4206
2499
2511
2501
2512
2502
7531
2503
6576
2505
2504
8323
9513
8224
9514
7538
9505
8199
8197
8196
8195
5771
8198
2226
6577
2225
9393
7537
5645
8225
5644
6127
9509
8528
9525
2224
8420
9559
6128
2514
2223
7535
2254
2253
7545
6552
2255
6554
6553
2222
6551
7546
7543
7544
2256
2221
2257
5695
6751
2220
2219
7540
2258
2218
7539
2217
2216
6571
8126
7542
2215
7541
4880
2517
4881
6200
2212
2213
2214
4879
4025
9511
9510
2519
2518
2227
2228
4869
2231
8362
9508
7548
6578
2552
2551
4444
4445
4868
2229
2230
2232
6160
5758
2234
2233
2553
2559
2558
2557
2556
2555
2563
2562
2561
2523
2560
2235
2236
2522
2528
6441
2527
2521
9539
9540
2525
2526
2524
2520
2243
2241
5781
2244
2242
2491
2492
2490
2245
2246
2247
1192
5376
6229
9382
6035
942
2572
943
2573
944
949
947
6812
5987
948
950
951
6813
5971
5974
9353
9396
6548
9166
9130
1156
9128
9361
5970
579
5139
5138
1150
1154
1155
6549
5549
1149
5140
1177
5141
2440
1181
1183
1182
5626
4865
5627
5628
957
956
1187
2454
1186
955
5969
954
1180
953
6808
952
5972
5973
5975
5906
5907
1178
5911
4131
4130
5909
4132
5916
5914
4133
6034
6033
5905
6031
6032
1157
924
4134
5915
5817
8717
8716
5918
903
905
9388
8290
8291
8293
8292
8981
5794
9387
6442
899
6466
6465
5812
1161
1160
1158
1159
1164
902
901
900
8980
5554
8424
898
5509
8423
8422
897
896
5511
5510
5513
1162
894
5514
8540
8539
5885
8541
8543
8544
1163
895
893
8542
5934
5919
6516
2345
891
892
5434
7055
2344
2347
2355
2348
5515
2353
2354
2352
2350
2349
2351
2356
2357
2340
2341
5512
2339
8526
2335
2334
2337
2331
2336
2332
2333
5516
2338
2330
5675
6069
2327
2329
2326
2342
2343
2328
5474
6897
890
6896
5433
6895
889
9142
888
887
5806
5932
5931
2142
2134
2141
4418
2138
7431
8556
5425
1237
1240
1239
5643
5642
2153
1238
1261
4392
4391
4931
6028
6352
4930
4929
4932
1247
5330
5836
1246
1248
5839
2152
5482
7506
1241
1242
7507
2154
1249
9133
1264
2156
2155
2151
1262
1263
9134
9131
6499
7456
7454
5709
9136
9137
9139
9138
5846
9135
9140
5845
5710
7465
6002
2143
2133
6003
7463
4419
2132
7461
6503
7464
6505
6504
2361
6511
7462
4217
5490
7467
7466
2365
5698
2346
4216
3480
5256
3481
2144
2145
5345
9200
9201
6377
5633
5632
5344
2324
5343
2325
2321
2320
2319
7449
6509
6508
2293
2316
2318
2315
2317
2314
6293
2313
2312
2311
2310
2309
7447
7416
7415
4377
4376
8762
5487
4379
4375
2305
2304
4378
2300
2299
2301
2302
2298
9355
9199
2303
6135
2296
2297
2295
4374
2294
7448
5835
2308
7436
6517
2292
7433
3482
7437
7434
2291
2307
2306
7435
2322
2289
2323
2146
2126
2127
2290
2128
2131
2139
2140
880
1266
5841
5840
7460
7458
7450
3483
8757
6370
6369
4934
2157
2158
6371
5142
1254
1255
1256
7459
1257
5762
1258
5501
1259
6180
5502
1253
1251
1250
1252
5503
6177
6500
7455
1260
1265
9132
9522
9523
9506
7046
9521
6490
1243
7045
1245
5432
1244
882
881
4218
5928
5927
7468
5930
5929
2364
2362
883
8572
8570
8673
2363
5807
5783
5784
884
885
886
8637
8638
5475
5508
921
920
916
917
918
922
919
5479
5480
8425
8426
9524
923
5523
4381
5437
909
908
5902
5901
5415
904
4303
4304
5917
906
907
5355
5903
5356
5357
4302
5904
910
5598
6514
6512
6428
915
914
911
6513
2811
5999
912
913
5421
5420
8485
5412
5419
2812
5483
5454
6299
5796
5795
2136
2135
7432
2137
4390
6300
5797
5491
8763
8765
6025
4404
4402
4398
4401
6482
6479
5451
5449
5450
6480
5676
6519
4403
5448
5452
6478
4399
4400
6502
4394
4393
5453
4396
4395
4397
8764
8766
8767
8768
6026
4389
6016
4422
5459
5456
5457
5458
6017
6013
4382
6014
6015
6024
6021
4383
6020
6022
6023
5399
5398
4388
4387
4386
6018
5638
4385
6019
5478
4405
4408
5423
5825
5824
5364
5460
5363
5467
5468
5469
5473
6483
5466
5465
5462
5463
5461
5464
5822
5823
5422
5366
5827
5924
5923
5998
6040
9498
6042
9497
9496
8307
6469
6481
6468
9495
9494
6041
5925
5926
5613
5365
5369
5368
5615
5614
5367
5826
4420
4421
4407
4384
4406
3615
4345
581
4417
5405
5562
8012
6769
5715
5716
4606
5714
5406
4605
4789
4788
6255
5719
5717
4787
8919
8918
5718
9104
5543
4129
1741
5563
5564
5725
5723
5724
4128
5721
8243
7441
588
7440
5720
5565
8013
8015
5604
6426
5605
1279
4640
1278
5570
5567
5568
4433
4432
4323
5596
4324
5597
4431
4325
6815
4430
4326
4429
4427
4327
4428
4328
4441
4442
4330
4329
4440
4434
4439
4443
4438
4437
4435
4436
4322
4321
5569
2580
4639
17
5833
7359
5697
5834
16
2124
586
5739
6182
5591
5590
5589
5588
5595
5594
5593
5592
5580
5578
5579
5577
5582
5581
5584
5583
5585
5561
5560
5576
4768
5575
4424
4423
5587
5586
5571
5574
5572
5573
9274
9273
9272
6816
6234
5726
585
4016
4017
7439
5566
584
8014
4316
5722
5287
5727
5728
5285
5286
5314
5313
5732
5300
5299
5312
5311
5735
5733
9204
5734
4318
5736
8274
5737
5310
5308
5309
5307
5315
4319
5738
5731
5302
5730
5729
5305
5304
5306
5301
5303
4320
4317
5298
5290
5296
5297
5295
5294
5293
5292
5291
5289
5288
587
583
1356
582
4086
4410
4347
26
4409
4348
4065
4346
5064
3614
5063
25
4446
24
5062
5065
5061
4066
6181
5913
580
5912
5910
5908
2567
8987
8257
8974
8256
8258
2566
927
925
6515
2568
926
8450
8222
931
930
929
6037
928
8686
6580
2578
932
933
8690
8691
8689
9592
2579
934
8688
8687
8215
6038
2575
2574
2569
6036
2571
2570
935
8692
936
937
6228
5375
2543
2535
2534
8684
8210
2533
2532
8211
2531
2538
6166
2530
2536
2529
8681
8682
8683
8685
2209
2208
2207
2206
2537
2205
6167
6142
2204
2203
2202
2201
2564
2554
2546
2545
2547
2544
2540
2539
2550
2548
2549
5759
2541
2542
5374
8695
6814
6579
2577
2576
8694
1167
8693
1166
1165
938
940
6227
939
6811
6809
941
946
945
6810
8396
8397
2494
7319
2488
7320
2487
2489
1174
7318
1193
5631
5630
7321
5071
1191
1190
1189
1169
6165
1188
1170
1171
1172
1168
1173
5629
2497
2496
2495
5777
5776
2498
5778
1194
6131
1195
1196
2486
2483
2482
2480
2484
2479
2481
2463
2462
7341
2459
1202
2472
2470
2471
1203
8228
2466
2465
1205
1204
7342
2458
2468
2469
2467
1221
8523
8516
2464
8518
8583
8826
7533
7532
5949
4896
4898
4897
1084
2455
2456
4227
2262
2457
566
2259
4199
7498
5621
5619
5620
2268
2267
7497
4882
2261
9447
9448
9449
6507
6063
2266
2264
2265
9445
7499
9446
9558
5946
2263
8527
5947
2260
5948
8226
7536
8600
8602
8607
8608
6047
6046
856
6045
854
8184
9043
9236
9042
9331
8186
9044
8185
9041
8606
8605
852
8604
6044
853
8603
8601
8599
8598
836
8302
8301
8303
6049
6050
6048
6304
8048
6062
835
8047
8046
8045
6064
6066
855
828
8597
8596
7527
6829
6826
9223
6828
7479
7525
7524
7523
7477
8300
7475
8299
506
8550
8551
8552
8414
7476
8297
8298
7474
8594
8592
6288
3579
859
858
857
8593
7480
7481
5519
7419
5819
9194
6302
7478
7526
7528
7529
9512
8595
823
5713
5712
5658
827
825
824
817
821
818
820
819
814
8241
8240
8239
6574
813
815
5894
6051
6052
8080
6053
816
822
826
829
5895
833
830
831
832
834
5657
837
842
5656
843
844
845
846
848
847
851
850
4466
5371
5655
841
840
838
839
849
5765
5769
5768
8194
5779
8530
8529
9490
9519
9520
9517
9518
9515
9516
5780
5772
5773
5770
4798
7500
1471
6332
3013
1300
3012
1231
411
410
1045
1472
1299
7501
3014
1044
9018
6450
1230
18
2565
1536
6152
6154
4893
2584
1283
2583
2581
2582
1280
1281
1282
6153
6155
1527
1537
1232
6151
6156
1532
1528
1535
8216
1529
2585
1533
6807
1534
9587
7032
1538
7033
7029
2589
2590
2592
2591
7027
2588
7031
1539
7030
7028
8904
8906
8909
8905
8907
2586
1530
2587
6806
8908
8910
1540
1541
7026
7585
7587
7582
7581
6172
1469
1468
1467
6799
6801
6170
2595
6171
6189
6188
6187
8571
6184
6185
6186
2594
6190
9267
2593
9266
1470
8272
8273
6805
6173
6175
6796
6174
9125
9596
9605
8933
9604
6176
7583
7584
1608
7586
7588
7589
7591
7598
7600
7593
7590
7592
6075
7603
6074
6195
7601
7602
5249
7612
6076
6080
7611
7613
6078
6079
6082
1733
6196
7606
7607
7604
7605
7620
7624
7625
7634
7630
7629
7633
6451
9483
9482
9481
1515
9485
9484
9439
6452
7619
7615
6081
7608
7610
7609
6077
8696
6083
8697
7621
7617
2624
7614
7618
7623
7616
7599
7622
7626
7627
7628
7631
7632
1514
1513
1511
1512
1510
2641
2640
2639
1509
2637
1508
2638
1727
7597
1506
1502
1503
1504
1505
2665
2689
2690
2695
2701
6345
2694
2702
2703
6448
2692
2642
2693
2691
8699
8698
2664
4983
1507
5354
7596
2629
7595
7594
2633
2623
2631
2634
2635
2632
8113
1499
2677
2679
2678
2672
2670
2673
2671
6065
2674
8927
2675
2676
8115
1500
5318
1501
2630
2668
2669
5317
8114
8112
2636
8247
4999
4997
1607
1498
4998
6433
1606
1497
1495
1496
1494
1493
1492
1466
1465
6183
1464
6169
6797
6802
6798
6800
6803
6804
7470
8568
6192
6194
1289
6193
6191
8567
1284
1285
7473
1287
1288
1286
7471
7469
6213
6214
7472
1290
1354
8650
1291
1292
1293
8651
6453
6438
1294
1355
6440
6439
4877
4876
8656
8401
3587
8657
1295
8655
1352
8402
1298
1353
8654
1296
4878
4875
4873
4874
1297
8653
8652
4870
6215
4871
4985
4872
1351
4993
1955
4990
4991
4992
6435
1437
2188
2189
9600
9380
1440
1445
6436
9499
9500
1438
9381
6437
8350
4994
9406
9407
1348
4505
8117
4504
1349
1350
4995
4986
1346
1347
8562
9405
5828
6501
1326
8649
8395
2899
1345
9264
5321
1956
6148
4506
4507
1275
4127
7389
7390
1941
6282
1942
7393
7392
6281
8392
7391
4856
4511
4508
649
7388
5192
1274
4509
4510
2392
6217
6220
6219
5154
7381
648
647
646
6832
6233
7380
7382
6216
7385
7386
7387
7383
7384
6218
637
636
635
4512
8378
634
6457
640
641
639
633
638
642
6212
8622
632
8623
8584
8621
631
4864
8375
656
5832
657
664
659
663
6068
661
662
660
658
599
4906
665
2390
4907
8374
8373
3262
9160
3261
8371
8372
5865
3263
6211
3260
5540
6558
8533
9575
6210
9574
3259
5863
5862
5866
5864
8388
6559
6295
8387
5859
5860
5541
5861
8616
598
2379
2378
2380
8615
8614
2382
2381
5320
8399
2383
2384
5955
600
2388
2387
5639
8532
2389
5954
4771
601
8672
3053
3052
8561
5953
2385
5640
2386
9290
5952
4087
5951
2606
4770
2605
4208
2609
3179
4213
3009
4192
3010
6027
4557
6110
3215
3011
9580
4857
9385
3064
3066
2999
3000
3001
3002
3017
3019
3018
3063
3016
3062
3061
3060
3057
3056
3055
3065
4544
3015
3219
3218
3226
3223
3221
3220
3222
3003
6245
8611
3004
3255
3022
3256
3021
3020
3253
3254
3252
6247
6246
3005
8612
8613
3225
3224
6043
3216
3217
3227
3231
3228
3238
3240
3249
3241
3242
6149
3243
6232
3244
3239
3248
3247
3250
3251
3245
3246
3257
5843
3258
6221
8238
9577
7765
7764
8230
3229
6203
7763
3236
3233
3234
3237
3232
3235
5435
3230
3006
6310
6309
4755
4982
8295
4981
4656
3378
6685
6675
6683
6692
6688
6686
6691
6693
6684
9384
9383
8296
6680
6681
6677
6679
4287
6665
6658
4754
4752
6659
8294
6660
4750
5193
6667
6666
6668
6669
9392
6674
4751
4753
6673
6671
6670
4760
6893
6672
6662
6661
6663
3379
4285
5074
5073
5077
6476
8454
4595
4209
6653
5082
5083
5084
5079
4210
5080
9438
6652
5081
6655
9271
6650
6657
6644
4746
9143
6656
6654
6649
6647
6651
6648
9235
6643
6642
8730
4530
4523
4529
4522
6645
6646
5155
8511
6664
7693
6676
6308
6682
6678
7694
3377
6689
6687
6690
6713
3376
6711
6699
6710
6039
6709
6712
9386
6704
6706
6695
6705
6694
6700
6698
6701
6703
6702
6697
5979
6708
6696
3375
6707
4486
4487
6717
3373
4483
7684
5342
4488
8715
8714
7761
8713
8712
8711
8710
8709
6330
3159
6162
9408
8708
6340
6163
3209
5153
3213
3158
4197
3154
4195
4196
2994
2993
3208
3205
3204
3199
3198
2992
3201
7753
7754
7755
3197
3200
3196
3195
2991
3202
3192
8084
3153
5017
2990
5018
3374
5252
5251
3652
3650
3752
3651
3653
3649
3765
3764
3763
3658
3660
3661
3655
4584
4585
5125
4519
602
4288
5379
3149
3150
8750
3148
3151
3152
4586
4518
4289
3180
3181
603
4792
4795
5258
5240
5257
9036
5259
5272
4794
4793
3182
3193
3212
3190
3186
4759
3185
3184
4534
3211
3191
3194
3203
3187
4531
3189
3206
3188
3183
3207
605
604
2987
2988
3210
4554
4552
4553
9579
9527
8043
5127
4532
4533
3160
3155
3156
3161
3157
2995
2996
2997
3058
3059
3054
4543
3067
2998
3068
2989
1235
4591
4193
1234
6269
5113
2608
4592
4593
2607
1233
2978
3069
2977
3023
2976
3070
2975
3024
5537
5538
5539
5659
2974
3073
3072
3074
3075
3077
5672
3076
8525
3071
6349
3028
3051
3029
3035
3030
3034
3031
3033
5988
3032
6350
8081
4996
4967
4968
4966
3047
3044
3043
3042
3041
4242
4243
3046
3050
5559
6164
5536
3048
3049
3045
4965
4183
2973
3036
5886
6132
9289
5273
8871
3037
5484
8877
5524
3038
8428
8429
2603
4235
3040
4203
4184
3039
9398
4185
2602
2972
5119
2613
4186
2612
2611
2604
9324
3175
3174
3172
3171
3173
3170
3169
7521
2610
4282
2982
2983
2984
2985
2986
3178
4244
3177
3167
613
3166
3176
4964
3168
2981
3165
3164
2980
4541
4689
2979
1038
1035
1037
1036
3130
3140
6449
3129
3133
3134
3596
3135
3127
3126
3132
8006
4305
4822
4820
4821
4825
4826
4827
4824
4830
4828
7979
7977
7976
7974
8003
8001
7999
7995
7993
4292
7992
7998
7997
7994
7991
7996
8000
8002
8004
7975
3119
7980
8009
8007
8005
5270
8008
7981
4831
4829
7982
7984
7987
7985
4832
4833
3123
3091
4562
4569
4573
5120
2601
3143
4574
4835
4834
3138
3144
3142
3122
3121
3120
3141
3139
5044
7988
7986
3136
4840
7983
4823
4277
7978
4461
4817
4818
4813
4819
4812
1455
1454
7869
3128
3131
7857
4560
4230
9476
9477
6159
4688
8263
1040
3740
6137
3137
8365
8364
6136
5016
9032
5227
5228
4679
4678
6888
6886
6885
6883
6881
5066
5013
5255
4598
5014
5015
3113
3114
3115
5226
5225
6887
6390
4686
4687
3750
1550
1590
3736
3737
4491
3749
4609
8381
5978
8379
4542
4015
4202
5980
5983
5985
4802
4014
5982
5986
5984
4801
4613
4800
5981
4611
7846
7847
4610
8125
4612
4614
3734
3733
3732
3739
5966
5888
5889
4894
5231
3731
6055
3730
3735
4838
4492
4147
3741
3746
3748
5965
5335
3747
3742
5446
4146
3745
3744
3743
4145
4148
8582
3738
4081
1039
4144
4664
4597
4905
4904
4658
4659
1589
1588
4796
3751
3762
3657
3646
3654
4596
3648
3647
3761
3645
3659
3644
3656
3643
9598
4661
4660
4657
3663
534
4668
4663
5389
5388
4547
3665
6870
5387
4548
4962
3662
3664
537
3666
4672
5352
8837
8517
5349
7972
4173
8519
8520
7827
7842
9206
7825
5360
7824
9205
9207
4166
4493
7823
4164
4163
4162
7826
6133
4165
9020
8386
9456
9454
5133
3298
4662
3299
7845
9457
9455
4947
9479
8236
9265
9584
9475
9319
9320
9375
9480
9376
9377
9101
9209
4167
4911
4909
4744
7819
6138
7818
8897
7821
7822
9013
9321
9322
9529
9323
4910
7817
9012
9208
4309
4168
9011
7815
6463
7816
7820
9014
8130
8134
9313
9119
9312
9318
8138
8139
8137
9317
8136
8135
8133
5072
4685
7445
9316
8132
8131
8128
9314
8129
9315
8127
7739
4468
8321
8057
3595
5002
5003
4229
4159
5001
4228
6882
6884
8534
6880
6879
6878
4135
4342
6876
4344
6874
7856
4970
4971
6877
6873
4136
4343
9389
5004
7864
6875
5005
5006
4589
4590
7871
3370
4643
7888
7887
7883
7878
7877
7749
7748
7747
2600
450
7126
7750
6335
1479
4561
4237
7752
3634
3633
7751
3635
2967
4465
4588
2968
5009
7858
5008
4341
7872
5183
7885
7884
7880
7879
7875
7874
1526
7971
6364
7873
4464
7876
7889
7923
7922
7918
7920
7924
7919
7892
6365
7925
6366
4631
4630
5030
5029
4628
7917
5031
4629
4638
4637
460
5114
7938
449
9440
5921
6914
9441
6296
7127
6910
6907
6906
6903
6904
6905
6908
7966
7965
5012
5011
7967
5187
7963
7964
5034
4617
6244
8320
5233
7939
5035
4620
7935
7936
7937
9373
9374
7962
8319
4413
1463
5097
7961
7959
7958
7960
1462
7941
7942
5033
7940
5032
1461
7949
7945
7946
5250
7921
4635
7950
7953
7951
3642
7413
7952
7954
9606
2616
8885
2615
8884
2617
2614
7926
7955
4412
7928
7927
5188
9451
709
4411
7956
1549
7957
1547
7934
7931
3078
3079
3080
3162
1548
4371
5938
5104
5939
1546
3163
559
5128
558
4231
4035
1459
3084
3082
8435
8920
4233
9193
9064
8921
8932
8931
9326
9327
9397
9062
9328
9414
8180
8179
8176
8259
8174
9060
9452
9052
9053
9051
9050
9048
9049
8848
9055
9054
9061
9059
9058
9057
9056
8849
9349
9348
8850
9409
8237
8178
8181
6258
8182
9458
8370
8175
8177
6259
8183
9063
9196
8276
9197
9198
9195
9129
9378
9379
9531
2969
4555
9395
9203
2970
3100
3083
6985
8369
6179
6178
8368
5340
5339
8434
8404
3101
8432
8403
8433
2971
3099
8431
4914
8229
3088
3097
3147
3146
3145
4187
4576
4189
4575
4188
3095
4563
3096
3094
3098
3092
3087
3093
3090
3089
4571
4572
4567
4566
4568
5271
3118
7990
7989
3117
3116
5100
5099
5098
5101
5102
5103
8573
4559
4570
4564
3085
4565
3086
5814
5341
3081
4232
1458
1460
4034
4027
1041
4032
4033
1457
4268
5126
4211
1482
1480
1481
3112
3632
5517
4298
3111
4297
7860
7859
4296
7861
3109
8609
1456
8610
7863
4293
4294
9546
5370
7865
7868
7867
8581
7866
7870
4816
4815
4811
4814
4810
4587
7862
5007
4190
8209
4463
4462
4191
4169
3105
4295
3104
3108
3103
3102
3107
5424
5112
9362
5010
9418
5111
7886
7882
7881
7890
4495
7891
4494
7898
7903
7909
7910
7912
7911
7913
4841
3110
7915
4214
7914
4790
3106
2966
7916
7933
7930
7932
7635
4634
7929
4633
4632
4636
7896
8810
7902
7904
7908
6363
7905
7906
7907
7900
8811
6231
7901
7899
7897
7895
7894
6362
4496
7893
7948
9416
7947
7944
7943
546
6909
4291
6901
6900
4259
404
6923
7012
6920
6924
6898
4255
6899
7011
6918
7696
6919
6916
4866
9111
4239
4194
5085
4040
6604
6603
6605
7553
6911
4042
4041
9108
6891
9588
3551
8118
402
403
5042
5195
5022
4182
5096
6939
4449
3598
414
6932
419
412
6925
4675
5968
5108
6926
5109
6927
4204
5110
5021
5023
5024
5124
5957
5025
5043
6938
6936
6937
3610
7044
6974
5095
4281
6975
288
5094
5438
6273
4280
3554
7122
7123
7124
3627
7121
4265
7036
7078
3556
8317
8318
5236
8316
7074
7072
7073
7089
7075
5069
5070
467
2167
2123
1433
7086
6144
7083
2168
7082
7081
7084
2169
6150
7087
2170
7088
7111
466
7108
7102
6980
6979
2122
7085
7112
7067
6012
7069
7068
7048
7057
7059
7113
493
494
7110
360
7106
479
480
4448
492
490
481
487
359
298
7065
6954
6949
9471
8846
9469
9470
7132
7062
7060
4957
7066
7131
299
9474
9453
9473
358
6432
9459
6431
6430
6948
309
9466
4624
306
4623
307
9105
675
9106
308
9358
9460
6429
7133
7130
9462
9461
9465
9464
9467
9463
9468
486
4269
484
7090
7091
7093
4271
7095
7096
7092
7098
7105
7104
7107
7103
7101
7100
483
9532
9533
489
7097
7094
485
9472
482
7099
488
491
7109
4270
7058
7056
4299
302
303
301
292
293
286
296
3611
7042
6970
8023
8412
6207
3548
6208
6209
6941
6942
6943
6933
6935
8844
4082
7043
7041
289
287
5404
290
5041
294
295
4867
363
297
3626
364
362
9109
469
5152
9110
6889
6890
458
6999
7000
442
4238
6993
9107
6989
7009
6990
5359
6992
6987
5358
4721
6988
6998
7001
441
470
471
7010
6922
7003
7004
473
472
7006
4260
7005
7007
4258
7008
4257
4256
6902
477
6351
478
475
476
474
6986
4692
5186
5185
7002
7013
6917
6921
6915
6997
6996
6995
6994
3706
6991
7025
9420
9419
8411
7040
7014
7017
5319
7016
4473
6344
7038
5151
8413
7039
2159
7037
2162
2163
2164
5086
4225
4224
2165
400
2083
2082
399
2166
401
398
8082
397
2160
4474
2161
396
2081
5361
8720
2080
8721
4472
5026
7015
4582
7024
4583
7023
7022
7021
4499
7019
7020
4498
4500
468
4627
7018
7125
7080
7076
4198
9421
7079
5028
7077
3603
7070
7035
7034
5068
7071
4974
7120
3597
7117
7115
5040
7114
5039
7051
6339
291
7119
7118
7116
305
304
5403
7050
7049
4349
3625
4350
7061
7063
7064
6951
6952
6953
6950
300
3753
3580
6946
4973
5232
6944
6958
6945
4601
4602
4603
4600
4252
6957
6341
4180
6955
4138
6956
4470
5753
4471
5441
6959
4079
4078
4077
6342
5036
5131
8250
6967
3550
3582
4618
4080
6963
4029
5752
5813
5020
6964
7811
131
9113
7812
9114
4740
4450
4451
7813
4621
8166
8782
5230
4674
6337
6338
7788
4622
7789
9027
9030
124
9031
9029
9001
9002
9039
8994
5169
8537
4310
9256
9202
7516
7517
3530
121
122
8991
8277
116
117
108
5260
5274
118
8242
119
114
3367
125
3529
120
7518
8569
7515
9153
3684
8924
9149
3683
3682
3681
123
8923
4279
2914
3680
3675
2915
6276
3679
3678
3676
3677
8759
5229
2913
2912
2919
8781
2911
2910
6278
8922
2909
5237
9045
9243
9578
9102
9103
4933
8536
8142
9046
2918
9246
9257
3641
9010
6385
9028
9000
5600
6387
8990
5177
3640
9016
2908
9003
6313
9033
9034
5996
9150
9021
3639
4307
4312
4311
9009
5175
2905
2901
5176
9601
2902
2903
2906
2904
2900
2907
9005
5174
9004
5997
8996
9006
9254
9251
9252
5234
5235
5172
9255
1591
9259
5262
6312
9047
9260
8998
2917
9169
9250
9249
9248
9247
8999
8405
9244
9245
8141
6424
9171
9040
9170
9038
9154
9007
4757
6291
3667
9184
9120
2916
5170
5261
9023
129
9258
8271
9253
5173
4315
3669
2892
8760
3668
2819
4251
8997
5171
9100
5995
8995
4763
9015
9261
3674
3673
3672
2516
8876
6290
9026
8993
8992
9126
4912
130
128
127
126
9602
7798
4262
4261
7810
9369
4264
4263
7799
7797
7794
7793
9096
3628
7809
5844
7808
7800
6348
9335
6347
7802
1582
7796
5197
7801
4062
4749
4060
4748
7803
4747
7806
4137
9112
7790
3577
3574
8986
3578
8421
9286
9115
9287
9176
8985
9288
6520
7174
7165
9593
8493
8494
7163
8492
9191
7164
7162
7161
7160
9210
7158
7159
9116
7172
9337
7173
9548
5707
6420
8484
8416
8417
8011
8010
8255
8418
8419
9024
9547
8214
7157
8212
8213
9147
8558
8249
8559
9123
9122
9145
9124
9144
9146
9212
9211
9121
9187
9346
9347
9175
8560
9345
9431
9426
9425
9594
9595
9432
9433
9435
9427
9437
9429
9428
9436
9430
9434
9284
9283
7554
9285
8795
8794
9192
6324
8231
8232
8447
8448
8438
8852
8851
6754
7791
3594
7792
9152
7795
196
4061
197
7804
7807
7805
4619
3630
3552
4059
3576
3629
198
6965
6966
199
132
4714
7134
5132
5740
5393
5741
7135
5742
5743
8843
7052
6973
3600
3553
6971
4884
6962
8253
8254
8252
5204
8251
6961
6960
6947
7047
6968
6969
4920
6206
4615
6095
6093
6094
4616
8836
3604
3549
3622
7054
7053
6972
4734
4735
8382
4737
6297
6940
6316
6317
6318
4733
4736
4738
413
417
6934
4074
416
4889
4888
4887
7175
3637
7177
3581
418
420
7137
415
4883
8430
7154
7140
4038
4155
3571
7139
3638
4969
7136
5058
5059
7128
7138
7141
7143
7145
4335
7144
7142
3602
3599
5130
7129
6930
4891
6931
3624
6256
6929
6913
6912
4181
5194
9572
8977
8159
6928
9410
3593
7147
2622
7201
4157
7149
7203
7204
7206
4075
7205
7202
4308
4447
4351
7146
4156
4158
7156
3609
7155
3585
282
7179
7180
422
427
281
3612
3125
3124
7189
3589
279
280
3590
7184
3601
7213
7188
3616
7190
4791
310
3613
311
7187
7178
285
7176
5395
5394
5950
7186
283
284
7152
7153
7181
7182
7148
4919
7151
7150
7200
7185
421
5057
7183
4956
4955
3591
3592
3573
4339
7214
7211
4331
5019
7216
4338
7217
423
7220
429
4336
4337
7218
444
7212
7209
4332
4333
7210
428
6333
7208
7207
4334
7215
7219
7221
4951
9151
4954
7223
4952
4953
7225
5129
7222
3575
5123
361
424
7224
5440
5329
5328
7233
4727
5134
7232
7231
4726
7234
7338
5674
7704
7705
7706
9182
9181
9180
7712
9179
7699
7700
7701
7702
5414
7703
7697
7698
7787
6977
6976
6978
43
44
4722
4913
42
181
1585
5700
5699
5380
10
191
391
1523
1517
1516
175
79
78
77
76
27
7339
7340
3
41
8779
216
6230
4915
106
4769
0
