0
1146
4801
2995
6964
671
45
2989
8177
2988
7994
11591
280
4584
8116
8258
1790
4993
4115
6389
141
6334
8715
6349
400
4836
6641
6354
2560
4119
1745
4620
8286
4793
10845
6019
3183
4485
4271
4539
7059
1888
4235
4454
1943
4126
8305
4392
7261
4380
3173
6189
9190
561
4273
6547
9262
4788
3157
2199
8280
3829
887
4501
3154
4490
3156
4551
1539
2088
883
6309
8726
6335
11859
11125
8278
6342
6001
2593
9209
5748
2819
504
1665
6381
3174
4758
8368
9260
10860
503
32
2038
1835
9149
10621
2089
10622
8246
6894
2039
1409
505
4227
4438
10620
9876
9121
4426
194
506
367
10280
35
9911
886
3003
9602
2126
7984
11370
10065
9875
10076
3005
36
665
1658
11087
1660
2154
7754
586
7326
2209
6902
2081
10074
2036
9098
3002
3159
662
3155
3000
7283
9060
6
839
10580
7000
10581
6372
2814
1321
7978
4542
7981
2151
9174
11111
10071
6538
7977
4765
7314
6741
3827
6148
5744
6149
2818
6147
8745
4522
7986
2037
8746
577
4230
6132
4240
6169
3823
6168
888
185
145
9147
7345
6089
4279
2242
167
8347
8747
7116
8943
3242
7979
8529
6052
4583
913
6116
1933
6133
6049
4514
11852
10824
391
11509
6055
2159
6048
10965
29
6365
1845
9046
9191
10264
3180
246
4228
3252
9120
10265
8222
10825
10213
3945
23
6135
3177
6119
2805
6151
10623
8341
7343
6188
7342
4425
7344
2993
12
4837
10542
8257
1924
1311
1614
9913
10601
669
4991
2987
6695
2985
7066
2986
285
1280
7113
668
3239
670
11858
2979
4393
9157
9356
2984
11093
2990
9359
2983
10245
2982
4877
9153
3106
11134
4645
9152
10080
9150
252
10966
2124
2981
1783
9154
4861
9156
2125
2991
2104
9155
10396
9151
2162
8256
9994
9323
9703
666
111
664
690
1325
4528
1324
8722
9910
9369
9912
1871
2633
2095
2632
8371
10587
8526
10254
1910
10251
4592
11430
2751
3004
6307
3001
4049
10588
51
1322
343
1323
4590
3006
1702
11401
6301
6100
8708
6099
5848
4981
4047
4717
2263
1778
6317
7259
5208
7291
4798
6218
10973
10583
2240
10582
9140
7315
4361
15
4659
7181
6398
6855
2276
415
11626
3820
4707
5967
2275
9254
4658
6898
9117
8293
11446
4878
3039
7289
6948
4547
6543
1861
222
4856
560
1141
6092
8379
2274
6866
4803
8142
10011
1896
2198
9705
6380
8273
4545
7897
9375
4186
4442
6702
4475
2821
4761
2820
4511
10178
3247
8687
4983
10179
2251
10175
4499
8686
3246
10307
3250
7372
4560
6701
4463
10719
2204
2827
4796
2829
4774
2834
5215
10078
2187
2835
4785
8054
10029
175
6402
14
6352
140
8100
44
2216
7298
9317
3861
5002
6690
6323
8794
8666
383
9445
2234
6356
226
4866
1162
11522
188
6370
9675
6103
7069
6408
1903
4867
11351
4875
1911
6403
8143
2286
8582
7125
7364
2150
8719
2134
10008
4874
1916
6391
11711
4786
2252
9476
8944
4846
3859
4564
10173
4987
7371
6841
10073
6357
3237
11531
2254
11533
11470
9635
2806
2141
11498
4848
11369
2196
8945
2142
7353
4563
3860
10210
651
11708
9629
5209
5853
6367
7360
4571
390
2248
7359
2152
7070
6359
300
5206
46
2116
10292
5007
6997
6410
148
6316
5
2149
2840
9631
1583
4611
6639
2336
1580
4792
2595
11371
1737
8707
2603
4509
2567
4476
854
9637
1699
2167
10037
2206
8140
1606
4593
144
337
6614
3858
10108
6896
6773
6897
4523
4245
4404
1120
11379
8727
6328
8172
2173
9695
4833
8369
6364
8797
4790
8791
2278
2839
4753
7026
6458
2585
6456
6865
9221
387
4757
10559
9164
2753
9225
6910
6449
1925
9165
3137
8353
1812
9176
6873
6446
7055
9648
512
1837
7057
6455
9800
9166
7058
6082
7200
2629
446
661
2236
6931
4436
6640
11110
2073
4524
2071
11091
3152
11085
3143
4453
889
6315
2557
10733
7791
11378
3187
4540
10268
4506
10077
4561
7895
4441
11665
592
1410
595
3181
4431
7286
4854
7293
4853
7274
4378
1807
5221
3164
233
288
7892
25
10941
8287
1808
10585
1687
4474
339
6957
7256
10674
6694
10660
1134
4578
10143
8297
10279
6269
1112
8672
4226
6544
1938
2092
1144
9295
4231
4413
3642
2186
1813
6383
6891
10
6310
17
8019
4550
1822
10250
1686
4437
6219
4076
1156
10384
1157
1537
8018
8118
1827
109
1824
10033
350
412
1814
4036
1598
4492
1793
2241
1945
4579
2815
4615
6028
2272
2844
4623
6027
4612
2807
9296
10427
9792
8374
1834
6273
8709
1829
4530
6696
9354
1786
4998
7904
7126
8763
1774
2833
4841
2828
10418
5978
4764
9694
617
8792
6430
6043
1823
8114
1831
6609
11497
4566
510
4760
3203
10870
419
4824
6645
4435
6643
4543
1132
2120
19
4548
2571
2279
1932
4421
9265
583
2070
2203
2832
2112
3161
6433
2578
6850
1717
4382
630
4541
2565
4546
1714
4360
10151
6406
108
11807
1166
4588
8139
6348
8784
4990
5944
4989
8798
11088
8793
6407
11594
4835
297
4996
10001
9644
9197
2118
11169
4685
8536
6440
6912
4746
8148
4742
1803
6442
20
11842
7267
4663
6965
4737
8378
6314
8585
11357
7268
4838
6977
55
7263
11717
1154
11373
1789
6226
107
4123
8133
2096
8137
4797
6706
6418
10003
6427
9997
4128
6905
8932
9991
4831
10113
6343
264
11622
11593
6495
9692
10420
11644
10211
11592
2137
1785
4427
6911
6303
8515
4385
1828
8690
3857
365
4626
9208
5850
10031
9791
8752
174
11449
5000
1784
2219
8112
6277
1601
10736
1795
4770
9665
8673
1716
4844
6933
6319
1725
9999
424
152
8166
10106
1605
7893
284
4673
1766
4672
1151
4664
7241
4661
1809
9272
2183
10030
143
6421
9192
2189
8146
10010
8787
4882
8136
4800
5964
6332
6872
4775
1776
4830
1923
4814
293
2296
11079
1685
287
1689
10287
4627
7899
6271
1838
5943
6279
6875
10208
1788
376
2576
11789
2327
4995
2747
4828
6881
4829
276
11547
5980
4988
1906
2243
511
9658
1839
4554
10267
4521
10266
4507
2849
6460
572
9135
6851
11508
59
114
11424
5830
11422
195
11423
5829
457
212
11362
57
11421
10014
8577
96
918
9374
832
4412
8574
10293
1517
7129
9217
241
9808
1522
11064
2172
132
2208
131
849
8750
333
129
116
8924
4582
1191
92
8922
321
10116
6012
2022
6951
1594
11507
3139
6152
2158
11808
4
3256
7316
4581
1659
6732
11851
4410
6047
3255
896
11086
9601
6840
9230
11112
7317
2115
7988
4840
10064
2100
7985
11113
7277
8144
9175
585
7980
2164
7983
2594
34
5879
37
539
1863
9141
3815
9136
10589
4570
10278
575
915
9143
7357
11338
2640
9123
8169
9052
1909
10974
2294
6160
8344
9627
584
9501
7285
11455
1721
11456
8725
10506
6963
6176
4354
10514
3175
10496
8702
10512
1117
10511
9654
10513
69
10510
4960
10508
6930
10509
9370
10507
1715
10515
1578
6163
1581
6739
8925
9502
904
6155
7280
10518
11735
9503
4368
9051
7092
10517
4489
10516
7275
6150
4415
6734
8760
8900
517
9122
11375
9144
1907
9083
1947
6429
9666
9877
5828
8058
914
7007
440
8270
6859
5907
6707
5749
6021
4799
447
507
444
11103
8914
5747
7017
8340
11687
10395
1664
11356
7747
11104
27
8248
416
11334
4154
10400
7382
9591
406
6090
1575
6532
2337
9137
4479
9145
1879
9228
6980
9146
331
4181
1585
6123
8294
6716
1832
7165
1866
10900
1891
6721
8372
267
6046
4779
1657
9280
2811
9901
6054
4538
6051
6549
912
9657
6045
9674
6044
8104
6053
9660
6050
6550
6000
2169
11843
396
2074
8101
9203
9043
9347
9115
6632
1318
10306
3057
10072
11336
2823
3047
2825
3072
1101
8903
10602
7048
2752
3056
1748
3061
6909
3063
2749
3067
2575
11590
1408
10968
4483
10967
4498
3062
11872
10963
11662
3059
4500
10964
2847
3064
9633
3065
4625
3058
4496
3053
10720
3060
9358
3055
4462
3052
4762
3043
4529
3044
2846
3048
4576
3051
4503
3046
9357
862
7003
860
4493
861
10075
3045
2812
859
10744
9628
4504
6740
10590
3038
9348
161
9193
6167
4268
836
6693
6727
4984
3944
2804
3943
9246
6136
1167
6131
1556
6767
11380
6120
18
3942
1137
10203
4099
2128
4100
11506
3165
9594
1661
4768
1663
4520
1662
10975
7204
9139
6842
6122
578
9118
4388
9119
11664
11678
11095
7993
4811
815
10015
1451
2215
828
8191
3645
3210
8097
1518
7463
3644
49
11280
848
9807
95
10096
1521
9921
4809
239
2228
8901
10768
9319
10592
9274
2178
5004
8711
10634
8300
379
176
10864
11696
2136
2181
4849
7351
10028
11681
4847
6278
4585
557
6329
11450
4806
255
4862
7996
4864
6996
4871
5961
5003
8800
6336
1895
11806
4153
4598
298
6889
8538
4569
296
9481
8170
5010
394
4858
10229
4767
11221
6414
1876
9207
1878
9662
881
4879
11464
9273
1844
647
6776
4662
4225
3254
1920
9482
8721
6608
11540
9292
211
9038
8796
9373
22
2090
11352
4859
10835
9632
1900
3251
9681
2174
8664
2195
6879
907
10859
4127
9693
4603
10857
158
1102
2113
11674
6311
7010
10205
90
6321
3812
5008
7016
2218
7009
11354
9679
5223
11078
2211
9610
11124
8149
8094
6675
11700
6674
6833
6672
397
2830
10066
11469
2185
10199
4526
8291
2123
2756
11625
2650
6890
8135
1810
3813
4630
8762
11530
843
6927
2746
8
5001
6925
6385
6926
5006
8717
11520
1811
4619
8723
4702
1634
11444
11847
10152
6921
8030
2024
523
943
8354
10095
4695
1604
3831
2926
2837
10301
11290
2925
4795
2928
11342
2929
4424
2927
2293
2930
4780
842
7381
10302
4605
6032
6411
10081
6360
6698
11358
11222
633
2599
4639
10142
4671
6778
535
1898
6474
556
9084
2750
537
4243
6088
430
4741
3819
4743
1877
9661
8759
4608
6551
5755
10214
10207
7385
6415
7387
6413
1116
4641
1602
9453
1118
4406
7279
2086
8131
351
7284
4460
1168
3832
1122
2138
8132
4505
1557
2335
10944
2223
8780
2222
10843
4665
1949
7240
2558
4730
4244
10557
4223
4674
3169
4622
4221
10398
3160
4684
1097
4670
10558
1618
6445
7995
6393
6777
10866
1914
6475
7012
4628
9998
2161
6633
10204
8171
4787
3811
2280
10288
6416
7350
4744
2332
4640
410
11585
8764
6350
8289
909
7203
10202
7201
7890
8176
2168
8788
7597
8221
8650
1792
9656
9680
393
68
7891
10933
9646
10905
6966
10855
2132
11679
6361
384
6377
8373
6240
6906
11549
2180
5011
8786
4666
11090
4644
9086
4667
1883
4657
6856
4668
11542
6444
1899
4690
11052
11587
1555
10262
7297
6368
11675
5218
3172
4370
1765
4367
4262
4473
4118
4429
4272
6750
4275
2102
7792
6326
2577
6265
4222
4395
3178
9673
1538
7103
4266
4381
919
10731
1139
1889
1941
4125
2569
580
3135
2129
1617
2246
6858
4805
11680
11797
119
6466
2748
4710
533
4701
206
4703
2068
4704
1185
4705
7206
6443
94
6347
10614
4643
281
4660
8929
9366
7912
2110
2836
9294
2803
9630
2842
6423
2816
4577
6947
11795
1917
11135
1764
11376
6144
4766
7346
4516
84
2244
1931
4390
1939
6340
4233
4537
8928
11374
1586
4465
11291
8343
1752
9645
1558
7004
7282
9372
1135
1892
1944
6392
1140
4517
6654
4434
4260
4456
8777
4629
9243
4531
6770
2108
7164
7102
6955
9672
388
6405
429
4857
110
4816
8370
6439
6648
4478
7370
6268
8713
4573
9362
2146
9360
4818
1897
4532
9996
4759
120
11528
10038
6432
1106
4817
8663
4826
7914
6376
2838
4815
6843
3830
1777
6366
403
1805
8539
6345
1782
6346
3168
1890
1115
4428
1709
2098
6924
3238
1694
4455
1697
4468
8907
354
2602
8704
2597
582
9942
588
7278
6384
10168
4470
7255
11409
2758
4515
1756
3244
10417
4366
1142
11805
3821
10640
1736
4376
1701
8405
7258
10024
1499
4120
1796
10734
8911
1942
649
9245
10187
4246
5220
9189
6312
9266
4122
6710
1886
6117
3138
6737
6705
6130
1720
6388
3185
5213
6700
6274
5970
11792
6031
6730
1797
10397
426
4637
121
9045
4372
3105
2072
11133
4377
6832
5965
8902
1595
6158
10176
6154
6772
6159
6646
7019
2235
6153
4242
6157
4236
3936
7276
3946
589
6156
11734
10978
4422
7018
9669
7021
3249
7020
6687
648
2573
3066
7005
2994
4045
2996
9441
2992
9670
9819
4827
1129
8706
6914
4364
1596
4400
6884
6774
9993
4518
9992
2250
2067
172
431
7128
11343
9270
9363
10088
7056
4618
8552
6331
24
9350
10109
6972
1149
6974
4394
9593
9377
11482
11673
540
11672
6523
9439
6761
1868
6971
7257
6973
4459
9220
10729
6763
1753
6984
4525
6970
4391
7040
9652
7
198
9691
2289
8563
8296
9448
50
6371
7349
1527
7348
5847
1946
6355
3817
4591
624
5844
6138
7112
10286
10940
6937
10610
658
6141
7067
5845
11284
6287
1770
9684
1577
7955
1927
6516
10609
11404
6678
9278
5860
210
1769
11718
1928
621
4048
2590
10119
10091
805
11339
1501
4731
1500
6486
30
6512
939
203
7369
6487
10276
526
1495
6478
1467
247
927
4751
2051
6142
2053
519
934
6982
3259
146
83
6981
1612
522
1758
6476
2023
9027
1506
6477
9289
4729
1760
6508
1469
178
11347
521
1504
8355
928
4725
5999
5754
1571
11719
9604
7465
2058
7466
58
257
8527
4727
3234
8099
1759
5073
1608
615
6683
518
7242
9682
1549
8098
2298
8679
8009
8678
7183
6291
1565
345
1566
1526
10263
6419
5858
6305
2626
6497
8389
6191
5941
269
8388
5929
6020
249
6023
4446
1666
6506
455
11309
1635
6507
8115
6522
1630
6499
7243
9434
1628
6593
1675
273
1468
6531
1757
2055
11629
6190
1683
6542
1681
11670
1656
8530
11632
9432
8583
4712
6022
268
8923
10984
8008
4631
2020
10673
1622
6485
1629
4656
11049
6509
1482
4633
1484
4654
11633
6518
816
4447
1655
6015
1650
6594
957
8676
123
2057
2592
113
1671
6013
11849
8401
1480
6528
11077
4982
1680
250
1507
8096
7231
4719
441
10186
1588
6296
1587
650
10953
9223
127
179
1677
11603
1649
240
7244
4635
7245
4716
7246
248
8415
6280
7252
4974
3273
8410
3272
8012
6146
6295
1637
4634
1593
4451
1483
4444
9895
4653
1632
8302
1491
2284
1490
10983
958
8675
1672
8542
1673
4443
11628
1684
1669
6016
11848
56
8926
271
6008
187
8381
103
954
10605
946
6510
1652
6521
1638
4649
1590
8095
1471
8350
897
336
1653
639
798
6447
941
6461
3512
10102
1647
9224
6922
8532
6919
193
11846
6517
5987
260
951
10607
1645
620
10636
5840
9442
265
7214
157
1644
8406
1641
317
9222
1563
10608
5998
171
532
7191
2261
7190
2256
702
10593
803
200
5989
7044
9284
1524
8531
361
11445
11025
10704
935
6541
253
6760
949
4969
929
8408
6848
6503
10980
6412
1472
1523
1474
10594
1567
10851
703
11571
1569
9312
1690
4733
1636
8409
959
7957
2884
8674
9286
9683
8007
7956
9922
6101
9287
10667
811
4715
2018
33
8677
11627
62
938
4450
679
10669
1646
10639
1654
562
6904
2258
1643
6759
1493
327
6847
5843
799
220
960
1525
942
8348
1479
6289
1481
2260
1485
2290
1488
8015
125
162
1631
4721
1627
6595
1625
6596
10869
10638
2021
8400
8913
6479
8387
10670
8912
201
454
164
8584
10712
377
11101
5942
147
1514
7131
8281
93
8282
97
130
137
456
134
10141
7130
10951
136
8390
135
8391
8010
1626
4967
1624
4964
10868
6505
1515
6502
5959
9311
10952
6435
1667
4732
6024
7883
8749
4750
8748
4722
1670
4646
11850
6498
1674
6592
1486
9282
1487
10101
1489
4980
1492
11311
126
8014
1642
9283
28
6285
1651
4714
947
6281
944
10784
1668
258
622
6283
7189
10714
1476
5839
623
4979
689
4961
940
9459
1475
151
6002
4977
1473
10099
931
9187
804
6511
1477
6500
704
555
1470
272
1496
6480
11026
10850
5069
199
10120
10982
1592
4966
1639
4965
7210
4968
1497
8013
10635
4976
11345
4642
9433
6320
1564
10217
7192
6409
5857
244
6003
616
2066
192
2197
11341
11586
8004
5014
10006
9259
43
11595
1862
4679
1746
6337
10111
4693
7992
6422
10171
2330
6659
8113
6656
9293
11129
1794
3024
4363
2083
4956
6655
4558
3022
9659
6657
6907
858
1189
11552
558
4697
6962
4677
9440
6471
1705
6452
115
11572
7015
8017
9238
4681
9236
6397
5968
4676
1105
224
8165
4872
1840
4680
1919
6660
1922
6658
7107
11128
2184
2131
2328
4124
6864
11548
1905
11526
389
11794
1918
2192
9161
7118
9276
9361
4755
1806
9277
6697
4734
6681
9258
6869
4601
6676
6294
156
4726
8346
8360
6935
11102
3257
225
8946
6513
6670
9431
2270
2069
10416
53
6339
370
6390
1159
4688
1160
6472
10013
11677
413
4812
2225
8757
11123
8524
4610
48
4572
1791
10105
8110
11835
78
6322
8375
2227
427
9365
417
2295
10002
5012
10005
4802
1744
5211
1750
2214
8958
9649
4044
2224
2563
4881
4237
4536
9264
4843
4234
4999
4239
10662
10831
9636
4232
7006
7296
4355
2574
4396
1935
4409
2566
6960
7287
4419
2572
6771
1100
8890
234
6399
3205
6379
9612
9647
8537
6325
9611
9653
1620
2205
7266
1893
1133
10726
9
4957
1755
4778
7188
6217
2559
2103
2562
2143
3162
4389
3131
4773
1706
11105
1700
11167
6880
11798
6181
9655
2813
2237
2826
6369
2824
6967
11472
9651
2822
6330
7906
11836
8766
4595
879
4373
8254
1188
11344
3245
9340
8955
9341
9697
8253
2334
8251
346
481
1881
8250
6276
2634
9352
3015
632
9873
10721
10867
2596
3009
4403
9872
4599
8252
4559
8249
3824
2080
4580
8192
6548
2078
9438
480
9698
2076
1747
2631
6692
4735
11740
4736
291
10675
1099
9275
1107
6290
2166
1761
4414
1582
2147
1726
9297
1502
6324
1554
1894
1707
5841
1692
2257
1703
3240
1710
9638
1739
10260
1696
4959
1749
4399
7292
9483
8781
4575
1743
11355
7295
10261
2581
11811
414
11289
6979
2207
1727
2087
6976
4834
6978
11790
7239
2273
8724
9702
1123
4527
1119
4568
1113
8325
4241
6400
1929
9811
3166
634
3182
2109
3822
4371
10275
8957
7290
9182
1952
1616
8525
7123
8758
4091
8756
7124
2809
11804
11663
534
4265
6118
9367
87
256
9642
263
882
236
7917
7685
4502
6059
5216
6060
4497
7686
2845
7684
6042
7683
2212
7682
8553
7425
587
10901
2060
10087
1940
11114
599
8145
4238
7688
591
10085
4405
508
2101
10086
2221
6635
11126
8274
208
10853
11624
402
6420
8783
4819
6877
4876
1912
11551
1842
4587
313
9643
1621
9353
7182
4461
1114
10730
1098
4638
3136
229
11
2269
106
177
4247
6104
422
7122
1130
6286
2759
2262
3141
7111
11541
6293
1190
11529
10394
4686
2831
4574
9988
4709
529
4675
7347
9023
652
4131
2651
4691
7355
6473
182
4129
6636
6288
66
10827
3206
4130
10934
4822
2998
4482
7168
5982
9874
11791
2997
2160
2999
166
8910
6747
542
6934
8775
290
546
2122
663
2639
9059
6231
9184
1841
6078
7264
9188
7910
6083
11393
2980
2210
10962
7384
543
4621
1723
9229
8753
6490
7071
6469
196
10664
2231
4689
8363
4700
673
4832
1186
11588
7380
6267
10094
4794
8292
6731
916
8892
8255
9380
11335
1904
4745
8309
642
7117
8534
6709
9256
8306
9249
259
9251
2647
9252
3235
4706
190
4720
5852
8356
8947
189
6492
6668
4445
10298
169
7367
8402
835
9267
8948
9247
9613
4747
10725
10198
7362
6494
6903
10739
31
10711
6920
6483
10663
6524
7341
4740
7185
4970
1589
10103
1640
10104
1678
10299
1591
6481
2017
8665
814
4648
813
8011
2016
6298
7253
6014
7186
6526
7187
10703
1682
2054
2591
79
6504
2056
11631
11443
8380
6017
953
4971
1648
9447
1609
6525
660
163
8404
1773
7464
11286
829
442
10947
261
138
7958
6680
514
6669
6139
81
6983
7354
6536
3809
9255
9868
6514
9603
9457
102
4449
8528
8680
1572
202
952
4738
933
332
1562
9456
2052
4975
11477
2259
133
2285
11467
10668
10277
274
932
9279
1561
10606
9497
6484
181
8357
5997
6489
11083
520
1568
9025
9498
217
6018
9435
1570
10154
1611
10672
5859
10713
1505
11570
11602
10604
366
6534
10886
5771
72
7881
7952
7884
1576
833
2297
5905
11173
7453
1503
7450
10945
7451
1498
7887
830
7452
831
2589
2062
7886
1478
7882
2063
7885
11707
5071
827
7962
2064
834
826
7877
1550
7782
10743
7481
7426
10661
7445
7484
10226
11310
10741
825
7783
7457
10224
822
11096
7482
10742
7483
10740
2923
7459
7485
10223
7456
10228
1551
7963
1552
5904
1574
10227
6591
7875
1553
7863
2630
7880
6673
6637
362
4713
324
527
338
6297
11283
8303
1691
4650
8579
618
5979
2283
6682
4962
3818
4724
7184
9446
11405
6491
80
9268
9987
9437
7361
6535
104
6496
6677
2287
6679
9436
5849
10197
7363
6140
7368
6488
7115
9253
7073
4728
2757
9250
806
6441
1548
4973
6004
4978
11346
4749
1688
9271
950
638
948
60
955
245
9443
4739
7234
4718
9218
8349
6145
11402
7232
2282
7230
4651
10098
11403
7233
2281
10097
4652
10946
6401
88
5070
3258
4647
10216
11121
6685
2584
8016
8307
4748
8308
608
528
4669
6686
9257
7119
9226
7894
9288
8407
1695
10100
11172
4448
11137
8403
11733
180
655
139
10423
4963
6936
812
7068
554
11136
619
1623
407
1633
9458
128
65
11630
5842
1676
372
956
408
124
5846
1494
6501
797
7596
1679
4723
936
9285
945
637
2019
7054
218
26
71
122
10153
930
10852
937
10871
7356
10872
7072
1573
4655
657
10281
654
9813
659
6533
5068
4752
10873
6102
7366
8298
11381
880
4614
7248
4683
9664
4606
10591
6482
7011
11285
8908
3007
4416
3010
3826
3036
4433
3037
3825
3034
6923
3049
573
11282
628
3050
4386
3040
509
3028
11166
3041
1704
3030
10735
3029
9314
2082
10012
10981
7238
10036
235
6537
4513
6520
398
9194
594
10172
7001
3023
8384
3026
1742
11337
335
3027
6688
3042
6998
3025
9244
3054
4567
11853
10970
3032
9371
11281
7273
564
11392
6724
10419
3008
6689
6725
1161
11539
10902
160
11082
2077
6958
568
8795
2608
1874
9162
4264
9163
4401
10230
6338
2606
4359
10045
405
425
8657
10090
8174
11287
10858
10089
640
205
1740
10656
4589
4134
11089
4135
4472
10939
82
565
4604
9195
4357
168
10584
6762
1754
6818
2600
9196
4387
4143
4358
4136
1136
4137
1729
4140
4374
4142
10732
4139
629
4144
8285
4141
7202
6728
1599
541
8765
10044
4839
9590
2200
8102
7294
6726
8761
6227
1802
277
9663
227
2264
9595
2156
4138
6282
10253
4458
3031
11377
3035
1875
3033
7254
1319
1864
1320
10177
10252
4440
9198
6029
646
5963
3011
359
3013
363
3012
10598
3014
4553
2079
2220
8361
2139
16
4769
10291
8893
8059
2338
8272
8581
6378
2877
2145
9235
8382
1732
2106
165
10083
8031
4597
1767
9291
1152
3241
1619
4383
3140
2155
7272
2130
2841
2093
1153
4624
282
9261
9677
4696
10007
4708
9701
6467
6861
8894
11170
9368
837
10424
845
5969
838
9640
8061
856
6723
8119
2127
10834
4880
530
4821
2649
6318
8021
6308
1948
2175
6871
4398
6868
5009
5966
6425
8151
11676
2843
2191
1915
4869
2331
4873
8301
4804
10009
11527
38
4617
73
5013
9384
4870
1902
4994
11359
8359
8175
5205
13
9159
8117
6304
2628
5005
5854
524
3814
515
5983
2271
1104
4865
7997
4132
2232
4594
656
4600
8720
4820
421
600
6876
4510
9704
4682
6900
2119
10110
9351
1951
4432
3170
4037
3179
4544
8586
6387
11053
1887
6932
4452
1712
8931
7271
4694
2598
10093
1719
4850
7383
4784
10041
4596
7386
4852
3020
2148
3018
10935
863
7002
3021
1711
3019
4274
563
8023
6302
386
6292
8173
2201
9690
2094
8718
2249
10671
3929
10600
6404
653
4992
61
6895
6327
6892
8953
2233
9668
186
10865
1908
9667
7358
5207
39
2190
9237
4495
7053
2291
10004
2193
3204
906
6857
905
6607
2099
2253
10206
2808
4777
9678
2157
11471
2188
8755
2111
11642
2107
8799
2114
8785
7889
3202
7888
8580
911
7352
6270
5971
4486
1830
598
8283
4609
142
7162
299
6893
8134
6341
8712
10000
8377
4562
105
2239
11067
864
3186
840
1597
8106
9671
5906
4842
10976
8737
3016
8342
3017
8111
8103
4586
8060
4423
865
4267
846
1738
8105
6691
844
2165
5746
9625
8271
1799
8062
4365
9589
4602
566
6634
2607
4411
569
1126
567
6333
6647
3248
4093
6266
6644
4464
10174
4417
8927
11623
6975
4851
1108
4491
3171
5214
5773
4420
11854
4430
4259
6961
1125
4789
1124
2140
3176
10092
7025
6424
11643
4772
1183
4845
10212
4781
420
2153
10586
908
6711
7109
8167
1804
4035
411
237
85
6358
112
7110
3133
5219
2570
10737
884
597
3158
3243
1936
4369
4046
4534
7288
4121
9379
10425
1728
10421
1731
9634
8930
11168
1763
11601
3132
1615
574
3142
1613
11428
4636
3163
6363
3167
6275
1584
6545
2582
2105
11429
4776
1150
4362
2579
636
4224
10738
1131
183
8779
4457
9897
8383
1143
4481
3236
4855
8710
9650
1128
11589
6954
4484
9234
7120
9676
4825
1843
4884
8275
6417
1926
4565
1103
6382
378
10828
8141
2247
6870
4868
8138
2202
278
4480
8782
4613
404
5210
6913
6434
1121
10107
4077
2627
6953
6351
1779
364
1111
1821
4519
1820
4269
1158
9263
1825
1110
1816
6789
1817
6959
5851
4552
1819
9639
1818
4471
1815
2117
1826
2292
358
2171
8152
10209
5981
9480
5960
4860
159
576
11697
4488
11698
7008
2580
7121
3134
7127
423
2266
10032
2265
382
9364
428
2229
401
6386
9700
11525
10290
4823
2325
6437
231
4687
10641
645
2326
4711
10854
643
8304
2277
1913
6468
270
4692
6908
644
6344
6470
9039
4699
2329
4133
347
4616
10118
6527
1607
7042
4555
5833
10051
5832
191
8954
292
4813
7916
6373
10079
4883
10082
10826
2179
6394
8754
9349
6885
11796
207
6426
2176
6431
52
6436
8150
10084
7365
197
6878
5212
399
6375
8109
4607
10856
2583
5217
40
6272
409
6306
289
6362
7898
213
2059
2230
8544
6374
10026
8956
885
4477
2568
635
1741
570
1724
2213
7269
3253
1155
4782
917
9160
7014
8952
41
3930
7027
7043
8005
6539
329
9116
10112
6719
571
559
1184
516
1163
9248
395
11839
1950
4678
2561
6134
1540
9110
4263
6166
3862
6837
2182
2194
1781
2226
283
9088
6143
5222
9990
6121
8705
9138
251
7039
4508
6715
4556
6714
4535
6717
2245
6712
6546
6713
6671
262
10200
9044
1713
9592
4549
11068
9355
9596
9641
9205
11084
10971
581
10300
11288
847
1921
9142
8778
6161
4407
6162
10025
6838
1833
6839
6775
9049
2848
10225
7861
10222
10220
2144
10221
11094
11610
2170
7689
7449
1073
11476
824
7455
7458
7460
5072
7874
8578
4469
1519
910
7461
7876
7462
2587
7878
1074
7961
2588
8029
7879
7454
10219
2
2135
392
11521
9995
2097
154
4810
6860
6353
6863
11523
11712
4487
7262
2238
1780
6428
857
4557
1708
4397
8279
4997
3153
590
6882
11524
6862
4863
5957
2121
1901
6448
1787
6454
1775
8533
10215
6395
7998
6718
10297
8572
10611
6830
6684
7467
9085
7959
4754
155
9087
1801
6085
76
5831
8789
2288
4972
238
6540
1733
6465
6883
6831
1771
170
1772
11220
8950
6722
10770
6720
1800
7041
1698
525
8020
8519
531
1718
8891
10637
596
8290
4985
2754
2163
2755
4418
1934
11372
1579
4379
1937
4466
6952
11793
11340
4808
6849
2217
8345
204
9696
6313
418
6493
8299
275
7388
6284
381
11122
9801
8022
8295
631
8541
385
2267
2817
11550
8716
1836
2648
4986
9609
10422
4094
4439
7896
4512
11739
4494
1930
4791
10052
2091
8006
4807
2255
2133
7991
4783
209
11532
6928
9475
2177
6091
219
6086
7260
6515
1693
9090
7106
4756
8024
9089
9894
9055
4092
6451
1109
536
8284
6450
7199
6530
6874
6464
6137
8358
77
6529
4375
6764
1610
6081
6769
9185
4384
6519
1884
6080
4270
607
8288
9206
1869
7225
1730
6127
7247
641
11699
4698
7013
6768
223
6109
1867
6114
1600
680
3816
6115
1603
6113
7249
6097
1798
9134
7250
6112
6699
9048
10762
9104
7104
6111
2601
6438
2810
513
6396
11408
6225
6888
4771
6887
11092
6886
8703
9227
1735
9179
1873
9169
691
9183
11855
9181
286
9177
1870
8351
1164
9168
7114
9186
1885
8535
1734
9167
8147
9219
2268
6463
216
6453
1882
9180
7905
6462
7207
8352
9204
609
325
4632
1722
9812
7270
4763
7265
579
855
4467
1559
593
9376
6956
7281
4408
11671
4533
1762
9125
4958
9172
6708
9171
7205
6107
1880
8523
8516
6095
2333
9173
4402
6106
1872
538
10769
6079
8376
6094
1865
9053
6867
9178
6929
9170
9378
6093
3
6110
10969
6098
9313
6096
6899
9056
1187
9124
7251
9126
1560
9050
1768
10972
7982
215
8693
10599
8694
4356
8695
11447
1751
9127
7105
11427
11109
1849
4252
807
810
1853
1854
3144
3145
10050
3148
3146
3147
10048
1855
1857
1858
1859
1860
1856
4251
4250
5947
1138
3513
1148
1147
3514
1850
4254
4253
4256
10626
10627
4257
4255
1846
1851
1847
1852
1848
808
3200
10055
3199
10054
3149
11705
3150
3201
9444
7064
254
7065
10053
3197
3198
3151
6783
6784
47
10046
1145
10047
42
3184
1535
1536
1534
4261
1533
1529
1528
1530
1532
4258
1531
100
11856
2065
6030
11857
7133
809
7339
7060
1165
7062
99
8938
8939
91
7061
7063
7340
10624
10625
10144
1169
7335
70
8942
8941
7334
7333
8940
3934
7989
9131
7990
9133
9132
7745
8696
7746
4229
228
7987
795
796
6999
7751
1170
3190
10201
371
7076
3230
74
118
1127
7337
7338
279
7336
7074
7075
3229
184
7328
7329
7330
7975
7971
7973
7972
7974
7976
266
7331
7332
7327
6664
7318
11495
11494
5984
5977
7748
8393
11511
11353
8790
9484
9021
3902
3903
3904
3897
5837
5836
5838
7755
11605
11604
8027
342
318
319
8028
7101
1520
1512
314
10949
7099
369
1457
1458
10779
1063
8026
330
374
7744
3923
9479
7108
3922
11210
3906
7966
295
3907
9477
7965
6916
6918
6917
3896
334
1069
1070
1072
3901
294
3905
3900
3908
2075
1071
21
7313
7311
7312
7325
7323
214
173
232
153
64
150
242
89
230
67
7310
86
7970
63
243
8714
9239
221
3886
3891
3887
9240
3884
356
98
315
322
75
101
117
54
3892
3895
7321
7322
10405
3894
10406
10403
10404
7752
3893
149
3193
3196
3195
3194
3192
3191
7753
7324
11496
11510
11493
7319
7320
1068
1067
1066
3898
3899
7968
8751
1513
5993
6228
2604
2605
5992
11832
11830
11831
5958
1511
10950
1510
1509
7100
10560
1516
10561
9214
9215
1508
7468
2014
2015
2013
11828
353
7077
3915
3916
10776
10777
10778
7969
1461
3909
3231
3913
1459
1460
3917
3914
3912
6992
9466
3233
3885
3889
3888
3890
7309
3232
7967
3918
3910
3919
1064
1065
4152
1279
10407
3911
3920
6915
7307
9528
8558
301
5745
7308
6236
7305
8557
7534
7528
10415
10411
6221
1175
1177
1176
2084
1278
2085
7964
6779
6780
6834
6835
10412
5996
5994
3676
5995
10413
11726
11725
7093
7095
11724
7097
360
7098
11727
7096
5954
5953
5955
5956
6853
5951
5950
8681
5952
10414
10027
7094
7535
7530
3677
3679
7531
6230
3678
7529
7533
7532
7486
3675
357
7487
341
5924
3672
5923
7922
7921
3660
3667
7925
7924
7920
10170
3674
3673
6299
7928
7303
7743
11279
11278
5086
7740
7739
5085
7923
7918
7926
2641
2642
3626
3627
1058
1060
1062
2391
2396
2397
5082
2400
2399
2401
2398
2395
3634
3639
3637
3638
3635
3636
2390
3628
1328
1327
3633
3629
3630
1061
1059
3631
3632
1056
1958
3614
1957
1956
1966
1967
11546
1961
1960
1959
5081
1969
3615
1057
5084
5083
9491
1055
3612
1955
3613
1954
1953
8570
3625
8571
1968
1962
3616
10146
3621
3620
3618
3619
10147
1963
1964
3617
1965
3622
3623
3624
2636
3609
2635
3610
7738
3608
3611
7776
8554
5916
5921
5919
5915
8555
3606
3607
3605
5090
5089
8550
7764
4145
7769
11332
5918
5922
5917
5920
5911
5908
5910
3604
10666
7771
7929
4071
4070
3571
3584
7780
3583
3595
3590
10821
3592
3566
3602
1052
3603
9597
2346
2345
3594
3593
1051
8684
3524
8685
2342
2344
1044
10283
10165
7757
3518
3525
1045
3528
5194
5193
3527
7756
3522
7777
7778
7779
2355
2356
10162
3526
3521
3523
2343
2341
2340
2339
11686
3557
11684
11837
11682
10401
11683
7768
7767
11116
5088
5087
7762
5091
4146
7765
3933
7536
7540
7024
7919
3563
3564
7541
7927
7539
7538
7537
10665
7545
5900
5899
5926
3646
3647
10190
5896
5898
5897
1178
1179
5985
7300
1180
10954
7742
5925
7741
1181
3657
3658
3661
3663
3662
3659
6057
6073
6074
6075
3665
3666
3664
10034
6300
7302
8559
8560
8561
7051
7306
3880
3879
3881
3874
2760
1172
1173
3876
1174
2762
6854
11350
9487
9488
3810
2761
9496
9489
3882
3883
3875
3878
1171
3877
9490
8569
8739
2385
9494
9492
2386
2387
2388
2389
2393
2394
6901
2392
9495
9493
11066
7301
7304
8556
8562
8738
310
305
11481
11480
11479
302
311
9233
11108
303
11107
9232
926
11618
11619
11620
11621
11617
6661
11701
11616
687
713
705
4276
706
1077
1078
920
710
921
712
707
11328
686
10042
1232
7161
11329
1083
1084
1075
1076
711
708
11694
4277
4278
1085
1086
1197
1198
709
1088
1089
7930
7933
7937
11490
11491
10562
11488
11489
11487
7936
11492
7939
7934
7932
2880
684
10861
10863
10862
8522
1081
1082
1079
1080
11695
11299
2868
7152
11301
11302
11300
1
7151
11305
11306
11303
11304
1021
716
7154
1253
1252
11425
1022
3925
1202
1203
4211
1023
8414
1374
1375
1024
10257
1378
1376
1377
1379
1230
1001
1009
1194
6846
1195
6844
6845
1248
1247
1229
1025
5774
801
802
1027
1238
1239
1240
1241
1246
11840
1242
1026
1244
1243
1245
1193
877
900
899
7157
718
7155
7158
7156
3921
685
922
10645
10043
7160
3927
7153
923
3926
10919
11181
850
1231
11184
11183
4112
10789
10724
10722
924
11396
10723
10915
11394
10914
11395
851
925
1196
4109
4108
11081
4114
10256
11080
4111
4110
6829
6828
4113
10752
308
9865
10757
10751
10750
10754
10759
10758
10747
312
10746
304
10756
10755
10749
306
320
1034
10193
10194
1033
7086
902
7088
355
7087
10646
7089
10760
10783
10753
307
10748
340
349
1087
11296
11292
11293
4212
11182
11295
901
11294
1235
1234
876
4213
11412
11411
875
1192
873
874
8228
8227
8229
1090
1236
1237
11106
9383
9385
1091
2862
348
2875
1233
8226
6663
6662
10792
1032
1031
1331
11613
11615
11614
1333
11688
1334
1335
1332
1092
9709
9711
6986
9713
625
9714
9706
11416
1029
328
7078
11721
2870
3928
7084
7082
7080
7083
7081
11414
7079
11413
11800
8518
11420
894
1339
2638
1096
1094
1341
892
800
1345
853
794
5888
1343
852
10303
5889
5887
5886
793
1344
5882
890
893
891
11691
1340
1093
1095
1346
2637
627
1337
1338
1336
344
7749
7804
7750
7802
895
7805
7803
7132
5881
5890
10426
1342
792
7801
5885
5884
626
3188
3189
5883
11484
11486
11485
6625
6626
11483
6617
10889
6618
10894
309
8548
11702
10893
352
10056
10058
10057
11720
1028
11415
6985
9712
1329
9710
1030
9708
11065
1356
11612
9707
1330
9727
9725
11829
9726
9724
11382
9744
1353
1354
9715
1355
9583
9584
966
9716
785
965
786
1276
1042
787
788
1277
789
11556
11554
964
11555
963
8277
11553
11803
962
10761
11611
10820
10819
961
10818
10896
10897
10817
9739
7085
10815
10816
10895
790
990
11410
11209
11799
989
988
2301
9742
9743
987
3209
2033
2032
2040
11845
2035
2034
2041
2043
2046
2045
2048
2047
2050
2049
9745
9746
9738
9737
9390
9387
9585
9588
9587
9586
9389
9388
9731
9740
986
9732
9729
9728
991
3261
9747
9748
9733
9730
9734
2044
9735
2042
2031
9736
2030
2029
2028
2027
9741
2725
2726
9799
2728
9798
2729
2727
2730
2731
11812
7090
1035
9202
380
8547
11703
791
8549
8551
8168
11139
10888
10849
8120
10848
11119
10844
7378
7374
7376
7375
6621
6616
6619
7373
7377
7379
11189
11190
6949
9201
8121
7091
2732
7167
1036
2321
2322
2323
1037
2299
2300
2302
2324
7166
2303
2304
2305
1038
9802
2311
2312
2310
1039
2309
2306
2308
2314
2315
2316
2317
1040
2313
2318
2319
9796
9797
9795
1041
2716
9794
2320
969
9199
9803
9804
2733
719
2307
2734
7797
6652
9200
7197
2735
7798
7800
11120
7799
7793
7794
6620
6622
7795
7796
7198
6650
6649
6653
8413
8412
6624
6665
8411
9896
2739
10181
10180
6651
4095
2742
3211
2741
2737
2736
3212
2738
2740
10182
10183
7911
6988
6987
6990
9905
2851
2850
6989
7907
7915
11655
11656
11658
11657
11660
11661
11659
11330
1450
1449
7913
10679
10677
10930
10931
10676
6991
2802
10678
7908
2786
10657
2784
2785
4107
2787
2783
10707
10708
10655
2782
2781
2788
4106
4105
2789
2791
2793
6068
4102
10898
4103
10899
6064
6061
6063
6062
1402
1448
1403
1405
1407
1396
1400
1398
1391
1394
1393
1392
1397
1399
1395
1406
1404
1401
1447
2795
1445
6066
6065
6067
2798
1446
2796
2794
2792
2790
4104
2799
1390
10185
10184
2797
10654
2800
10653
2801
9806
9805
11188
11187
1389
11512
11513
2874
3108
3107
2873
3110
974
9790
975
9789
9758
2872
3112
3111
3109
2871
604
1383
1388
1387
1386
973
1385
2724
2723
1384
2722
6615
1382
2721
1381
2719
7909
11331
1440
1441
1442
2720
1443
2718
1439
1444
1438
1352
1351
972
10979
971
9765
9763
9751
9750
9752
9764
9766
7960
2717
970
968
9723
985
1464
1463
2667
1465
1466
9749
1462
2665
2666
967
9717
981
9719
9721
9722
9720
9718
9754
9753
11666
11667
2664
2663
9755
980
9775
9776
2668
1414
2674
2672
11669
11668
2670
2669
978
2697
2698
2696
977
2714
9757
2707
2708
2709
2699
2700
2710
2711
2712
2713
2704
2705
2706
9767
9774
9768
9772
9769
9773
2703
2701
2702
9756
2686
2687
2671
2673
2688
2689
2675
2676
2690
2691
2678
979
2692
2682
2694
2693
2695
2684
976
2715
3266
9762
3263
9793
9770
3262
3264
1347
1416
1349
1350
3271
3270
7195
2744
2745
2743
8682
8683
7193
7194
7196
1380
9785
9786
9787
9784
9788
11365
11367
11366
11368
9771
3268
3269
9761
3265
3267
9760
1415
2683
2685
2681
2679
2680
2677
1413
1412
9759
1411
9778
9779
3125
3126
3124
3123
9782
9780
9781
3122
1348
1435
1436
1437
9783
3119
3120
3118
3121
1417
1418
9777
1419
982
3113
1420
3114
3115
3116
6993
3117
6995
6950
6994
983
9854
9859
9858
9856
9855
1434
1433
9857
1430
1431
2652
1429
9148
1426
1432
1427
1425
1428
1424
9861
1423
9860
1422
8543
9849
9852
9850
11178
11177
9851
1421
8259
8260
8587
11451
10838
10837
10836
10773
10771
10772
10775
10774
10840
10841
10842
10839
6704
6703
741
2661
2660
2861
743
8122
7163
2863
742
3640
9862
2858
10231
326
375
984
2653
11179
9853
8223
11115
10658
8224
8669
8668
2869
11175
11176
8667
8670
8671
10659
9846
9848
9847
9863
2658
745
2659
2657
4150
2655
2656
898
9864
3260
744
8225
1015
746
1358
1357
997
995
996
993
992
1222
1221
1204
1205
1012
1013
1206
1224
10246
1223
2662
10247
1003
1002
1016
1014
724
2771
1219
1218
2859
2860
11180
1220
2769
10633
2772
2770
10615
723
2654
11174
2853
2854
2767
1257
1265
1263
1258
1261
1264
1262
1259
1005
1213
5902
1260
1255
1256
1363
1364
1366
9581
11692
1365
9213
9212
1369
10563
11158
9211
11159
720
9057
1370
10161
1368
11157
2857
9582
11693
1367
721
2852
5901
1274
10630
2766
2765
1267
11160
11161
9269
722
9342
5903
2855
2856
1371
1372
1275
1273
2768
1271
1272
1268
1269
1266
1270
11327
11326
1362
1359
1373
7139
1214
1215
7141
8915
7140
10631
1361
1360
10632
7147
1211
1212
1209
1210
1011
1017
1010
1207
1208
1216
1217
1004
7143
7035
7144
7034
994
7142
7033
998
7148
999
7036
7145
7146
7149
7038
2867
2866
2865
2864
1000
7037
7150
1006
8123
8126
8125
11426
1007
9429
8124
9430
9281
1228
1227
1225
7138
1226
1008
7135
1018
6790
6822
2883
1019
7134
2764
6005
2882
7137
7136
2763
714
1249
1250
11838
1251
11364
1200
1201
717
1199
715
11307
1182
9900
10259
1254
9899
9898
11308
688
2881
683
10791
682
2876
11706
11098
11099
11100
7940
7931
7935
11685
1043
10628
7938
5909
7770
3598
4069
3596
3601
3565
3561
3560
1054
10880
10879
3558
10882
10883
10881
3559
1053
4072
3599
3600
3597
3586
3587
3588
3589
3585
3562
2354
3569
3582
3570
3573
3579
3567
3581
4073
3580
5097
9412
9386
3574
10389
10390
5098
3572
9413
4075
3575
3576
3577
3578
3591
9454
9455
4074
2353
3568
5200
5201
7029
5100
7591
5202
6040
6041
903
5203
7582
7583
7585
7581
11844
8386
7592
6785
11275
3924
6786
6612
7593
7030
8385
7635
7630
7028
7634
7628
7629
9316
7632
7633
5103
5102
7631
7775
7766
4078
10814
2350
5099
5101
7774
7773
10241
10242
7772
11127
7763
10166
5176
7761
5177
10282
5178
7760
5187
5175
7758
3516
1049
1047
5174
10164
3519
1048
10163
1050
3517
1046
5186
5179
5106
3515
10244
10243
2349
2348
2347
5192
10167
3520
7759
5188
5189
5190
5191
5092
2352
5094
2351
5093
5095
2620
5096
5104
6613
7626
7627
7625
5199
5244
10985
2402
5381
5380
11360
2403
2404
2405
2406
2407
2408
2411
5373
5372
2423
5374
5305
5306
5377
5304
5313
5376
5303
2485
5308
5375
2412
2458
2498
2484
5307
5293
5310
5311
5309
2489
2487
2486
2433
2488
5315
5312
2434
5318
2435
2436
2437
2438
2439
5300
5321
2442
2440
2441
5320
5319
10040
5317
5316
2470
5379
5314
2468
5378
2469
2466
2467
5248
5247
2474
2472
8909
2409
2410
5249
5258
5259
8184
7180
5257
5260
5250
5252
5251
5253
5256
5268
2473
5265
5266
5274
5267
5280
5273
5281
5272
5269
5270
5254
5255
5262
5263
5261
5264
5282
5283
5284
5286
5271
5285
5275
5276
5277
5278
10709
5279
8744
2471
8742
2610
2611
10680
8743
435
674
5290
5291
5292
5289
606
5288
5287
605
8635
8636
10603
9836
9833
8633
8632
8740
8634
6797
6796
6794
6791
6793
6803
6799
6798
6802
6795
6801
6800
6792
6804
11059
5513
8898
5522
5520
5521
5523
5524
8951
5514
5515
5401
676
675
5516
9867
9866
8180
766
4348
4349
8127
5517
5518
11519
9478
5067
11722
6610
8153
10284
10285
8701
11723
5519
5568
5563
5561
5567
5562
5564
5573
777
5565
5566
5543
5569
5570
5571
5548
5540
5546
5527
5542
5547
4210
5572
5544
5577
4209
5574
5545
5576
5554
5541
5549
5553
5575
5555
5552
5407
5534
5539
5537
5535
5532
5531
5528
5529
5530
5533
5536
5538
5556
5557
5558
5550
5551
778
5560
5559
8699
11432
11433
11437
11439
11435
11431
11436
11438
11434
5578
5752
5750
9011
677
5753
9012
5751
11534
11535
11536
11537
8700
5406
775
776
772
5403
5404
774
5402
773
5396
5397
5398
5405
678
4101
5400
5399
6729
5395
5525
5526
4090
10833
6758
8697
700
10955
10956
699
10958
10957
5512
10942
4089
5510
10832
5499
5500
5498
5501
5503
5502
5494
5495
5496
5497
5489
5487
5488
5483
5391
5394
5392
5390
5393
4088
5469
5468
5470
5476
5475
5477
5478
5479
5480
5481
5471
5466
5472
5465
5473
5467
5447
5445
5444
5446
5474
5448
5449
5439
5440
5441
5442
5443
5450
5452
5451
5504
5506
5507
5509
10943
5511
5505
5508
5484
5485
5491
5490
5492
5493
11653
11651
11652
5486
5386
5482
5389
5388
5464
5387
5463
5384
5438
5383
5436
5432
5431
5430
5434
5437
5433
5435
5427
5428
5429
5425
5420
5426
5419
5421
5409
5410
5413
5412
5414
5424
5418
5422
5423
5382
5385
4087
5415
5416
5417
5461
5411
4086
4081
4082
4083
5458
4084
5462
5460
5459
5454
5453
5455
5457
5456
4085
10613
10785
10781
10875
10874
10876
10782
5408
10780
2476
3534
3535
3536
5125
5124
3537
5118
3531
3532
5105
5123
5117
5197
5114
5113
5198
5120
5119
3538
5121
3543
5122
10169
5131
5130
5128
5129
3539
3544
5132
3545
5126
5144
5133
5134
5127
11361
3540
3541
3542
5171
5170
5169
5172
3555
5164
5165
5166
5167
3556
5173
5145
5150
5151
5147
5148
5115
3641
5137
5116
5139
5138
5136
5140
5152
5153
5168
5163
5146
5149
3553
3554
3552
5143
3551
5142
3550
5141
5157
5158
3549
5159
3548
5156
3547
5155
5160
5154
5161
5162
3546
5135
9580
11164
11163
10877
11162
9600
9598
2455
2454
2475
2453
2452
5361
5362
2477
5360
2451
5363
2450
2445
2444
2446
5343
2447
2448
2449
2494
2478
2479
2480
2481
5335
5333
2482
2483
5332
5334
5336
2495
5355
2496
2457
5344
5345
2431
2432
2430
5347
5348
5349
5328
5346
5369
5367
5368
5329
2418
2417
2419
2427
2416
2420
2428
2415
2421
2429
2414
5370
2422
5371
5350
5351
5352
2497
5353
5354
2424
5357
5356
2425
5358
2426
5359
2413
5297
5294
2492
2493
2490
2491
5298
5299
2443
5295
5296
2463
5366
2464
5365
2465
5364
5341
5342
2462
2460
2461
5339
5337
5340
5330
5338
2459
2456
5326
5322
5323
5325
5331
5324
5327
9599
3533
5231
5232
5108
437
2616
5110
2615
5109
2614
2617
5107
2618
2619
8000
5185
5182
8002
5180
5181
5196
8003
5184
8001
5183
5225
5224
5227
5226
5229
5228
5230
2612
2613
5195
11418
11417
11419
3529
5112
3530
5111
9989
8698
438
11709
11710
432
5302
5301
5235
5236
5238
11277
433
5237
5234
553
7638
11538
5239
8741
7031
11297
11298
2609
2025
5242
5241
5243
2026
5245
5246
5240
436
5204
7636
7637
672
434
552
8576
8575
3740
3741
3734
3735
3731
3736
3737
3738
3720
3739
7618
7616
3733
7608
3723
3725
3726
3727
3728
3730
3729
3732
7602
7600
7601
10710
10917
10918
10932
10916
10156
7599
7598
7594
7595
7603
7606
10157
7604
10158
10155
11474
10159
3707
7605
10379
7607
3711
7609
7612
3718
3719
3717
7614
7615
7617
7610
10380
3721
3724
3722
3714
3712
3709
3713
3710
10160
3700
3702
7613
550
3127
3130
3751
3749
10616
3750
3752
10617
10618
3744
3742
3743
3745
3746
3128
3129
3747
3748
10619
10786
10787
10788
7619
3701
3708
3703
3704
3705
3706
3716
3715
7611
11475
551
10061
10060
3781
10063
10062
1990
2625
3782
11499
11500
10922
1996
3770
3769
2621
2622
2623
3784
1994
739
3768
3767
3773
3771
3772
3776
3774
3775
3766
1991
3764
3765
3763
3762
10059
1989
1998
1999
3760
2003
3761
2001
2002
3779
1986
1985
1984
1983
1982
1981
1979
1980
2000
3758
3759
9984
1992
3777
1993
1988
9290
1987
740
3785
3778
2382
4043
3787
4042
3786
10920
11786
4041
3792
3791
4038
3788
3797
3796
3799
3798
3790
3795
3789
3793
3794
4040
3800
4039
11788
11787
1995
738
737
2624
3783
8194
8193
3801
3805
3806
3807
10921
3802
3803
3804
3808
3833
736
735
9333
9336
9338
9332
9339
9334
9337
10049
9331
4350
4353
4352
4351
5047
5048
5043
5049
5046
5044
5063
5064
5061
5062
5050
5045
9335
10569
10567
10576
10571
10568
10572
10573
11575
11574
11573
10570
10575
5056
4311
5058
5055
5059
5054
5053
5052
5051
4310
734
10574
733
5057
10767
6819
5976
5017
5016
5018
732
8185
8186
8187
11060
11061
9835
9834
5019
11062
11063
10928
8640
10926
5025
5026
5027
5028
5020
8638
5021
5023
5024
8637
5022
5033
5034
5037
5035
5036
5038
8189
5065
10765
10766
5039
5066
5042
5041
5040
4952
4938
4953
5031
5029
8639
5032
8660
8661
8658
8659
8662
5760
5757
5030
10927
10929
5756
5759
4948
4947
4946
4949
4954
4950
4941
4945
4951
4281
4944
10790
4943
11779
11780
4282
4933
4937
4931
4942
4283
11764
11763
4940
4284
4285
4928
4926
4927
731
4315
4312
4314
4313
4096
8188
4318
4320
4319
4321
10924
10923
4317
4316
4280
10925
730
4196
4323
4322
4325
4328
4329
4324
4197
4198
4332
4333
4334
4335
4336
4330
4331
10596
4337
4326
4327
10597
7209
10595
4309
8882
4346
8974
8971
8965
4208
8183
8181
8182
8966
8967
8975
8978
8883
8982
8993
4347
4205
8995
8996
8997
8998
8992
8991
8994
11505
8999
9000
9001
9003
9004
9002
9009
9010
9008
9007
9006
9005
4206
8989
8985
8990
8987
8984
8986
8988
8981
8973
8980
8969
8979
8968
8977
8970
8976
8972
4207
8983
9128
4345
8688
765
8689
764
4343
10522
4344
9130
9129
763
4342
4341
4340
4339
4338
7208
4291
4299
4203
4202
4901
4894
4895
4898
11767
4896
4892
4893
4888
4891
11781
4200
4889
5060
4201
4886
4903
10410
4204
4887
4919
4925
10408
4885
4929
4930
4932
4934
4935
4936
4939
4955
4924
5015
10409
4920
5763
5764
4199
11501
4922
4905
11503
4908
11504
4907
4906
5758
5765
11785
4910
5767
10115
10114
4912
4914
11765
4916
4915
5761
5762
4913
4917
4918
4923
4921
11502
4890
11782
4904
4909
4900
4899
4897
4902
3459
4286
4295
4307
11784
4302
4292
4288
4294
4305
4911
4301
4308
5766
4296
4287
4293
11766
4290
4289
11778
4303
4297
4306
4300
4298
11783
4304
3460
7903
3295
3387
3360
3307
3385
11689
11690
3306
3354
3359
3346
3348
3344
3289
3326
3327
9974
3325
3343
3342
3424
3290
3421
3418
3419
3422
3340
3291
3339
3409
3337
3338
3335
3336
3292
3408
11755
3333
3334
11761
3293
11753
3403
11452
3294
8853
8863
8861
9392
3414
3299
3341
6010
5973
5974
3298
3426
3297
3345
3350
3347
3349
9973
9982
11228
11229
3296
3361
9981
3389
3308
3390
5975
3391
8819
8818
3386
8817
8816
3384
3383
3381
3382
11227
3380
3379
11560
3366
11561
11825
11824
7902
11559
11557
11558
3365
869
8812
8811
9980
3309
3368
3369
3377
3378
8190
11562
3364
11543
6852
9957
9956
9955
5776
11544
8820
3367
3370
8821
3371
3372
8822
3374
3376
3375
8824
3373
8823
9306
9307
9308
8826
9954
9952
9951
9302
9301
9299
9417
8841
9421
9423
9424
9427
8854
9428
7807
11600
3225
7999
7806
3224
9231
9409
9411
9406
8813
9410
9407
9408
9419
9422
9405
9402
8843
9403
9400
11545
8833
8832
9395
9414
9415
9305
9304
8834
9303
8838
9300
8842
8848
9298
8836
9416
9418
8847
9420
9425
9426
11152
7809
7811
7814
7815
7818
7820
7822
7823
7824
7826
7828
7830
2556
452
8860
7835
7839
7842
7838
3226
7673
7674
747
6006
6007
498
2586
7695
8814
7693
7694
9242
7644
9623
7643
9624
7645
7646
7647
7648
7649
7650
7651
8545
7652
7653
7654
7655
7656
7657
7659
7660
7658
7662
7663
5743
7666
7665
11833
7515
4182
7670
4180
7661
7667
7668
7664
7669
8546
5772
11758
7444
11773
7443
7442
7440
7441
11775
11774
7439
7436
7437
7438
11515
11770
11516
7404
11772
2521
11771
11769
2536
11517
5768
5769
5770
11776
11768
11777
11757
11756
7639
7516
7640
7517
7641
7527
7525
7523
7521
7522
7524
7526
7642
7671
7672
11817
5827
7518
7519
11147
5742
4157
11185
11186
10021
10022
10020
7733
7680
11816
11818
11815
11834
6821
4156
6623
7520
11149
11150
11148
11259
11258
10023
10381
4179
9572
9573
8080
8081
9563
8082
8083
9568
11823
9547
9545
9543
9567
9535
9546
10069
10068
10070
10067
11146
8085
8087
4183
8241
8240
8090
8091
11206
8092
8093
11208
11207
9914
9915
9918
9916
9920
9917
9919
6590
6587
6585
9381
9579
9577
9578
9575
9576
9382
8264
8267
8265
8266
10356
10355
10354
10353
9034
10351
10352
11219
9689
10350
10523
10524
10526
10527
10525
4020
5806
11218
11217
5807
5808
3953
5787
4030
4029
11216
755
5781
11212
11211
5782
10399
11213
4000
4001
5788
5804
11841
756
3968
3964
3967
4031
4013
5790
4026
11215
11214
5791
5805
4021
4011
5815
4012
3980
3981
4023
3978
3979
5811
5813
5812
5814
3982
6229
8520
3983
11649
11650
5810
8521
3984
3985
3991
5820
3990
3994
3995
6233
6232
9564
6235
6234
9569
11821
11822
9529
9558
9553
9544
9551
5823
4024
5816
3993
5821
9565
5817
5818
5819
3986
7953
9343
7722
7718
7713
7708
7703
7700
7697
8886
9344
7854
7855
7856
7857
7696
7698
7699
7701
7702
7704
7709
7707
7712
7715
7719
7721
7724
7726
7727
7729
7731
7730
7732
7679
7725
7720
11819
7723
7728
7678
7716
7711
11820
7714
7717
7677
7706
7705
7710
7676
7675
9621
9622
8619
8618
3227
7848
7843
500
3217
10644
3216
7853
3219
7851
3218
7852
3215
3214
7831
3221
3220
3222
3223
3213
9030
7821
7819
7816
7812
7810
7808
2552
2553
9029
10429
10430
2564
2549
11138
2555
2554
7825
7827
7829
8865
8866
8869
8871
10388
2551
8873
752
751
749
750
8884
754
5786
8874
8875
10447
8872
8870
8868
8867
7832
7849
7833
7834
7836
7837
8885
7840
7841
7844
7846
7847
7735
5778
7845
5779
7850
7817
7813
8815
8855
8859
8858
8857
9810
9809
8856
9961
9959
9322
8852
8849
8846
8845
8840
8850
8851
9963
9965
8844
9958
9949
9393
8837
9950
9953
9969
8830
9970
9972
3392
3388
8825
8828
11596
3356
3358
3353
3357
3355
3352
9971
9968
3351
3427
9391
8128
9966
9967
8129
8130
8862
9964
9983
8864
10681
9321
9040
3318
9960
3316
3314
9962
3313
9024
3310
748
497
3301
3319
3311
3320
3321
3312
3322
3323
3300
3324
3400
3328
3329
3330
3331
3332
3401
9042
3315
3317
9320
11754
3405
11762
3406
3402
3394
3404
3397
3407
3410
3411
3412
3393
3283
3282
3445
3446
3413
3447
3448
3284
3415
3285
3449
3416
3417
3286
3450
3287
3420
3423
3425
3434
3428
11751
3288
870
3431
3429
3430
3433
9020
11759
8179
11760
3432
9017
871
11752
9019
872
9018
9016
9985
3486
9986
3490
3491
3493
3492
11400
11397
11399
11398
11385
11386
11389
3494
8154
9015
3495
3277
3489
3485
3482
3479
3474
3278
10191
10188
10192
3279
3280
3502
3503
9930
5733
9929
5665
5669
5666
494
493
9940
11153
9941
492
8878
5667
5668
4159
9923
9924
9893
11155
11442
11440
11606
5657
5656
5654
5653
5655
5659
5660
5658
5661
11441
11156
11704
8880
8876
8879
8155
7858
8398
5582
5583
5580
5579
5581
4195
5626
5652
5624
5625
5641
4194
5640
5627
5639
4193
5623
5635
5631
5629
4192
5622
5617
5611
4191
5613
4190
5614
5607
5647
5644
5645
4189
4188
5589
5591
5592
5590
5593
5609
5608
5615
5646
5616
5612
5636
5650
5651
11384
11383
5637
5628
5630
5649
5648
5632
5633
5634
5642
5643
5638
5587
5584
5618
5585
5586
5620
5621
5597
5619
5600
5601
5598
5599
5596
5594
5595
5605
5606
5610
5604
5602
5603
5588
8399
8877
8881
3507
9013
3505
3506
9014
3508
3475
3509
3510
3511
11154
3499
3501
3498
10189
3504
9925
9926
9927
9928
496
5687
11233
9931
5662
5724
5726
5725
5723
5721
5709
5703
5704
5705
5706
5699
5700
5701
5702
9933
7402
11861
9932
3463
3496
3462
3464
3465
3461
3436
3443
3444
3441
3442
3439
3440
3435
3437
3438
3281
9058
9934
9935
9937
9939
5693
5690
5686
5689
5691
5688
5692
5696
5697
5698
8178
5695
5694
7430
7429
7431
5711
5713
5710
5972
7434
5663
11391
7513
7510
9241
7511
7514
7512
7508
7509
11634
7507
7506
7505
499
7692
3399
9041
3305
3304
3398
3303
3302
11514
9938
9936
6056
3396
3395
7734
3456
3455
3453
3454
3452
3451
3458
3457
3471
3476
3477
3472
3467
3468
3466
3470
3469
3478
3480
3483
3487
3276
11390
11388
11387
3488
3484
3481
8156
3473
3500
3497
495
5717
11232
11231
5718
11230
5715
5716
5714
5719
5720
5708
5707
7428
5722
5729
5712
5728
5730
5732
5727
7432
7433
7435
2528
2548
11862
11864
2527
2526
2547
11863
11865
2525
5731
2545
2546
11867
11868
2524
2540
2541
11866
2542
11870
2523
2543
2544
11869
11871
2522
2529
2530
2534
2533
5664
2535
5676
2537
5679
5678
5680
2531
2532
5682
5677
2516
2515
5681
5683
2514
2513
5684
2509
2508
2507
2519
2520
2539
4158
5672
2506
5671
2505
2504
5670
2503
5675
2502
5674
2501
5673
2499
2500
2512
2517
2518
7403
2538
2510
2511
5685
11171
10539
7405
9516
9520
9527
9513
9518
9508
10540
10541
7406
9521
9517
7407
9507
9523
8034
9524
8035
9512
9526
9514
8036
9519
4151
7408
7409
8622
8624
8623
8621
8620
11234
11235
11236
8625
11237
11238
8195
8033
8032
8215
8196
11239
11165
11240
11241
8216
8198
11244
8199
8200
8201
8628
8203
8630
8204
8202
8205
11267
11268
11269
8206
11270
8207
10691
8210
8208
10697
10698
10702
10699
10700
10701
10612
8211
10695
10696
10693
10692
10694
8209
8232
11273
11274
11638
11639
8231
11271
11272
10308
11262
11263
11264
11265
11266
10552
10553
10554
10555
8629
8631
10548
10549
10551
10550
8626
8627
11249
11250
11246
11247
11248
11245
11242
11243
8197
4165
9506
9522
9510
9515
4174
8037
10547
4155
9505
4160
8039
10543
10545
10544
8591
8598
8042
8594
8593
8599
8043
8044
8049
8595
8597
10546
8046
8048
8603
8596
8600
8601
8050
8602
8047
8051
8052
10808
10807
10801
10800
8067
11750
10802
10804
8045
8237
8592
8040
8038
8041
8589
8590
8214
8213
8234
9525
11260
11261
4173
8063
9511
7176
8235
8236
8238
8065
8064
9509
8066
8239
7170
4184
7224
8084
8086
7169
4161
5738
4059
4162
11251
11252
11253
4172
8088
10382
10383
11254
11255
8089
11257
11256
4164
4163
7737
11645
11646
11648
11647
9562
9538
9548
9555
9534
9559
9566
9539
9541
9537
9552
9549
9556
9533
9536
9557
9532
9530
9542
11654
9560
9570
9554
9571
4034
9540
9531
7736
5822
5825
5824
5826
8801
9574
9561
3992
3989
3988
3987
9550
3997
3998
3999
4025
4033
4010
3975
3996
5794
5784
3976
4022
3977
4032
5785
5783
5793
3974
3971
5792
3973
3970
4004
4008
4009
5797
5795
5796
5798
5800
5799
3972
4006
4005
4007
6611
3969
10564
3965
3966
5780
3963
10565
10387
10385
10448
11468
11151
10386
6756
6757
5991
5990
759
11313
11312
9031
10566
753
758
5803
757
4015
4014
4003
5802
4187
5789
4002
5777
8588
867
4185
6755
4116
866
692
1303
10450
9831
9832
10449
9033
10642
10643
3954
4019
3955
5877
3956
3960
5801
3959
5876
5871
5873
3961
5872
10529
5869
5861
5867
5870
5862
3962
5868
5874
5866
5863
4017
4016
5878
6765
10018
10017
4018
10016
4027
10528
5865
4028
3957
5864
5875
3958
10530
10531
6588
9687
10532
10533
6589
9688
10534
6586
4177
7215
7216
7218
7217
6745
4178
7221
6788
6787
10342
10346
10345
6554
6555
6556
10349
4051
4050
9686
8322
10236
8324
6753
6752
3102
11069
11075
11074
11072
11073
11071
11070
11322
11323
8331
10234
10235
6751
10348
6553
10344
10343
10347
10371
10370
10372
10368
10373
10369
11465
11466
4176
5740
7219
7220
8268
6744
6746
7213
7211
7212
8269
7222
9887
8431
9886
7223
9888
10327
8417
9885
9884
8315
11320
11321
8418
10329
10328
10330
10331
10332
8421
8424
8423
8425
8422
8420
8419
8316
6597
10333
10334
10335
10336
8262
10340
10338
10337
10339
8426
11318
8438
8317
9889
9890
9891
8439
9892
8442
8318
8430
10341
8429
8427
8428
11145
11319
11144
8446
8447
4058
8159
8451
8482
8483
8480
8160
8465
10321
8449
8448
8445
10322
8469
8472
8477
8471
8475
8476
8474
8479
8478
10325
10324
8468
8466
8464
10323
8463
8473
8461
8456
8460
8453
8458
8459
8462
8455
8454
8457
9465
9463
8276
4166
8611
11743
8612
11744
9462
4167
10363
11742
10318
4168
8613
10364
10365
10366
10367
10362
11032
10317
10316
11732
10249
10360
8053
10361
10248
10314
10315
4170
4169
10687
11741
10688
10684
10685
4171
10686
10304
8212
10689
10305
10690
8261
10682
9626
10683
11637
11636
8233
10319
10313
10312
10358
10309
10357
10359
10310
10311
8610
8078
8079
8077
11749
8076
8230
10799
8073
8071
8070
10797
10796
10798
8068
10794
10795
8069
10793
10811
10812
8072
10803
10806
10805
8074
8075
10810
10809
7175
8517
8433
8432
11195
8605
7173
7172
7177
7178
7171
7174
8434
11204
11205
11196
8604
11197
8606
8607
8608
8609
8161
10948
8162
8163
8436
8435
8437
8440
8441
9461
8157
8444
8443
9460
8158
8452
8263
11193
11194
11191
11192
8164
10649
10650
10651
10652
9464
6606
8470
8467
11051
6605
8489
8488
8491
4097
8496
11050
8495
11024
11746
8505
11747
11748
8511
8514
8512
8507
6629
6630
6631
8617
8616
8615
11038
11039
11036
11037
9944
9943
4098
4214
10536
10537
10538
11019
11020
4218
4219
11001
11000
10887
11012
7235
11007
7236
7237
10577
10578
11801
10579
11802
11008
11009
11010
11015
11011
11013
11014
11002
11003
11006
11004
11005
11018
11017
11198
6817
11016
10999
6600
6598
6603
4215
4217
10149
10150
10995
10994
10996
10997
10998
4216
10320
6604
10993
11042
11041
11035
11040
6601
6599
11043
6602
6748
8510
8509
11034
8513
8508
11033
11022
8504
11021
6749
8501
11029
11030
11031
9473
9474
11048
6666
11046
11044
11045
11047
9472
9468
9469
9467
11027
11028
11023
9470
9471
8492
8490
8486
8493
11745
10326
8494
8614
8497
8499
8502
8485
8487
8481
8484
8313
8312
8311
8362
8540
8450
6037
11143
11142
4057
4056
4055
4054
11056
4053
9883
4052
6559
11316
11317
6558
6560
11314
6557
11315
6562
6561
6569
4060
4061
6577
9946
9945
6576
4062
11813
11814
6581
6580
6813
6578
10138
10139
10137
6579
6584
6583
4063
8642
4064
4065
6033
6034
8503
6627
6628
11055
8498
8500
11054
8506
6038
6943
8641
6939
6946
11199
11200
6941
10125
10126
10127
6942
10124
6940
8655
8656
6036
11201
11202
6944
6945
6938
10148
11635
11203
8652
8653
6035
8654
9947
6025
6026
4066
9948
4067
4068
8649
8647
8645
8644
8648
8646
10140
8643
8651
6582
6816
6573
6574
6815
6814
6575
9037
6571
6570
6572
10128
6565
10130
10134
10129
10131
10132
10133
6568
6567
6566
10123
11057
11058
5737
5775
5734
8314
5735
6564
5736
6806
10122
6563
6811
6810
10121
6807
6808
11473
10135
8364
8321
8320
8339
8365
6812
8323
6805
6809
10240
8897
6552
8367
8366
10136
10239
10238
10237
10232
10233
8896
9036
9035
5233
8895
9685
8338
10535
5741
9881
9882
10907
10908
8336
8319
10444
8337
10445
8335
8334
6263
6262
6258
8330
8333
10374
10375
8332
6261
11324
6264
11325
6259
6260
3104
3103
6825
10977
6256
6257
10906
10440
10439
6824
10441
10442
6823
6826
6249
10435
10434
10443
6250
6827
10436
10437
10438
9879
9880
5739
6255
8329
10987
10904
4117
10728
4220
10903
10270
6253
10271
10269
6254
6241
6242
11076
8328
6243
6244
6245
6247
6246
6248
6205
10431
6203
6204
6199
6198
6192
6193
6200
10433
6201
10446
10295
10294
10296
10432
11118
11117
8327
8326
697
696
6251
6252
10520
10272
10521
10986
6202
6197
6195
6196
6194
6170
9878
698
9114
11584
11583
11582
11607
9113
11581
5880
5894
5893
6212
9111
9112
9107
9108
9109
10556
7227
9106
5856
9105
6210
6667
6638
7228
5855
7229
6213
6211
6207
6214
6206
6209
6215
6208
6216
6128
9047
9102
9103
7226
6129
10959
10145
6125
6108
6126
9054
10878
9091
9099
9101
9082
6124
6105
9067
9068
9074
9069
9075
9077
9080
9081
9092
9079
9078
9070
9071
9066
9065
9072
9073
9100
10117
9076
9063
5834
5835
9064
9062
9061
6087
6084
614
611
613
6459
6457
610
7045
9699
612
8310
701
10035
6782
6781
11809
11810
11454
6836
6735
10505
10504
6736
9504
11453
6738
6164
6733
6178
6179
10885
5895
6165
6180
10519
10988
10992
10991
10989
10990
695
9839
9840
9837
9838
6185
6183
6187
9841
9842
9844
9843
11579
11580
8243
9845
10451
10452
8242
10453
10454
10455
10460
10459
8691
9345
4175
9346
10458
10457
10456
8692
10465
10466
10463
10464
10461
10462
10467
10468
694
10470
10469
693
2977
2978
10471
10493
2964
2962
2974
2972
2973
2961
2957
2960
2959
2958
2956
1306
10482
10483
2965
2975
2976
2966
2970
2971
10474
10475
10476
2967
10473
2963
2968
2969
1302
10472
10491
10492
10494
10495
1304
10486
10487
10488
10489
1305
10478
10477
1301
9330
10484
10485
1300
9325
1287
11736
3085
11737
1288
10716
3081
3082
1289
2937
2938
10718
782
3078
3079
3080
781
3076
3074
2946
2947
3075
3077
783
784
2939
2940
2941
2944
2932
2931
2949
2950
2951
2953
2952
2948
2943
2942
2945
11738
2935
2933
2934
2936
10847
10481
10480
1299
1307
1286
1285
3951
9032
1284
3938
3952
1282
9500
9499
9326
1283
9328
9324
9327
6742
6172
6743
9329
7049
10502
10503
6173
10501
10479
10490
10497
10498
10500
10499
6177
6175
11576
6171
6174
11577
3937
3939
3947
3948
11132
3950
3949
9814
9815
9816
9818
11130
11131
9824
9826
9827
9825
1281
11578
3071
1313
1312
3068
1317
9026
8904
9028
3940
3069
3070
1315
1316
3073
9829
9830
8905
11463
11461
11459
3941
11457
11458
11460
11462
9828
3935
9823
9821
9820
9822
1314
9817
1296
10274
1295
6186
1294
1293
3095
1292
1291
3087
3089
3086
1297
3084
1298
3088
1290
3090
3083
10717
6182
6184
3091
3097
3094
3096
3093
3092
3098
3099
1310
3100
1309
3101
1308
10273
779
9158
10829
10745
2643
10823
10960
10830
10961
544
2645
2644
2646
545
471
2775
2776
2779
2780
2383
2384
11407
2774
2777
474
2778
2773
472
8774
8776
8773
8772
10393
9620
10392
10391
11406
8247
473
8057
6076
9616
9619
9617
9618
8056
8055
10255
479
8244
878
8245
478
1326
7950
482
477
2061
7948
445
7504
7503
7872
7500
7867
7499
7865
7495
7494
7496
7497
7046
7873
484
483
7949
7947
7946
466
462
449
475
8107
443
476
461
3207
3208
8108
11715
7401
7400
7420
7399
7398
7396
7397
7419
7951
2887
2888
10846
2907
2908
2889
2885
2900
7418
9449
9452
9451
9450
2892
2893
2891
7446
7448
451
10378
667
10376
1970
7032
1976
10377
10813
547
8394
8395
8396
2899
2898
2897
2896
2895
2890
2894
2906
2904
2903
2909
2905
2902
2901
2886
2914
2915
2913
725
727
6220
729
726
2917
11860
2912
2910
2911
11640
11641
2920
2921
2922
11716
10402
458
448
453
459
9485
6820
460
9486
5940
8565
11714
8566
11713
470
8568
8567
10289
501
11141
468
767
469
1456
1453
489
3835
2370
1454
2373
2371
3839
9310
3838
1455
2357
2363
487
2362
2360
2359
2358
2366
8217
2365
2364
8768
8767
9309
8889
8769
8888
3845
11826
11827
2377
3840
2361
8218
2376
761
868
8887
4248
4249
3847
3846
2375
2378
3932
771
9315
3931
3842
3841
10936
10938
770
6009
3844
2379
2374
760
762
11518
2381
2380
3275
8808
8802
7900
7901
8806
8803
8805
11223
11224
8770
8771
11225
11226
8960
3362
3363
11563
8959
11564
11565
8961
11566
8962
8963
8964
11567
11569
11568
9979
9978
8807
9976
3274
9977
9975
8810
8827
8829
9394
8831
8835
9396
9397
9398
9399
9401
9404
2550
10428
8839
8809
3228
11598
11597
5809
11599
490
8804
488
2954
2879
4148
4147
10909
10910
10911
10912
10913
11140
2878
11097
6766
2955
491
10937
769
8220
486
8219
3843
768
2367
5988
2368
2369
3837
3836
3834
7050
2372
6969
1452
467
464
3828
8397
10715
6968
11363
8025
450
9216
7159
11349
11348
3854
3855
10891
10890
3856
3865
3863
10892
3852
3853
3851
3848
465
728
3850
439
2916
3864
3866
3867
3868
3869
3870
3871
3872
3849
2918
2919
463
3780
8736
10019
8735
1972
11448
1974
3757
549
1997
3756
3754
1975
3753
9902
3755
1973
548
10705
10706
8917
8734
8920
8918
11333
8916
8732
8733
8919
8921
1971
8564
8730
8729
8731
8728
7624
7623
2004
11276
4149
602
603
7590
7620
7621
7622
10884
9869
9870
9871
6754
7589
9095
9093
7587
9097
9096
7588
316
7579
3695
3696
3697
3694
1020
7577
7578
7580
368
601
8906
7576
7575
3643
7574
7572
7571
7568
7573
7569
7570
7562
7563
7559
7558
3692
7179
9614
3698
3699
7586
9615
7584
11608
9605
9607
9094
11609
9606
9608
7548
7546
7542
7543
7547
6071
6070
6072
6069
7550
3691
6238
6237
7551
7552
7553
7554
5932
7555
3688
7549
3689
9318
3690
5933
5931
7556
5930
7557
7567
6642
3684
3685
3687
5938
3682
3683
5962
3686
5937
5939
7560
7565
3693
7561
7566
3680
3681
7564
7544
5945
7470
5946
7954
9210
5935
5948
7690
5936
7469
7299
5914
3649
5912
5913
3656
3655
3654
3668
6058
3669
3670
6077
3653
6223
3671
7023
6222
7022
3652
5986
3651
323
3648
3650
373
7478
7479
10218
9904
7480
6011
11478
5928
5927
7790
681
2005
9903
5076
1541
5074
5077
11730
823
11731
7488
7489
7490
818
817
10195
10196
5892
820
819
821
5891
7491
7492
9909
7941
4080
3873
4079
7945
7415
7414
7393
7502
7868
7866
7394
7395
7417
7416
7447
7501
6224
8416
485
7052
7047
502
841
7687
7498
7870
7864
7390
7391
7392
2012
8949
7410
7869
7786
7785
7784
7860
7871
7787
8899
10822
7691
10763
7788
10764
7424
7423
7427
7681
7781
6239
7422
7421
7389
7862
7859
10647
10648
7411
7412
7413
7943
7942
7944
9908
9906
9907
780
11729
10629
9022
8573
10727
11728
5080
1977
5079
5078
8933
1978
8937
8936
10039
8935
8934
7471
2009
1546
2008
2006
7472
7473
2007
7474
1542
1543
2010
1544
10258
6039
1547
1545
2011
8392
7475
7476
5949
7477
5934
7789
5075
7493
2924
0
