0
1113
4433
3172
7107
8779
2102
7792
1862
2557
9671
1540
4453
889
6315
11855
4629
8777
9698
1118
6413
1116
10262
1952
2223
8780
2222
3169
10732
1949
4460
1950
2337
10151
7111
11541
4625
11643
6326
10859
172
1877
561
7116
6434
285
513
10860
6333
6634
7114
10384
10828
378
4377
8725
4354
1117
5213
3175
8702
69
9654
8117
1922
4558
8798
690
429
7381
2095
7384
4621
11393
1899
2104
45
2108
11341
10111
4541
8778
10731
8114
4985
8537
2119
8708
4452
8371
4397
557
6329
8169
5218
10292
4429
11450
4467
6633
4559
6635
9192
4486
9208
598
10586
2752
8275
572
2845
4497
7917
4502
10592
4479
2848
2144
2849
4507
10266
4521
10267
4554
9360
4566
9361
2249
9363
4532
9362
4514
43
9643
313
10730
1114
4461
1161
4415
8368
4758
3174
4412
8726
4425
196
4427
2751
6632
7102
10108
9648
10585
4426
32
2089
11859
4372
8709
6273
8374
4385
8690
4420
11854
4430
4259
6961
1125
4789
1124
2140
3176
10092
7025
6424
10600
593
7201
11626
287
6314
10856
6328
8727
11379
1120
223
1122
11380
8663
10079
6373
7916
7181
4589
251
2147
165
11167
11540
9369
8119
9368
20
11842
8536
8673
370
4861
9359
10245
9356
11093
11858
4393
8274
2125
11449
5000
10857
4626
365
4428
1115
1890
3168
6346
8539
4567
8538
4465
11739
4512
7896
4439
4094
10422
11642
2292
148
2170
11078
6332
6043
6270
11079
9658
23
6334
16
2139
8361
11375
3177
6349
8715
581
1905
10082
3206
3245
8118
4555
10291
9638
10110
4544
18
4520
2835
2187
10078
5215
2834
4774
2829
4796
2827
2204
10719
4463
6701
4560
7372
3250
10307
3246
8686
4499
10175
2251
10179
4983
8687
3247
10178
4511
2820
4761
2821
4475
6702
4442
4186
9375
7897
4545
2840
5854
6849
1901
2839
2278
7910
2206
8791
4418
10427
6271
10287
4627
7899
8664
11342
9350
7386
9646
7387
6415
7385
2328
2122
231
9650
2326
2188
11471
2157
9678
2111
2252
10081
6360
6032
4605
2837
4476
2816
6423
2842
9630
2803
9294
2836
2110
7912
4537
2831
4523
4245
4404
3832
282
6340
10855
3251
2330
7008
8581
2841
2130
11352
4384
7370
6268
8713
6439
11644
4857
110
4530
8370
6750
10109
4431
9677
2247
10905
2250
10834
4563
8792
2240
8152
4472
11351
4535
10933
11290
8143
4394
22
9633
9358
4496
2846
4529
9357
4503
10075
4493
10590
4504
10213
4765
10290
580
8285
6282
10902
2156
7011
2208
6689
10419
11697
2248
2327
2148
2178
4769
2181
4542
8372
11805
10858
4121
8553
10421
2254
11470
9635
2806
2141
3237
6357
10073
6841
7371
4987
10173
4564
8737
4401
7
4842
11169
9681
11340
11674
574
10009
4773
7010
2238
10835
2838
6376
7914
6908
2167
2329
9370
255
4546
2331
4525
528
2213
2183
7007
1897
4473
84
2086
2179
4881
8760
7004
182
2113
288
2092
10031
6269
8284
11289
8710
4855
120
4491
1108
2202
6031
8286
4381
1103
4380
1109
8672
1101
9657
1102
10738
1131
183
1112
1872
1951
4432
3171
595
1410
592
11665
4441
7895
4561
10077
4506
10268
4540
3170
1871
1126
5214
3173
10107
1121
1863
1119
4527
1123
9702
8724
2273
8363
9351
4406
9625
4411
4788
10733
2171
6189
10416
11378
6381
4356
6325
4956
4617
6958
9639
1875
4547
1880
4838
2338
4531
2332
4840
8657
9673
1882
4768
4478
9672
6998
11084
1884
4036
3815
4482
9640
4483
9670
4480
4505
2244
9482
7027
2142
427
4548
7203
4986
10118
4766
346
8382
7249
9483
9894
4763
7204
4843
426
4125
4477
6342
2126
10076
2209
1409
4438
11664
11678
11663
11804
10074
6372
10071
2159
2819
11087
2814
2154
2809
7124
8756
4091
8758
7123
8525
6392
11343
4123
3813
6406
11369
2210
10080
2124
3106
7005
1408
591
11662
4498
2847
4500
10720
4462
10306
4984
10072
4762
2823
4576
2825
7003
2812
10744
2804
573
2245
2805
4779
2811
9660
10854
6363
10004
2152
6324
4434
6277
1879
11793
6019
6400
8325
4126
2088
583
10083
10
2172
6310
17
2335
10113
4613
11067
4510
1902
4495
2808
4777
1906
9197
4579
2815
4615
6028
2272
2844
4623
6027
4612
2807
9296
7904
7126
8763
1774
2833
4841
2828
10418
1898
8759
4608
6551
5755
10214
9632
9441
6317
175
4459
40
11586
112
2205
209
9291
1874
2129
270
9038
2182
11792
2155
6609
7206
5221
10969
6383
166
2160
8526
4988
8753
4414
5
2149
881
4470
3824
4580
109
2220
10591
4553
10598
9352
10721
4440
10177
4458
10288
2280
1861
9659
10033
8384
8764
6350
8345
2293
4407
4834
10853
2117
6997
2219
7106
6303
7250
6336
1895
11806
4153
4839
85
4468
392
4833
8031
2184
576
11170
2127
10094
6267
7380
2100
533
6371
8563
2094
6278
4794
431
4850
10093
2201
386
6302
9371
8023
2128
4368
6307
7013
6348
4424
6338
4421
6292
4419
4603
3244
4793
1892
4851
8343
9293
1883
6339
10729
2098
4370
4119
4373
4808
578
2166
1870
6272
283
5217
409
9372
9697
6380
4366
8931
9366
11623
1873
2207
1864
6387
2087
11790
1885
4852
6647
3248
4093
6266
6644
4464
10174
4417
9439
55
1915
2288
235
5841
1610
2257
1607
219
1575
6460
238
4972
155
9297
1502
10100
9288
8407
1499
8405
1554
10024
4981
4047
4717
6301
6100
2263
11401
5848
6099
1917
11105
1925
5208
2233
7894
9690
5210
8148
5205
6843
515
1904
617
2750
524
1907
6313
8150
5206
2749
2286
1923
9317
1903
5207
1908
6367
7997
197
10112
516
1162
6359
9704
6490
1911
224
7996
6493
1912
11338
673
2583
5212
6905
8541
631
8295
8022
9801
11122
381
6284
7388
275
325
4632
9800
10559
8024
216
387
4092
7905
2585
691
2268
8358
1527
5847
1919
6482
9440
6492
190
5844
7112
8356
7119
6102
7115
6488
8110
8100
430
9159
7998
446
7113
6494
6903
10739
31
10711
6920
6483
10663
6524
7341
4740
7185
4970
1589
10103
1640
10104
1678
10299
1591
6481
2017
8665
814
4648
813
8011
2016
6298
7253
6014
7186
6526
7187
10703
1682
2054
2591
79
6504
2056
11631
11443
8380
6017
953
4971
1648
618
812
937
10871
10095
8354
943
523
2024
8030
6921
10152
11847
11444
1634
10852
930
10153
122
71
26
218
950
638
948
60
955
245
9443
4739
7234
4718
9218
8349
6145
11402
7232
2282
7230
4651
10098
11403
7233
2281
10097
4652
2019
637
945
9285
936
4723
1679
7596
797
6501
1494
5846
124
408
956
372
1676
5842
11630
65
128
9458
1633
407
1623
619
6673
139
10725
10281
6686
9813
10610
10940
6681
6294
6668
8360
7366
5070
10873
6141
10946
6401
8948
6491
6676
9446
6685
6535
5849
4728
6670
10872
7184
4724
7367
6536
3809
6496
6677
6983
81
6139
6669
9437
9987
2287
6679
9436
7368
6140
6682
4962
1773
7464
11286
829
442
10947
261
138
7958
6680
514
8947
9431
6675
4726
6684
6287
1770
7959
10297
6513
8946
225
1771
9684
1577
7955
1927
6516
10609
11404
6678
9278
5860
210
1769
11718
1928
621
4048
2590
10119
10091
805
11339
1501
4731
1500
6486
30
6512
939
203
7369
6487
10276
526
1495
6478
1467
247
927
4751
2051
6142
2053
519
934
6982
3259
146
83
6981
1612
522
1758
6476
2023
9027
1506
6477
9289
4729
1760
6508
1469
178
11347
521
1504
8355
928
4725
5999
5754
1571
11719
9604
7465
2058
7466
58
257
8527
4727
3234
8099
1759
5073
1608
615
6683
518
7242
9682
1549
8098
2298
10066
6671
397
6672
8094
6674
7467
10611
525
1772
11102
11284
7880
2630
7863
1553
7875
6591
10227
1574
5904
1552
7963
1551
10228
7456
10223
7485
7459
2923
10740
7483
10742
7482
11096
822
10224
7457
7783
825
10741
11310
10226
7484
7445
10661
7426
7481
10743
7782
1550
7877
826
834
2064
7962
827
5071
11707
7885
2063
7882
1478
7886
2062
2589
831
7452
830
7887
1498
7451
10945
7450
1503
7453
11173
5905
2297
833
1576
7884
7952
7881
72
5771
10886
6637
362
4713
324
527
338
6297
11283
8303
1691
4650
624
2283
1548
4973
6004
4978
366
8679
8009
8678
7183
6291
1565
345
1566
1526
10263
6419
5858
6305
2626
6497
8389
6191
5941
269
8388
5929
6020
249
6023
4446
1666
6506
455
11309
1635
6507
8115
6522
1630
6499
7243
9434
1628
6593
1675
273
1468
6531
1757
2055
11629
6190
1683
6542
1681
11670
1656
8530
11632
9432
8583
4712
6022
268
8923
10984
8008
4631
2020
10673
1622
6485
1629
4656
11049
6509
1482
4633
1484
4654
11633
6518
816
4447
1655
6015
1650
6594
957
8676
123
2057
2592
113
1671
6013
11849
8401
1480
6528
11077
4982
1680
250
1507
8096
7231
4719
441
10186
1588
6296
1587
650
10953
9223
127
179
1677
11603
1649
240
7244
4635
7245
4716
7246
248
8415
6280
7252
4974
3273
8410
3272
8012
6146
6295
1637
4634
1593
4451
1483
4444
9895
4653
1632
8302
1491
2284
1490
10983
958
8675
1672
8542
1673
4443
11628
1684
1669
6016
11848
56
8926
271
6008
187
8381
103
954
10605
946
6510
1652
6521
1638
4649
1590
8095
1471
8350
897
336
1653
639
798
6447
941
6461
3512
10102
1647
9224
6922
8532
6919
193
11846
6517
5987
260
951
10607
1645
620
10636
5840
9442
265
7214
157
1644
8406
1641
317
9222
1563
10608
5998
171
532
7191
2261
7190
2256
702
10593
803
200
5989
7044
9284
1524
8531
361
11445
11025
10704
935
6541
253
6760
949
4969
929
8408
6848
6503
10980
6412
1472
1523
1474
10594
1567
10851
703
11571
1569
9312
1690
6534
1688
4720
806
8402
835
169
10298
4445
9457
102
4449
8528
8680
9603
6514
11346
4647
1572
202
952
4738
933
332
1562
9456
2052
4975
11477
2259
133
2285
11467
10668
10277
274
932
9279
1561
10606
9497
6484
181
8357
5997
6489
11083
520
1568
9025
9498
217
6018
9435
1570
10154
1611
10672
5859
10713
1505
11570
11602
10604
2629
189
2270
4655
1573
6533
5068
554
11172
4448
11137
8403
11733
180
11136
4963
156
8404
163
9447
1609
6525
7117
5845
7118
4733
1636
8409
959
7957
2884
8674
9286
9683
8007
7956
9922
6101
9287
10667
811
4715
2018
33
8677
11627
62
938
4450
679
10669
1646
10639
1654
562
6904
2258
1643
6759
1493
327
6847
5843
799
220
960
1525
942
8348
1479
6289
1481
2260
1485
2290
1488
8015
125
162
1631
4721
1627
6595
1625
6596
10869
10638
2021
8400
8913
6479
8387
10670
8912
201
454
164
8584
10712
377
11101
5942
147
1514
7131
8281
93
8282
97
130
137
456
134
10141
7130
10951
136
8390
135
8391
8010
1626
4967
1624
4964
10868
6505
1515
6502
5959
9311
10952
6435
1667
4732
6024
7883
8749
4750
8748
4722
1670
4646
11850
6498
1674
6592
1486
9282
1487
10101
1489
4980
1492
11311
126
8014
1642
9283
28
6285
1651
4714
947
6281
944
10784
1668
258
622
6283
7189
10714
1476
5839
623
4979
2066
616
6003
244
5857
6409
7192
10217
1564
6320
9433
4642
11345
4976
10635
8013
1497
4968
7210
4965
1639
4966
1592
10982
10120
199
5069
10850
11026
6480
1496
272
1470
555
704
6500
1477
6511
804
9187
931
10099
1473
4977
6002
151
1475
9459
940
4961
689
2584
6304
8519
1163
6495
9700
6355
530
7891
8787
10941
11696
7892
2231
9637
6957
6345
8707
596
11371
6274
6546
3830
904
7109
11372
6351
11370
6366
8925
6428
8704
2200
4557
11542
10088
8757
11123
8524
4610
384
6377
7199
6379
582
6341
4960
6316
1887
6432
10260
5009
8703
9481
7015
2246
7014
9641
284
9480
428
2121
579
3831
2176
10675
7200
11552
291
11625
632
4599
6029
4606
11392
4526
2810
4508
8761
2264
8765
2294
2830
4538
11469
4492
2123
4556
2185
4616
1886
7002
4386
10203
4364
2163
4365
4604
4959
5223
11409
11104
4398
2096
376
6361
9354
6279
4400
11358
4402
4518
6774
11676
2843
4513
2255
2746
6996
594
359
4795
6771
4124
4403
7001
1868
4570
7105
4572
8706
2175
8955
4573
11090
4764
4035
4767
9204
4775
7104
4515
4607
4771
6375
2116
6319
4509
4367
6311
585
2221
4405
2162
1893
11357
634
6378
8957
6276
6956
4782
11377
2118
3253
6331
570
11622
6218
6407
351
174
4358
2211
4958
4597
4360
2137
11381
11624
3241
11677
633
4618
11374
11126
6850
11585
4387
4781
11717
2106
3254
11589
4383
4596
3243
6608
4374
6365
3240
6353
4376
4797
10735
2097
10734
9647
4375
9653
1894
6425
3239
2161
3238
4770
10736
6416
4392
4122
4363
4846
10634
10208
4645
10209
4614
4772
6290
9703
4624
2146
2271
4845
4601
2150
4600
9292
2277
9656
6288
10204
4609
4516
4379
4569
6773
4550
6226
4565
6614
11872
571
4528
4474
4494
2241
4760
335
4484
6225
4562
8552
600
4410
4780
1867
9674
10599
10640
4989
2153
11376
2168
11373
2145
4389
6385
4361
4127
640
6347
4399
6306
10261
6358
4957
6368
6217
2230
6959
2214
8705
11807
6545
10211
10737
2173
10660
6389
6547
6430
6544
4574
206
4489
2818
2158
4578
9374
1888
7110
4355
2101
4611
2186
4390
9812
4395
10420
1889
4812
3242
6327
2093
6337
1891
2090
4391
4120
11091
11166
4382
11355
11110
4844
10674
4517
8766
11836
7906
6330
2822
9651
11472
6967
2824
6369
2826
9655
2813
2115
2817
2267
385
4628
2325
6275
7251
7006
4037
10207
6789
11356
4388
11588
8177
4437
158
6607
5211
5957
4622
8580
4730
1914
4413
3811
4534
3814
2235
413
4835
290
2243
382
11168
1866
4787
9314
3252
90
11094
10845
6321
3812
2174
7009
9373
412
10425
8342
2107
7016
5008
529
2203
2832
9669
6646
3249
10176
6772
2232
3829
9679
4371
10934
10424
8793
2138
8176
8666
383
9445
2234
6356
226
6405
188
6370
5853
8359
6906
5209
9675
6103
8582
7125
5852
6352
9629
11708
8579
204
9696
6344
8800
4598
8785
198
7120
2289
9448
8296
8146
10032
2265
8021
2266
229
7121
11839
11811
4638
10558
4637
10557
4636
8297
7127
259
2269
177
7122
6104
2262
6286
207
7128
233
8786
5220
289
6362
7898
213
264
208
11593
7597
9695
237
9680
590
1918
10041
4784
7383
1916
4457
9438
8340
1924
4466
394
4154
10400
7382
8147
4423
11594
4630
8762
419
4455
9691
588
6907
2165
211
4998
10935
4488
9693
8341
8784
9811
10003
9645
6962
4778
2177
2120
10002
2103
7012
6354
7248
4837
2242
4575
575
239
2239
10005
4836
6188
4620
8956
4595
10726
6374
4378
5222
635
2143
4396
4798
584
9649
8344
2279
589
5219
4408
2112
636
4853
4362
4854
4357
4776
10008
2105
4359
2224
2336
6396
354
10205
4369
4792
9353
9631
577
11587
6851
6312
6960
11086
11089
4543
6643
4435
6645
4577
329
11103
3816
2151
11698
10187
10662
4999
8112
4524
10001
9652
11125
2253
2169
10006
11085
4409
2164
9313
9636
7026
4533
1865
4571
7202
9634
1869
4536
9203
4586
7205
4490
7103
4552
4481
4501
2199
4551
11601
4549
4487
4568
1878
10210
4602
4519
10007
4485
286
4522
2333
2109
2334
7000
8020
2114
1876
8383
234
6433
8113
1881
8796
2218
9676
11354
9694
4422
8149
587
9701
4454
1913
4456
11699
597
8799
9295
8109
4997
9692
4856
192
2091
2180
599
8174
4416
8173
5216
11359
4436
6690
6323
8783
586
8788
6265
8172
4469
4049
4791
6042
2212
882
9642
87
9367
8752
4581
121
11288
8175
4619
7247
4790
8797
6364
8369
11092
418
4539
8111
4471
8794
7207
7791
3186
4265
1167
9190
1168
11082
4268
3862
4263
4264
4266
4267
3187
919
4274
4077
4076
4275
4118
1110
1111
3185
10250
9189
4271
4270
4272
9191
4269
4273
888
5773
3179
3180
3182
3181
9266
9243
9246
9245
3183
6769
4246
7059
3178
6770
1538
4262
3820
3821
3822
3823
1537
10970
4260
9244
9254
9264
9265
9262
9263
1539
3825
3826
1931
1140
1142
6654
10275
3154
3155
1141
10831
9897
3159
3156
4232
4233
1942
1143
4239
8280
4234
887
2073
2070
2071
2072
11672
10052
8005
8006
10051
11673
2074
4240
8278
8279
3152
3153
3143
1144
1941
4231
3157
3158
1944
884
4236
4235
4237
1943
886
4238
885
1940
2568
2567
2569
3642
1937
1939
2565
4241
2566
883
1139
1938
630
8305
1149
1929
1930
1133
6640
6641
2561
2560
2563
2562
9347
2559
1134
1132
3161
3162
2577
2578
3160
1151
1932
1933
4221
1135
4222
3137
1136
3166
3167
2758
3140
3141
3142
3138
3139
3164
3165
2759
3163
1130
2558
4247
391
422
3827
106
6648
11
390
423
8544
3236
7346
3235
3133
3134
3135
3136
10417
10279
3131
3132
82
414
3
395
405
10602
10601
8309
1097
2581
4243
2580
2582
1098
11429
11428
10142
10143
1150
4244
2579
10584
1152
4226
4225
4223
4224
629
6639
1936
1934
1935
2575
2574
2570
2571
2573
2572
4242
2576
11675
9
7182
19
10025
10026
7289
6143
1749
7291
7279
8379
7285
7283
7284
1555
1748
1747
1746
1741
6144
1743
1744
1745
1742
8781
7281
7292
8131
7295
8132
1756
1557
1558
1556
1750
1751
11052
7277
10762
7297
7188
1586
1559
1585
9376
1560
1752
9377
11291
9378
7282
9380
1755
1754
8004
2060
6980
4045
1767
1766
7164
10843
1768
10944
4046
1620
10168
1618
1621
1614
6963
6965
9988
6964
1619
1617
1616
7241
1615
7240
1613
8958
1765
4044
9379
1188
1187
11671
1753
7287
7288
7296
7294
7290
7278
7286
7275
7274
7276
7293
7280
7264
11734
11735
7092
7272
1721
2059
1720
8378
7266
1584
1580
1582
1583
1581
2602
2603
2595
10637
2600
2601
8907
8908
2597
2596
1739
1740
1738
1761
1762
1728
1729
1737
1730
1731
1153
1732
8929
8930
8927
8928
1764
1763
1154
1736
1155
1734
7269
1722
1723
1725
1724
1579
1726
6923
6930
6931
1578
1714
1715
6933
6932
1713
1712
1717
1718
1716
2598
2599
1719
7265
7273
7267
6979
7270
7271
7268
1727
6929
11053
8585
8586
6975
6976
6977
6978
7263
6924
854
856
1735
6952
1711
1709
1707
1705
7238
7239
1733
855
1695
1696
1692
7261
1693
1694
1703
7259
7260
1799
1800
7257
7258
1699
1700
7256
1701
1697
1702
6694
6691
1797
6692
6695
1796
1698
628
1704
7254
7255
7262
1706
1708
1710
1780
509
6953
857
1779
1778
6548
1777
1783
1782
10396
6711
1784
5970
6710
1129
5968
5969
5966
5967
6700
1789
6914
9998
1795
1793
9665
1601
1602
9666
2756
1596
1597
1598
9664
1603
9663
2754
1599
1600
10200
1794
10199
1833
1832
8290
8291
8293
8294
8292
6693
1798
6699
6900
6899
6898
8515
8516
1595
5963
5964
2755
5965
11408
916
367
6912
1844
1809
1810
1845
6913
1834
1835
9791
9792
331
7162
1837
1836
1838
1828
1829
1830
1831
1839
1827
1826
1825
1823
8950
2627
2628
350
6219
8018
364
1822
1820
1158
1816
1815
1814
1817
1156
5851
1157
1819
1821
1818
358
1686
5850
2296
1685
8019
1689
1687
1824
3858
339
1840
337
6896
6897
343
6893
6894
6895
6891
6892
1813
6747
1807
3857
1806
1808
1805
1804
6889
6890
1605
1811
1812
1606
1604
2753
6910
1841
1843
347
6888
6887
363
6886
52
10012
10013
6883
6882
78
9992
9997
9996
6884
9993
11592
1926
6868
6776
6777
6778
6870
1801
1802
1803
9942
6869
6871
917
11679
6866
6867
6775
6864
9086
6865
8789
6855
9355
8170
398
6857
6862
6859
6860
6861
6863
6858
6856
9193
9994
9995
5961
406
111
5960
420
8283
1128
11680
11681
410
6954
7350
7351
1791
1790
1792
7352
94
6872
5971
10769
10614
1776
1781
1786
11221
11222
6698
1785
6873
1787
1788
6874
6875
11497
510
6697
6696
1775
6709
6708
6705
6706
6707
7991
6926
6925
8
6928
6927
5744
11712
6181
8945
11711
7053
1100
14
1099
8944
11498
389
8054
651
9384
2651
8288
9039
652
653
8304
8307
66
656
8308
8306
661
7068
88
7067
6935
658
3257
3258
10286
8346
659
6937
657
9868
10423
654
660
655
6936
80
7054
3818
104
2757
7072
7073
7363
7354
7361
7362
11405
7356
11740
7355
7357
3817
7345
7066
7353
3859
3860
3861
7359
7358
7298
7360
7364
7365
7069
7070
44
7071
46
1104
8720
8719
8717
1947
1948
3645
3644
8712
8723
8718
8721
8722
3819
7347
53
119
8273
107
6947
2067
2068
2069
511
6934
108
1166
115
7057
73
512
7055
7058
293
5943
38
4
10037
8140
8287
8141
8136
6636
9705
8142
8137
292
8139
8135
8138
5828
8134
8133
1106
1107
2650
558
48
7056
10671
41
8377
2647
8375
8376
8373
2649
8716
2648
9609
9610
9611
9612
9613
1945
1946
1105
8711
2639
2640
8167
8166
8165
424
8289
50
6688
7348
6687
7349
6137
6138
51
77
1189
1190
403
417
8299
6955
10768
8300
10770
13
10038
5944
5982
5983
145
144
39
8221
8754
24
8755
25
300
140
61
141
143
8222
142
8301
298
297
299
296
401
2877
8171
154
10212
4115
411
416
517
10394
5980
9238
400
5981
9237
9235
6876
1185
1186
415
9236
5978
5979
1183
402
9234
252
421
399
388
404
8151
8782
278
8795
105
76
68
1184
6878
6879
3202
3204
6877
3205
6880
6881
3203
1896
1159
2748
6885
6231
1909
1910
9991
10641
11464
1160
159
556
1921
1920
186
1900
9990
1164
10229
10215
10216
191
7995
7993
7994
7992
2747
276
176
1842
6911
6909
281
6842
6966
393
7888
7889
7890
6293
11835
7893
152
2225
10106
2226
6308
10105
6240
2227
2228
6322
2229
6318
6309
6343
6335
10000
9999
10028
10202
2217
909
908
9365
907
2194
2195
2131
2295
906
2198
905
2215
2193
2099
2291
910
911
2189
2190
2192
10206
2191
9667
379
10865
11095
10870
10864
9668
10010
10011
8650
9160
9161
9364
2136
2197
4849
4848
2135
2196
2132
2134
2133
2216
4847
11533
11532
11531
4783
11529
11530
4785
9475
4786
9476
4804
4805
4806
4799
4807
11798
4809
4810
5001
4811
5006
4862
11520
4863
4864
4865
11521
5005
5003
5002
5004
11522
11523
4866
5010
4867
11524
11525
4871
5007
4814
6402
6410
4813
6403
4822
6386
4821
6408
4820
4875
4872
4874
6417
10029
6382
6391
4759
4823
4818
4873
4816
11526
4815
4869
4868
4870
11528
11527
4817
11794
4884
4803
4825
4802
4826
4583
4584
9348
9644
4585
4860
4858
4859
4582
4801
4800
4594
11791
4880
4882
9349
4593
4877
4876
4878
4879
4991
4990
2236
11088
4587
4588
4590
4591
4592
11135
2237
11795
4994
4824
11797
4830
4827
11551
4993
4829
4992
4828
4883
11547
4832
4995
4996
11550
4831
11548
5011
5012
11549
5013
4819
6420
6421
6429
10030
6422
5014
10664
10084
11789
6436
6437
6431
6427
11796
4128
8953
8954
8932
10827
10826
6426
4129
4130
6394
6404
6418
3929
3930
8952
8890
6399
9661
9023
9662
4131
6414
8894
6438
4132
6390
4675
4133
4686
645
4688
4687
6465
6468
4692
6471
6466
6472
6467
6474
4691
4697
6470
11121
4696
4698
4699
4700
4708
644
643
641
8017
6473
4709
4710
4711
6469
6475
9229
4695
4693
4694
6452
646
11572
4690
4689
9259
4676
4679
4677
4678
9261
9260
6397
6388
4680
4669
4681
649
648
4707
4705
11595
4704
4703
6443
4702
4701
6444
4667
4668
4666
4657
4643
4644
4658
10398
10397
10866
9453
6393
4641
4640
6398
4639
6730
11124
2274
2275
6731
2276
8892
8893
8891
4659
6411
4661
4660
4662
4664
4663
4665
647
6384
6395
4672
4671
4674
4673
4682
4670
4683
4684
4685
4706
6442
6445
6440
4745
4746
4744
4742
4743
9273
9274
9272
4741
4737
4736
4734
4735
9277
9275
9276
9271
9270
6441
8016
9267
4748
4749
4747
10198
9257
9268
10197
9258
9255
9256
9248
9247
9249
9250
9252
9253
9251
4752
642
535
608
607
4755
609
9226
9227
4754
4753
6446
4756
9225
6455
6464
4757
6462
9221
6451
6449
6453
6456
6454
6463
6448
6458
9207
6450
9219
531
8533
8534
537
534
536
6092
9083
9084
9088
6088
9087
6091
6086
6530
6085
9085
6540
6090
6538
6089
6515
6532
9089
9090
9055
9164
9165
9166
8353
9176
6083
6081
6082
9185
9186
6080
9188
6078
9184
9181
9182
9183
8535
8351
9167
9168
8352
9180
9179
9177
9178
9169
9170
9171
9172
538
6093
6079
6094
6106
8523
9053
6095
6107
9056
9173
6096
6098
9124
9126
9125
9127
6127
6110
9104
9048
7225
6109
6768
6115
6114
6097
680
6112
6113
6111
9134
11482
9206
9205
6974
6973
6761
6971
540
6763
9220
6970
6972
6764
6984
6529
6523
7041
7040
6519
6539
7042
7043
6527
5832
5833
10036
10900
10981
6520
6537
9194
11285
5831
9198
7039
539
9228
6549
6550
6732
8104
8572
170
6830
6831
6832
6833
559
262
6719
11700
6718
6717
6720
6713
6714
6712
11220
6716
6722
6715
6721
7165
8101
9901
396
9280
267
563
564
566
565
8103
11287
569
568
567
160
2607
2608
9163
9162
10045
10230
425
205
2606
10656
10090
10089
10939
4134
168
4135
6762
6818
9195
4136
9196
4137
4143
4138
4142
4139
4140
4141
4144
6728
6724
2077
9593
11539
6227
6725
277
541
227
6726
10044
8102
9595
9590
6723
8272
837
8059
8061
8060
838
9589
845
8105
8062
844
8271
846
840
5746
8106
865
864
10976
5906
3016
3019
3018
3017
863
3021
3020
6656
6660
6659
6658
6657
6655
858
11128
11129
2083
3022
10171
3024
10172
3023
2082
3030
3026
3027
3029
3028
11337
3025
3041
3040
3042
11853
3050
3049
3054
11281
11282
3036
3032
3035
3034
3033
3031
1319
3037
3007
1320
10252
10253
3010
3009
3008
10867
9873
9872
3013
3015
3012
3014
3011
2080
2079
8249
8252
8192
2078
2634
11335
2631
8255
8253
8254
8251
8250
9341
9340
481
2076
11344
480
880
879
8298
9060
542
9874
8775
7168
8910
2997
2999
2998
663
546
9059
3000
662
665
10588
3002
3001
1321
1322
9911
1323
3003
11430
3005
3004
10587
10251
10254
3006
2633
2632
9912
9913
9910
1325
1324
664
10962
666
543
9323
2980
8256
9150
9151
9152
9155
10966
2991
9153
9154
11134
9156
2982
2983
2981
2985
2984
2986
2990
1280
2979
668
9157
669
2989
670
2988
2987
671
8258
8257
11591
2995
2996
2993
2992
1311
2994
11590
9819
10968
3066
3067
3059
10967
10963
3063
10964
3062
3064
3061
3060
3065
3053
3056
3055
3057
3058
1318
3052
11336
3044
3043
3048
3047
3046
3051
862
3072
861
860
3045
3039
3038
859
6740
9628
6741
3944
3945
3943
3942
7048
6147
10965
6149
6148
6153
6157
3936
3946
6156
10978
7018
7021
7019
7020
6154
6159
11133
6158
11455
11456
10506
6176
10514
10496
10512
10511
10513
10510
10508
10509
10507
10515
6739
6163
9502
9501
9503
10518
9627
6155
6160
9052
9051
10517
10516
6150
10975
10974
6152
6839
6840
6838
6734
6151
8900
6162
6161
11808
11507
11508
11506
8901
11509
6133
6135
9319
8902
8903
6737
6168
6169
6837
6167
6166
6136
9110
9115
6134
9117
6132
9049
4181
9050
3105
6130
6131
6117
6116
9045
9116
9044
6123
6118
9046
6120
9043
6121
6122
6119
9119
9118
9143
9147
9145
9146
9123
9122
8911
6767
9144
9139
9142
9141
9136
9135
9140
9137
10973
9138
10972
10971
5879
560
8347
11446
11447
8529
215
161
10264
3255
10265
3256
246
6543
9596
9591
9592
185
6948
11068
222
836
9594
6727
847
10301
10300
10302
2927
2928
2929
2930
2925
2926
842
843
8058
10280
8270
5747
10395
5749
507
5907
9877
8191
11334
2081
8248
9875
10825
10824
8246
9876
2039
506
505
2036
2038
2037
503
504
9149
5748
839
2593
11111
2594
11112
11113
7688
8145
8144
11114
10087
10085
508
10901
10086
7686
7425
7684
7683
6060
7685
7682
236
263
6059
8097
256
10219
7463
11610
7689
10221
10220
10225
10222
7861
7458
7455
824
11476
7449
1073
2
7460
7454
3210
7876
7461
7462
1519
1518
8574
7874
1074
7878
2588
2587
5072
7961
7879
10293
8578
832
1517
11064
1451
828
8029
918
8577
11421
11422
457
11362
11424
96
10014
59
11423
114
57
212
5830
195
5829
241
321
7129
849
333
6951
1522
6012
10015
1521
848
49
95
92
116
815
1594
9921
9217
11280
10096
9808
9807
132
131
6021
129
447
8924
444
1191
8914
8922
11687
8750
7017
10116
914
2022
440
7747
27
1664
4099
4100
1137
1663
1661
1662
10278
915
10589
6045
912
6044
6052
6051
913
6054
6055
6053
6048
6050
11852
1657
6049
6046
6001
6000
1665
11843
9209
11851
1658
6047
1660
1659
7754
7316
7978
896
6
34
36
9230
35
37
9098
9175
9174
9601
9602
7985
7984
10064
10065
7983
7981
7980
6902
7317
7326
7988
10580
10582
10581
10583
7314
7315
7977
15
7986
7982
8745
8695
4230
8693
8746
8694
8747
8943
7979
4279
167
4228
29
9120
9121
194
4227
10620
10621
10622
7342
7343
7344
10623
8116
280
10542
12
1146
11427
11109
1849
4252
807
810
1853
1854
3144
3145
10050
3148
3146
3147
10048
1855
1857
1858
1859
1860
1856
4251
4250
5947
1138
3513
1148
1147
3514
1850
4254
4253
4256
10626
10627
4257
4255
1846
1851
1847
1852
1848
808
3200
10055
3199
10054
3149
11705
3150
3201
9444
7064
254
7065
10053
3197
3198
3151
6783
6784
47
10046
1145
10047
42
3184
1535
1536
1534
4261
1533
1529
1528
1530
1532
4258
1531
100
11856
2065
6030
11857
7133
809
7339
7060
1165
7062
99
8938
8939
91
7061
7063
7340
10624
10625
10144
1169
7335
70
8942
8941
7334
7333
8940
3934
7989
9131
7990
9133
9132
7745
8696
7746
4229
228
7987
795
796
6999
7751
1170
3190
10201
371
7076
3230
74
118
1127
7337
7338
279
7336
7074
7075
3229
184
7328
7329
7330
7975
7971
7973
7972
7974
7976
266
7331
7332
7327
6664
7318
11495
11494
5984
5977
7748
8393
11511
11353
8790
9484
9021
3902
3903
3904
3897
5837
5836
5838
7755
11605
11604
8027
342
318
319
8028
7101
1520
1512
314
10949
7099
369
1457
1458
10779
1063
8026
330
374
7744
3923
9479
7108
3922
11210
3906
7966
295
3907
9477
7965
6916
6918
6917
3896
334
1069
1070
1072
3901
294
3905
3900
3908
2075
1071
21
7313
7311
7312
7325
7323
214
173
232
153
64
150
242
89
230
67
7310
86
7970
63
243
8714
9239
221
3886
3891
3887
9240
3884
356
98
315
322
75
101
117
54
3892
3895
7321
7322
10405
3894
10406
10403
10404
7752
3893
149
3193
3196
3195
3194
3192
3191
7753
7324
11496
11510
11493
7319
7320
1068
1067
1066
3898
3899
7968
8751
1513
5993
6228
2604
2605
5992
11832
11830
11831
5958
1511
10950
1510
1509
7100
10560
1516
10561
9214
9215
1508
7468
2014
2015
2013
11828
353
7077
3915
3916
10776
10777
10778
7969
1461
3909
3231
3913
1459
1460
3917
3914
3912
6992
9466
3233
3885
3889
3888
3890
7309
3232
7967
3918
3910
3919
1064
1065
4152
1279
10407
3911
3920
6915
7307
9528
8558
301
5745
7308
6236
7305
8557
7534
7528
10415
10411
6221
1175
1177
1176
2084
1278
2085
7964
6779
6780
6834
6835
10412
5996
5994
3676
5995
10413
11726
11725
7093
7095
11724
7097
360
7098
11727
7096
5954
5953
5955
5956
6853
5951
5950
8681
5952
10414
10027
7094
7535
7530
3677
3679
7531
6230
3678
7529
7533
7532
7486
3675
357
7487
341
5924
3672
5923
7922
7921
3660
3667
7925
7924
7920
10170
3674
3673
6299
7928
7303
7743
11279
11278
5086
7740
7739
5085
7923
7918
7926
2641
2642
3626
3627
1058
1060
1062
2391
2396
2397
5082
2400
2399
2401
2398
2395
3634
3639
3637
3638
3635
3636
2390
3628
1328
1327
3633
3629
3630
1061
1059
3631
3632
1056
1958
3614
1957
1956
1966
1967
11546
1961
1960
1959
5081
1969
3615
1057
5084
5083
9491
1055
3612
1955
3613
1954
1953
8570
3625
8571
1968
1962
3616
10146
3621
3620
3618
3619
10147
1963
1964
3617
1965
3622
3623
3624
2636
3609
2635
3610
7738
3608
3611
7776
8554
5916
5921
5919
5915
8555
3606
3607
3605
5090
5089
8550
7764
4145
7769
11332
5918
5922
5917
5920
5911
5908
5910
3604
10666
7771
7929
4071
4070
3571
3584
7780
3583
3595
3590
10821
3592
3566
3602
1052
3603
9597
2346
2345
3594
3593
1051
8684
3524
8685
2342
2344
1044
10283
10165
7757
3518
3525
1045
3528
5194
5193
3527
7756
3522
7777
7778
7779
2355
2356
10162
3526
3521
3523
2343
2341
2340
2339
11686
3557
11684
11837
11682
10401
11683
7768
7767
11116
5088
5087
7762
5091
4146
7765
3933
7536
7540
7024
7919
3563
3564
7541
7927
7539
7538
7537
10665
7545
5900
5899
5926
3646
3647
10190
5896
5898
5897
1178
1179
5985
7300
1180
10954
7742
5925
7741
1181
3657
3658
3661
3663
3662
3659
6057
6073
6074
6075
3665
3666
3664
10034
6300
7302
8559
8560
8561
7051
7306
3880
3879
3881
3874
2760
1172
1173
3876
1174
2762
6854
11350
9487
9488
3810
2761
9496
9489
3882
3883
3875
3878
1171
3877
9490
8569
8739
2385
9494
9492
2386
2387
2388
2389
2393
2394
6901
2392
9495
9493
11066
7301
7304
8556
8562
8738
310
305
11481
11480
11479
302
311
9233
11108
303
11107
9232
926
11618
11619
11620
11621
11617
6661
11701
11616
687
713
705
4276
706
1077
1078
920
710
921
712
707
11328
686
10042
1232
7161
11329
1083
1084
1075
1076
711
708
11694
4277
4278
1085
1086
1197
1198
709
1088
1089
7930
7933
7937
11490
11491
10562
11488
11489
11487
7936
11492
7939
7934
7932
2880
684
10861
10863
10862
8522
1081
1082
1079
1080
11695
11299
2868
7152
11301
11302
11300
1
7151
11305
11306
11303
11304
1021
716
7154
1253
1252
11425
1022
3925
1202
1203
4211
1023
8414
1374
1375
1024
10257
1378
1376
1377
1379
1230
1001
1009
1194
6846
1195
6844
6845
1248
1247
1229
1025
5774
801
802
1027
1238
1239
1240
1241
1246
11840
1242
1026
1244
1243
1245
1193
877
900
899
7157
718
7155
7158
7156
3921
685
922
10645
10043
7160
3927
7153
923
3926
10919
11181
850
1231
11184
11183
4112
10789
10724
10722
924
11396
10723
10915
11394
10914
11395
851
925
1196
4109
4108
11081
4114
10256
11080
4111
4110
6829
6828
4113
10752
308
9865
10757
10751
10750
10754
10759
10758
10747
312
10746
304
10756
10755
10749
306
320
1034
10193
10194
1033
7086
902
7088
355
7087
10646
7089
10760
10783
10753
307
10748
340
349
1087
11296
11292
11293
4212
11182
11295
901
11294
1235
1234
876
4213
11412
11411
875
1192
873
874
8228
8227
8229
1090
1236
1237
11106
9383
9385
1091
2862
348
2875
1233
8226
6663
6662
10792
1032
1031
1331
11613
11615
11614
1333
11688
1334
1335
1332
1092
9709
9711
6986
9713
625
9714
9706
11416
1029
328
7078
11721
2870
3928
7084
7082
7080
7083
7081
11414
7079
11413
11800
8518
11420
894
1339
2638
1096
1094
1341
892
800
1345
853
794
5888
1343
852
10303
5889
5887
5886
793
1344
5882
890
893
891
11691
1340
1093
1095
1346
2637
627
1337
1338
1336
344
7749
7804
7750
7802
895
7805
7803
7132
5881
5890
10426
1342
792
7801
5885
5884
626
3188
3189
5883
11484
11486
11485
6625
6626
11483
6617
10889
6618
10894
309
8548
11702
10893
352
10056
10058
10057
11720
1028
11415
6985
9712
1329
9710
1030
9708
11065
1356
11612
9707
1330
9727
9725
11829
9726
9724
11382
9744
1353
1354
9715
1355
9583
9584
966
9716
785
965
786
1276
1042
787
788
1277
789
11556
11554
964
11555
963
8277
11553
11803
962
10761
11611
10820
10819
961
10818
10896
10897
10817
9739
7085
10815
10816
10895
790
990
11410
11209
11799
989
988
2301
9742
9743
987
3209
2033
2032
2040
11845
2035
2034
2041
2043
2046
2045
2048
2047
2050
2049
9745
9746
9738
9737
9390
9387
9585
9588
9587
9586
9389
9388
9731
9740
986
9732
9729
9728
991
3261
9747
9748
9733
9730
9734
2044
9735
2042
2031
9736
2030
2029
2028
2027
9741
2725
2726
9799
2728
9798
2729
2727
2730
2731
11812
7090
1035
9202
380
8547
11703
791
8549
8551
8168
11139
10888
10849
8120
10848
11119
10844
7378
7374
7376
7375
6621
6616
6619
7373
7377
7379
11189
11190
6949
9201
8121
7091
2732
7167
1036
2321
2322
2323
1037
2299
2300
2302
2324
7166
2303
2304
2305
1038
9802
2311
2312
2310
1039
2309
2306
2308
2314
2315
2316
2317
1040
2313
2318
2319
9796
9797
9795
1041
2716
9794
2320
969
9199
9803
9804
2733
719
2307
2734
7797
6652
9200
7197
2735
7798
7800
11120
7799
7793
7794
6620
6622
7795
7796
7198
6650
6649
6653
8413
8412
6624
6665
8411
9896
2739
10181
10180
6651
4095
2742
3211
2741
2737
2736
3212
2738
2740
10182
10183
7911
6988
6987
6990
9905
2851
2850
6989
7907
7915
11655
11656
11658
11657
11660
11661
11659
11330
1450
1449
7913
10679
10677
10930
10931
10676
6991
2802
10678
7908
2786
10657
2784
2785
4107
2787
2783
10707
10708
10655
2782
2781
2788
4106
4105
2789
2791
2793
6068
4102
10898
4103
10899
6064
6061
6063
6062
1402
1448
1403
1405
1407
1396
1400
1398
1391
1394
1393
1392
1397
1399
1395
1406
1404
1401
1447
2795
1445
6066
6065
6067
2798
1446
2796
2794
2792
2790
4104
2799
1390
10185
10184
2797
10654
2800
10653
2801
9806
9805
11188
11187
1389
11512
11513
2874
3108
3107
2873
3110
974
9790
975
9789
9758
2872
3112
3111
3109
2871
604
1383
1388
1387
1386
973
1385
2724
2723
1384
2722
6615
1382
2721
1381
2719
7909
11331
1440
1441
1442
2720
1443
2718
1439
1444
1438
1352
1351
972
10979
971
9765
9763
9751
9750
9752
9764
9766
7960
2717
970
968
9723
985
1464
1463
2667
1465
1466
9749
1462
2665
2666
967
9717
981
9719
9721
9722
9720
9718
9754
9753
11666
11667
2664
2663
9755
980
9775
9776
2668
1414
2674
2672
11669
11668
2670
2669
978
2697
2698
2696
977
2714
9757
2707
2708
2709
2699
2700
2710
2711
2712
2713
2704
2705
2706
9767
9774
9768
9772
9769
9773
2703
2701
2702
9756
2686
2687
2671
2673
2688
2689
2675
2676
2690
2691
2678
979
2692
2682
2694
2693
2695
2684
976
2715
3266
9762
3263
9793
9770
3262
3264
1347
1416
1349
1350
3271
3270
7195
2744
2745
2743
8682
8683
7193
7194
7196
1380
9785
9786
9787
9784
9788
11365
11367
11366
11368
9771
3268
3269
9761
3265
3267
9760
1415
2683
2685
2681
2679
2680
2677
1413
1412
9759
1411
9778
9779
3125
3126
3124
3123
9782
9780
9781
3122
1348
1435
1436
1437
9783
3119
3120
3118
3121
1417
1418
9777
1419
982
3113
1420
3114
3115
3116
6993
3117
6995
6950
6994
983
9854
9859
9858
9856
9855
1434
1433
9857
1430
1431
2652
1429
9148
1426
1432
1427
1425
1428
1424
9861
1423
9860
1422
8543
9849
9852
9850
11178
11177
9851
1421
8259
8260
8587
11451
10838
10837
10836
10773
10771
10772
10775
10774
10840
10841
10842
10839
6704
6703
741
2661
2660
2861
743
8122
7163
2863
742
3640
9862
2858
10231
326
375
984
2653
11179
9853
8223
11115
10658
8224
8669
8668
2869
11175
11176
8667
8670
8671
10659
9846
9848
9847
9863
2658
745
2659
2657
4150
2655
2656
898
9864
3260
744
8225
1015
746
1358
1357
997
995
996
993
992
1222
1221
1204
1205
1012
1013
1206
1224
10246
1223
2662
10247
1003
1002
1016
1014
724
2771
1219
1218
2859
2860
11180
1220
2769
10633
2772
2770
10615
723
2654
11174
2853
2854
2767
1257
1265
1263
1258
1261
1264
1262
1259
1005
1213
5902
1260
1255
1256
1363
1364
1366
9581
11692
1365
9213
9212
1369
10563
11158
9211
11159
720
9057
1370
10161
1368
11157
2857
9582
11693
1367
721
2852
5901
1274
10630
2766
2765
1267
11160
11161
9269
722
9342
5903
2855
2856
1371
1372
1275
1273
2768
1271
1272
1268
1269
1266
1270
11327
11326
1362
1359
1373
7139
1214
1215
7141
8915
7140
10631
1361
1360
10632
7147
1211
1212
1209
1210
1011
1017
1010
1207
1208
1216
1217
1004
7143
7035
7144
7034
994
7142
7033
998
7148
999
7036
7145
7146
7149
7038
2867
2866
2865
2864
1000
7037
7150
1006
8123
8126
8125
11426
1007
9429
8124
9430
9281
1228
1227
1225
7138
1226
1008
7135
1018
6790
6822
2883
1019
7134
2764
6005
2882
7137
7136
2763
714
1249
1250
11838
1251
11364
1200
1201
717
1199
715
11307
1182
9900
10259
1254
9899
9898
11308
688
2881
683
10791
682
2876
11706
11098
11099
11100
7940
7931
7935
11685
1043
10628
7938
5909
7770
3598
4069
3596
3601
3565
3561
3560
1054
10880
10879
3558
10882
10883
10881
3559
1053
4072
3599
3600
3597
3586
3587
3588
3589
3585
3562
2354
3569
3582
3570
3573
3579
3567
3581
4073
3580
5097
9412
9386
3574
10389
10390
5098
3572
9413
4075
3575
3576
3577
3578
3591
9454
9455
4074
2353
3568
5200
5201
7029
5100
7591
5202
6040
6041
903
5203
7582
7583
7585
7581
11844
8386
7592
6785
11275
3924
6786
6612
7593
7030
8385
7635
7630
7028
7634
7628
7629
9316
7632
7633
5103
5102
7631
7775
7766
4078
10814
2350
5099
5101
7774
7773
10241
10242
7772
11127
7763
10166
5176
7761
5177
10282
5178
7760
5187
5175
7758
3516
1049
1047
5174
10164
3519
1048
10163
1050
3517
1046
5186
5179
5106
3515
10244
10243
2349
2348
2347
5192
10167
3520
7759
5188
5189
5190
5191
5092
2352
5094
2351
5093
5095
2620
5096
5104
6613
7626
7627
7625
5199
5244
10985
2402
5381
5380
11360
2403
2404
2405
2406
2407
2408
2411
5373
5372
2423
5374
5305
5306
5377
5304
5313
5376
5303
2485
5308
5375
2412
2458
2498
2484
5307
5293
5310
5311
5309
2489
2487
2486
2433
2488
5315
5312
2434
5318
2435
2436
2437
2438
2439
5300
5321
2442
2440
2441
5320
5319
10040
5317
5316
2470
5379
5314
2468
5378
2469
2466
2467
5248
5247
2474
2472
8909
2409
2410
5249
5258
5259
8184
7180
5257
5260
5250
5252
5251
5253
5256
5268
2473
5265
5266
5274
5267
5280
5273
5281
5272
5269
5270
5254
5255
5262
5263
5261
5264
5282
5283
5284
5286
5271
5285
5275
5276
5277
5278
10709
5279
8744
2471
8742
2610
2611
10680
8743
435
674
5290
5291
5292
5289
606
5288
5287
605
8635
8636
10603
9836
9833
8633
8632
8740
8634
6797
6796
6794
6791
6793
6803
6799
6798
6802
6795
6801
6800
6792
6804
11059
5513
8898
5522
5520
5521
5523
5524
8951
5514
5515
5401
676
675
5516
9867
9866
8180
766
4348
4349
8127
5517
5518
11519
9478
5067
11722
6610
8153
10284
10285
8701
11723
5519
5568
5563
5561
5567
5562
5564
5573
777
5565
5566
5543
5569
5570
5571
5548
5540
5546
5527
5542
5547
4210
5572
5544
5577
4209
5574
5545
5576
5554
5541
5549
5553
5575
5555
5552
5407
5534
5539
5537
5535
5532
5531
5528
5529
5530
5533
5536
5538
5556
5557
5558
5550
5551
778
5560
5559
8699
11432
11433
11437
11439
11435
11431
11436
11438
11434
5578
5752
5750
9011
677
5753
9012
5751
11534
11535
11536
11537
8700
5406
775
776
772
5403
5404
774
5402
773
5396
5397
5398
5405
678
4101
5400
5399
6729
5395
5525
5526
4090
10833
6758
8697
700
10955
10956
699
10958
10957
5512
10942
4089
5510
10832
5499
5500
5498
5501
5503
5502
5494
5495
5496
5497
5489
5487
5488
5483
5391
5394
5392
5390
5393
4088
5469
5468
5470
5476
5475
5477
5478
5479
5480
5481
5471
5466
5472
5465
5473
5467
5447
5445
5444
5446
5474
5448
5449
5439
5440
5441
5442
5443
5450
5452
5451
5504
5506
5507
5509
10943
5511
5505
5508
5484
5485
5491
5490
5492
5493
11653
11651
11652
5486
5386
5482
5389
5388
5464
5387
5463
5384
5438
5383
5436
5432
5431
5430
5434
5437
5433
5435
5427
5428
5429
5425
5420
5426
5419
5421
5409
5410
5413
5412
5414
5424
5418
5422
5423
5382
5385
4087
5415
5416
5417
5461
5411
4086
4081
4082
4083
5458
4084
5462
5460
5459
5454
5453
5455
5457
5456
4085
10613
10785
10781
10875
10874
10876
10782
5408
10780
2476
3534
3535
3536
5125
5124
3537
5118
3531
3532
5105
5123
5117
5197
5114
5113
5198
5120
5119
3538
5121
3543
5122
10169
5131
5130
5128
5129
3539
3544
5132
3545
5126
5144
5133
5134
5127
11361
3540
3541
3542
5171
5170
5169
5172
3555
5164
5165
5166
5167
3556
5173
5145
5150
5151
5147
5148
5115
3641
5137
5116
5139
5138
5136
5140
5152
5153
5168
5163
5146
5149
3553
3554
3552
5143
3551
5142
3550
5141
5157
5158
3549
5159
3548
5156
3547
5155
5160
5154
5161
5162
3546
5135
9580
11164
11163
10877
11162
9600
9598
2455
2454
2475
2453
2452
5361
5362
2477
5360
2451
5363
2450
2445
2444
2446
5343
2447
2448
2449
2494
2478
2479
2480
2481
5335
5333
2482
2483
5332
5334
5336
2495
5355
2496
2457
5344
5345
2431
2432
2430
5347
5348
5349
5328
5346
5369
5367
5368
5329
2418
2417
2419
2427
2416
2420
2428
2415
2421
2429
2414
5370
2422
5371
5350
5351
5352
2497
5353
5354
2424
5357
5356
2425
5358
2426
5359
2413
5297
5294
2492
2493
2490
2491
5298
5299
2443
5295
5296
2463
5366
2464
5365
2465
5364
5341
5342
2462
2460
2461
5339
5337
5340
5330
5338
2459
2456
5326
5322
5323
5325
5331
5324
5327
9599
3533
5231
5232
5108
437
2616
5110
2615
5109
2614
2617
5107
2618
2619
8000
5185
5182
8002
5180
5181
5196
8003
5184
8001
5183
5225
5224
5227
5226
5229
5228
5230
2612
2613
5195
11418
11417
11419
3529
5112
3530
5111
9989
8698
438
11709
11710
432
5302
5301
5235
5236
5238
11277
433
5237
5234
553
7638
11538
5239
8741
7031
11297
11298
2609
2025
5242
5241
5243
2026
5245
5246
5240
436
5204
7636
7637
672
434
552
8576
8575
3740
3741
3734
3735
3731
3736
3737
3738
3720
3739
7618
7616
3733
7608
3723
3725
3726
3727
3728
3730
3729
3732
7602
7600
7601
10710
10917
10918
10932
10916
10156
7599
7598
7594
7595
7603
7606
10157
7604
10158
10155
11474
10159
3707
7605
10379
7607
3711
7609
7612
3718
3719
3717
7614
7615
7617
7610
10380
3721
3724
3722
3714
3712
3709
3713
3710
10160
3700
3702
7613
550
3127
3130
3751
3749
10616
3750
3752
10617
10618
3744
3742
3743
3745
3746
3128
3129
3747
3748
10619
10786
10787
10788
7619
3701
3708
3703
3704
3705
3706
3716
3715
7611
11475
551
10061
10060
3781
10063
10062
1990
2625
3782
11499
11500
10922
1996
3770
3769
2621
2622
2623
3784
1994
739
3768
3767
3773
3771
3772
3776
3774
3775
3766
1991
3764
3765
3763
3762
10059
1989
1998
1999
3760
2003
3761
2001
2002
3779
1986
1985
1984
1983
1982
1981
1979
1980
2000
3758
3759
9984
1992
3777
1993
1988
9290
1987
740
3785
3778
2382
4043
3787
4042
3786
10920
11786
4041
3792
3791
4038
3788
3797
3796
3799
3798
3790
3795
3789
3793
3794
4040
3800
4039
11788
11787
1995
738
737
2624
3783
8194
8193
3801
3805
3806
3807
10921
3802
3803
3804
3808
3833
736
735
9333
9336
9338
9332
9339
9334
9337
10049
9331
4350
4353
4352
4351
5047
5048
5043
5049
5046
5044
5063
5064
5061
5062
5050
5045
9335
10569
10567
10576
10571
10568
10572
10573
11575
11574
11573
10570
10575
5056
4311
5058
5055
5059
5054
5053
5052
5051
4310
734
10574
733
5057
10767
6819
5976
5017
5016
5018
732
8185
8186
8187
11060
11061
9835
9834
5019
11062
11063
10928
8640
10926
5025
5026
5027
5028
5020
8638
5021
5023
5024
8637
5022
5033
5034
5037
5035
5036
5038
8189
5065
10765
10766
5039
5066
5042
5041
5040
4952
4938
4953
5031
5029
8639
5032
8660
8661
8658
8659
8662
5760
5757
5030
10927
10929
5756
5759
4948
4947
4946
4949
4954
4950
4941
4945
4951
4281
4944
10790
4943
11779
11780
4282
4933
4937
4931
4942
4283
11764
11763
4940
4284
4285
4928
4926
4927
731
4315
4312
4314
4313
4096
8188
4318
4320
4319
4321
10924
10923
4317
4316
4280
10925
730
4196
4323
4322
4325
4328
4329
4324
4197
4198
4332
4333
4334
4335
4336
4330
4331
10596
4337
4326
4327
10597
7209
10595
4309
8882
4346
8974
8971
8965
4208
8183
8181
8182
8966
8967
8975
8978
8883
8982
8993
4347
4205
8995
8996
8997
8998
8992
8991
8994
11505
8999
9000
9001
9003
9004
9002
9009
9010
9008
9007
9006
9005
4206
8989
8985
8990
8987
8984
8986
8988
8981
8973
8980
8969
8979
8968
8977
8970
8976
8972
4207
8983
9128
4345
8688
765
8689
764
4343
10522
4344
9130
9129
763
4342
4341
4340
4339
4338
7208
4291
4299
4203
4202
4901
4894
4895
4898
11767
4896
4892
4893
4888
4891
11781
4200
4889
5060
4201
4886
4903
10410
4204
4887
4919
4925
10408
4885
4929
4930
4932
4934
4935
4936
4939
4955
4924
5015
10409
4920
5763
5764
4199
11501
4922
4905
11503
4908
11504
4907
4906
5758
5765
11785
4910
5767
10115
10114
4912
4914
11765
4916
4915
5761
5762
4913
4917
4918
4923
4921
11502
4890
11782
4904
4909
4900
4899
4897
4902
3459
4286
4295
4307
11784
4302
4292
4288
4294
4305
4911
4301
4308
5766
4296
4287
4293
11766
4290
4289
11778
4303
4297
4306
4300
4298
11783
4304
3460
7903
3295
3387
3360
3307
3385
11689
11690
3306
3354
3359
3346
3348
3344
3289
3326
3327
9974
3325
3343
3342
3424
3290
3421
3418
3419
3422
3340
3291
3339
3409
3337
3338
3335
3336
3292
3408
11755
3333
3334
11761
3293
11753
3403
11452
3294
8853
8863
8861
9392
3414
3299
3341
6010
5973
5974
3298
3426
3297
3345
3350
3347
3349
9973
9982
11228
11229
3296
3361
9981
3389
3308
3390
5975
3391
8819
8818
3386
8817
8816
3384
3383
3381
3382
11227
3380
3379
11560
3366
11561
11825
11824
7902
11559
11557
11558
3365
869
8812
8811
9980
3309
3368
3369
3377
3378
8190
11562
3364
11543
6852
9957
9956
9955
5776
11544
8820
3367
3370
8821
3371
3372
8822
3374
3376
3375
8824
3373
8823
9306
9307
9308
8826
9954
9952
9951
9302
9301
9299
9417
8841
9421
9423
9424
9427
8854
9428
7807
11600
3225
7999
7806
3224
9231
9409
9411
9406
8813
9410
9407
9408
9419
9422
9405
9402
8843
9403
9400
11545
8833
8832
9395
9414
9415
9305
9304
8834
9303
8838
9300
8842
8848
9298
8836
9416
9418
8847
9420
9425
9426
11152
7809
7811
7814
7815
7818
7820
7822
7823
7824
7826
7828
7830
2556
452
8860
7835
7839
7842
7838
3226
7673
7674
747
6006
6007
498
2586
7695
8814
7693
7694
9242
7644
9623
7643
9624
7645
7646
7647
7648
7649
7650
7651
8545
7652
7653
7654
7655
7656
7657
7659
7660
7658
7662
7663
5743
7666
7665
11833
7515
4182
7670
4180
7661
7667
7668
7664
7669
8546
5772
11758
7444
11773
7443
7442
7440
7441
11775
11774
7439
7436
7437
7438
11515
11770
11516
7404
11772
2521
11771
11769
2536
11517
5768
5769
5770
11776
11768
11777
11757
11756
7639
7516
7640
7517
7641
7527
7525
7523
7521
7522
7524
7526
7642
7671
7672
11817
5827
7518
7519
11147
5742
4157
11185
11186
10021
10022
10020
7733
7680
11816
11818
11815
11834
6821
4156
6623
7520
11149
11150
11148
11259
11258
10023
10381
4179
9572
9573
8080
8081
9563
8082
8083
9568
11823
9547
9545
9543
9567
9535
9546
10069
10068
10070
10067
11146
8085
8087
4183
8241
8240
8090
8091
11206
8092
8093
11208
11207
9914
9915
9918
9916
9920
9917
9919
6590
6587
6585
9381
9579
9577
9578
9575
9576
9382
8264
8267
8265
8266
10356
10355
10354
10353
9034
10351
10352
11219
9689
10350
10523
10524
10526
10527
10525
4020
5806
11218
11217
5807
5808
3953
5787
4030
4029
11216
755
5781
11212
11211
5782
10399
11213
4000
4001
5788
5804
11841
756
3968
3964
3967
4031
4013
5790
4026
11215
11214
5791
5805
4021
4011
5815
4012
3980
3981
4023
3978
3979
5811
5813
5812
5814
3982
6229
8520
3983
11649
11650
5810
8521
3984
3985
3991
5820
3990
3994
3995
6233
6232
9564
6235
6234
9569
11821
11822
9529
9558
9553
9544
9551
5823
4024
5816
3993
5821
9565
5817
5818
5819
3986
7953
9343
7722
7718
7713
7708
7703
7700
7697
8886
9344
7854
7855
7856
7857
7696
7698
7699
7701
7702
7704
7709
7707
7712
7715
7719
7721
7724
7726
7727
7729
7731
7730
7732
7679
7725
7720
11819
7723
7728
7678
7716
7711
11820
7714
7717
7677
7706
7705
7710
7676
7675
9621
9622
8619
8618
3227
7848
7843
500
3217
10644
3216
7853
3219
7851
3218
7852
3215
3214
7831
3221
3220
3222
3223
3213
9030
7821
7819
7816
7812
7810
7808
2552
2553
9029
10429
10430
2564
2549
11138
2555
2554
7825
7827
7829
8865
8866
8869
8871
10388
2551
8873
752
751
749
750
8884
754
5786
8874
8875
10447
8872
8870
8868
8867
7832
7849
7833
7834
7836
7837
8885
7840
7841
7844
7846
7847
7735
5778
7845
5779
7850
7817
7813
8815
8855
8859
8858
8857
9810
9809
8856
9961
9959
9322
8852
8849
8846
8845
8840
8850
8851
9963
9965
8844
9958
9949
9393
8837
9950
9953
9969
8830
9970
9972
3392
3388
8825
8828
11596
3356
3358
3353
3357
3355
3352
9971
9968
3351
3427
9391
8128
9966
9967
8129
8130
8862
9964
9983
8864
10681
9321
9040
3318
9960
3316
3314
9962
3313
9024
3310
748
497
3301
3319
3311
3320
3321
3312
3322
3323
3300
3324
3400
3328
3329
3330
3331
3332
3401
9042
3315
3317
9320
11754
3405
11762
3406
3402
3394
3404
3397
3407
3410
3411
3412
3393
3283
3282
3445
3446
3413
3447
3448
3284
3415
3285
3449
3416
3417
3286
3450
3287
3420
3423
3425
3434
3428
11751
3288
870
3431
3429
3430
3433
9020
11759
8179
11760
3432
9017
871
11752
9019
872
9018
9016
9985
3486
9986
3490
3491
3493
3492
11400
11397
11399
11398
11385
11386
11389
3494
8154
9015
3495
3277
3489
3485
3482
3479
3474
3278
10191
10188
10192
3279
3280
3502
3503
9930
5733
9929
5665
5669
5666
494
493
9940
11153
9941
492
8878
5667
5668
4159
9923
9924
9893
11155
11442
11440
11606
5657
5656
5654
5653
5655
5659
5660
5658
5661
11441
11156
11704
8880
8876
8879
8155
7858
8398
5582
5583
5580
5579
5581
4195
5626
5652
5624
5625
5641
4194
5640
5627
5639
4193
5623
5635
5631
5629
4192
5622
5617
5611
4191
5613
4190
5614
5607
5647
5644
5645
4189
4188
5589
5591
5592
5590
5593
5609
5608
5615
5646
5616
5612
5636
5650
5651
11384
11383
5637
5628
5630
5649
5648
5632
5633
5634
5642
5643
5638
5587
5584
5618
5585
5586
5620
5621
5597
5619
5600
5601
5598
5599
5596
5594
5595
5605
5606
5610
5604
5602
5603
5588
8399
8877
8881
3507
9013
3505
3506
9014
3508
3475
3509
3510
3511
11154
3499
3501
3498
10189
3504
9925
9926
9927
9928
496
5687
11233
9931
5662
5724
5726
5725
5723
5721
5709
5703
5704
5705
5706
5699
5700
5701
5702
9933
7402
11861
9932
3463
3496
3462
3464
3465
3461
3436
3443
3444
3441
3442
3439
3440
3435
3437
3438
3281
9058
9934
9935
9937
9939
5693
5690
5686
5689
5691
5688
5692
5696
5697
5698
8178
5695
5694
7430
7429
7431
5711
5713
5710
5972
7434
5663
11391
7513
7510
9241
7511
7514
7512
7508
7509
11634
7507
7506
7505
499
7692
3399
9041
3305
3304
3398
3303
3302
11514
9938
9936
6056
3396
3395
7734
3456
3455
3453
3454
3452
3451
3458
3457
3471
3476
3477
3472
3467
3468
3466
3470
3469
3478
3480
3483
3487
3276
11390
11388
11387
3488
3484
3481
8156
3473
3500
3497
495
5717
11232
11231
5718
11230
5715
5716
5714
5719
5720
5708
5707
7428
5722
5729
5712
5728
5730
5732
5727
7432
7433
7435
2528
2548
11862
11864
2527
2526
2547
11863
11865
2525
5731
2545
2546
11867
11868
2524
2540
2541
11866
2542
11870
2523
2543
2544
11869
11871
2522
2529
2530
2534
2533
5664
2535
5676
2537
5679
5678
5680
2531
2532
5682
5677
2516
2515
5681
5683
2514
2513
5684
2509
2508
2507
2519
2520
2539
4158
5672
2506
5671
2505
2504
5670
2503
5675
2502
5674
2501
5673
2499
2500
2512
2517
2518
7403
2538
2510
2511
5685
11171
10539
7405
9516
9520
9527
9513
9518
9508
10540
10541
7406
9521
9517
7407
9507
9523
8034
9524
8035
9512
9526
9514
8036
9519
4151
7408
7409
8622
8624
8623
8621
8620
11234
11235
11236
8625
11237
11238
8195
8033
8032
8215
8196
11239
11165
11240
11241
8216
8198
11244
8199
8200
8201
8628
8203
8630
8204
8202
8205
11267
11268
11269
8206
11270
8207
10691
8210
8208
10697
10698
10702
10699
10700
10701
10612
8211
10695
10696
10693
10692
10694
8209
8232
11273
11274
11638
11639
8231
11271
11272
10308
11262
11263
11264
11265
11266
10552
10553
10554
10555
8629
8631
10548
10549
10551
10550
8626
8627
11249
11250
11246
11247
11248
11245
11242
11243
8197
4165
9506
9522
9510
9515
4174
8037
10547
4155
9505
4160
8039
10543
10545
10544
8591
8598
8042
8594
8593
8599
8043
8044
8049
8595
8597
10546
8046
8048
8603
8596
8600
8601
8050
8602
8047
8051
8052
10808
10807
10801
10800
8067
11750
10802
10804
8045
8237
8592
8040
8038
8041
8589
8590
8214
8213
8234
9525
11260
11261
4173
8063
9511
7176
8235
8236
8238
8065
8064
9509
8066
8239
7170
4184
7224
8084
8086
7169
4161
5738
4059
4162
11251
11252
11253
4172
8088
10382
10383
11254
11255
8089
11257
11256
4164
4163
7737
11645
11646
11648
11647
9562
9538
9548
9555
9534
9559
9566
9539
9541
9537
9552
9549
9556
9533
9536
9557
9532
9530
9542
11654
9560
9570
9554
9571
4034
9540
9531
7736
5822
5825
5824
5826
8801
9574
9561
3992
3989
3988
3987
9550
3997
3998
3999
4025
4033
4010
3975
3996
5794
5784
3976
4022
3977
4032
5785
5783
5793
3974
3971
5792
3973
3970
4004
4008
4009
5797
5795
5796
5798
5800
5799
3972
4006
4005
4007
6611
3969
10564
3965
3966
5780
3963
10565
10387
10385
10448
11468
11151
10386
6756
6757
5991
5990
759
11313
11312
9031
10566
753
758
5803
757
4015
4014
4003
5802
4187
5789
4002
5777
8588
867
4185
6755
4116
866
692
1303
10450
9831
9832
10449
9033
10642
10643
3954
4019
3955
5877
3956
3960
5801
3959
5876
5871
5873
3961
5872
10529
5869
5861
5867
5870
5862
3962
5868
5874
5866
5863
4017
4016
5878
6765
10018
10017
4018
10016
4027
10528
5865
4028
3957
5864
5875
3958
10530
10531
6588
9687
10532
10533
6589
9688
10534
6586
4177
7215
7216
7218
7217
6745
4178
7221
6788
6787
10342
10346
10345
6554
6555
6556
10349
4051
4050
9686
8322
10236
8324
6753
6752
3102
11069
11075
11074
11072
11073
11071
11070
11322
11323
8331
10234
10235
6751
10348
6553
10344
10343
10347
10371
10370
10372
10368
10373
10369
11465
11466
4176
5740
7219
7220
8268
6744
6746
7213
7211
7212
8269
7222
9887
8431
9886
7223
9888
10327
8417
9885
9884
8315
11320
11321
8418
10329
10328
10330
10331
10332
8421
8424
8423
8425
8422
8420
8419
8316
6597
10333
10334
10335
10336
8262
10340
10338
10337
10339
8426
11318
8438
8317
9889
9890
9891
8439
9892
8442
8318
8430
10341
8429
8427
8428
11145
11319
11144
8446
8447
4058
8159
8451
8482
8483
8480
8160
8465
10321
8449
8448
8445
10322
8469
8472
8477
8471
8475
8476
8474
8479
8478
10325
10324
8468
8466
8464
10323
8463
8473
8461
8456
8460
8453
8458
8459
8462
8455
8454
8457
9465
9463
8276
4166
8611
11743
8612
11744
9462
4167
10363
11742
10318
4168
8613
10364
10365
10366
10367
10362
11032
10317
10316
11732
10249
10360
8053
10361
10248
10314
10315
4170
4169
10687
11741
10688
10684
10685
4171
10686
10304
8212
10689
10305
10690
8261
10682
9626
10683
11637
11636
8233
10319
10313
10312
10358
10309
10357
10359
10310
10311
8610
8078
8079
8077
11749
8076
8230
10799
8073
8071
8070
10797
10796
10798
8068
10794
10795
8069
10793
10811
10812
8072
10803
10806
10805
8074
8075
10810
10809
7175
8517
8433
8432
11195
8605
7173
7172
7177
7178
7171
7174
8434
11204
11205
11196
8604
11197
8606
8607
8608
8609
8161
10948
8162
8163
8436
8435
8437
8440
8441
9461
8157
8444
8443
9460
8158
8452
8263
11193
11194
11191
11192
8164
10649
10650
10651
10652
9464
6606
8470
8467
11051
6605
8489
8488
8491
4097
8496
11050
8495
11024
11746
8505
11747
11748
8511
8514
8512
8507
6629
6630
6631
8617
8616
8615
11038
11039
11036
11037
9944
9943
4098
4214
10536
10537
10538
11019
11020
4218
4219
11001
11000
10887
11012
7235
11007
7236
7237
10577
10578
11801
10579
11802
11008
11009
11010
11015
11011
11013
11014
11002
11003
11006
11004
11005
11018
11017
11198
6817
11016
10999
6600
6598
6603
4215
4217
10149
10150
10995
10994
10996
10997
10998
4216
10320
6604
10993
11042
11041
11035
11040
6601
6599
11043
6602
6748
8510
8509
11034
8513
8508
11033
11022
8504
11021
6749
8501
11029
11030
11031
9473
9474
11048
6666
11046
11044
11045
11047
9472
9468
9469
9467
11027
11028
11023
9470
9471
8492
8490
8486
8493
11745
10326
8494
8614
8497
8499
8502
8485
8487
8481
8484
8313
8312
8311
8362
8540
8450
6037
11143
11142
4057
4056
4055
4054
11056
4053
9883
4052
6559
11316
11317
6558
6560
11314
6557
11315
6562
6561
6569
4060
4061
6577
9946
9945
6576
4062
11813
11814
6581
6580
6813
6578
10138
10139
10137
6579
6584
6583
4063
8642
4064
4065
6033
6034
8503
6627
6628
11055
8498
8500
11054
8506
6038
6943
8641
6939
6946
11199
11200
6941
10125
10126
10127
6942
10124
6940
8655
8656
6036
11201
11202
6944
6945
6938
10148
11635
11203
8652
8653
6035
8654
9947
6025
6026
4066
9948
4067
4068
8649
8647
8645
8644
8648
8646
10140
8643
8651
6582
6816
6573
6574
6815
6814
6575
9037
6571
6570
6572
10128
6565
10130
10134
10129
10131
10132
10133
6568
6567
6566
10123
11057
11058
5737
5775
5734
8314
5735
6564
5736
6806
10122
6563
6811
6810
10121
6807
6808
11473
10135
8364
8321
8320
8339
8365
6812
8323
6805
6809
10240
8897
6552
8367
8366
10136
10239
10238
10237
10232
10233
8896
9036
9035
5233
8895
9685
8338
10535
5741
9881
9882
10907
10908
8336
8319
10444
8337
10445
8335
8334
6263
6262
6258
8330
8333
10374
10375
8332
6261
11324
6264
11325
6259
6260
3104
3103
6825
10977
6256
6257
10906
10440
10439
6824
10441
10442
6823
6826
6249
10435
10434
10443
6250
6827
10436
10437
10438
9879
9880
5739
6255
8329
10987
10904
4117
10728
4220
10903
10270
6253
10271
10269
6254
6241
6242
11076
8328
6243
6244
6245
6247
6246
6248
6205
10431
6203
6204
6199
6198
6192
6193
6200
10433
6201
10446
10295
10294
10296
10432
11118
11117
8327
8326
697
696
6251
6252
10520
10272
10521
10986
6202
6197
6195
6196
6194
6170
9878
698
9114
11584
11583
11582
11607
9113
11581
5880
5894
5893
6212
9111
9112
9107
9108
9109
10556
7227
9106
5856
9105
6210
6667
6638
7228
5855
7229
6213
6211
6207
6214
6206
6209
6215
6208
6216
6128
9047
9102
9103
7226
6129
10959
10145
6125
6108
6126
9054
10878
9091
9099
9101
9082
6124
6105
9067
9068
9074
9069
9075
9077
9080
9081
9092
9079
9078
9070
9071
9066
9065
9072
9073
9100
10117
9076
9063
5834
5835
9064
9062
9061
6087
6084
614
611
613
6459
6457
610
7045
9699
612
8310
701
10035
6782
6781
11809
11810
11454
6836
6735
10505
10504
6736
9504
11453
6738
6164
6733
6178
6179
10885
5895
6165
6180
10519
10988
10992
10991
10989
10990
695
9839
9840
9837
9838
6185
6183
6187
9841
9842
9844
9843
11579
11580
8243
9845
10451
10452
8242
10453
10454
10455
10460
10459
8691
9345
4175
9346
10458
10457
10456
8692
10465
10466
10463
10464
10461
10462
10467
10468
694
10470
10469
693
2977
2978
10471
10493
2964
2962
2974
2972
2973
2961
2957
2960
2959
2958
2956
1306
10482
10483
2965
2975
2976
2966
2970
2971
10474
10475
10476
2967
10473
2963
2968
2969
1302
10472
10491
10492
10494
10495
1304
10486
10487
10488
10489
1305
10478
10477
1301
9330
10484
10485
1300
9325
1287
11736
3085
11737
1288
10716
3081
3082
1289
2937
2938
10718
782
3078
3079
3080
781
3076
3074
2946
2947
3075
3077
783
784
2939
2940
2941
2944
2932
2931
2949
2950
2951
2953
2952
2948
2943
2942
2945
11738
2935
2933
2934
2936
10847
10481
10480
1299
1307
1286
1285
3951
9032
1284
3938
3952
1282
9500
9499
9326
1283
9328
9324
9327
6742
6172
6743
9329
7049
10502
10503
6173
10501
10479
10490
10497
10498
10500
10499
6177
6175
11576
6171
6174
11577
3937
3939
3947
3948
11132
3950
3949
9814
9815
9816
9818
11130
11131
9824
9826
9827
9825
1281
11578
3071
1313
1312
3068
1317
9026
8904
9028
3940
3069
3070
1315
1316
3073
9829
9830
8905
11463
11461
11459
3941
11457
11458
11460
11462
9828
3935
9823
9821
9820
9822
1314
9817
1296
10274
1295
6186
1294
1293
3095
1292
1291
3087
3089
3086
1297
3084
1298
3088
1290
3090
3083
10717
6182
6184
3091
3097
3094
3096
3093
3092
3098
3099
1310
3100
1309
3101
1308
10273
779
9158
10829
10745
2643
10823
10960
10830
10961
544
2645
2644
2646
545
471
2775
2776
2779
2780
2383
2384
11407
2774
2777
474
2778
2773
472
8774
8776
8773
8772
10393
9620
10392
10391
11406
8247
473
8057
6076
9616
9619
9617
9618
8056
8055
10255
479
8244
878
8245
478
1326
7950
482
477
2061
7948
445
7504
7503
7872
7500
7867
7499
7865
7495
7494
7496
7497
7046
7873
484
483
7949
7947
7946
466
462
449
475
8107
443
476
461
3207
3208
8108
11715
7401
7400
7420
7399
7398
7396
7397
7419
7951
2887
2888
10846
2907
2908
2889
2885
2900
7418
9449
9452
9451
9450
2892
2893
2891
7446
7448
451
10378
667
10376
1970
7032
1976
10377
10813
547
8394
8395
8396
2899
2898
2897
2896
2895
2890
2894
2906
2904
2903
2909
2905
2902
2901
2886
2914
2915
2913
725
727
6220
729
726
2917
11860
2912
2910
2911
11640
11641
2920
2921
2922
11716
10402
458
448
453
459
9485
6820
460
9486
5940
8565
11714
8566
11713
470
8568
8567
10289
501
11141
468
767
469
1456
1453
489
3835
2370
1454
2373
2371
3839
9310
3838
1455
2357
2363
487
2362
2360
2359
2358
2366
8217
2365
2364
8768
8767
9309
8889
8769
8888
3845
11826
11827
2377
3840
2361
8218
2376
761
868
8887
4248
4249
3847
3846
2375
2378
3932
771
9315
3931
3842
3841
10936
10938
770
6009
3844
2379
2374
760
762
11518
2381
2380
3275
8808
8802
7900
7901
8806
8803
8805
11223
11224
8770
8771
11225
11226
8960
3362
3363
11563
8959
11564
11565
8961
11566
8962
8963
8964
11567
11569
11568
9979
9978
8807
9976
3274
9977
9975
8810
8827
8829
9394
8831
8835
9396
9397
9398
9399
9401
9404
2550
10428
8839
8809
3228
11598
11597
5809
11599
490
8804
488
2954
2879
4148
4147
10909
10910
10911
10912
10913
11140
2878
11097
6766
2955
491
10937
769
8220
486
8219
3843
768
2367
5988
2368
2369
3837
3836
3834
7050
2372
6969
1452
467
464
3828
8397
10715
6968
11363
8025
450
9216
7159
11349
11348
3854
3855
10891
10890
3856
3865
3863
10892
3852
3853
3851
3848
465
728
3850
439
2916
3864
3866
3867
3868
3869
3870
3871
3872
3849
2918
2919
463
3780
8736
10019
8735
1972
11448
1974
3757
549
1997
3756
3754
1975
3753
9902
3755
1973
548
10705
10706
8917
8734
8920
8918
11333
8916
8732
8733
8919
8921
1971
8564
8730
8729
8731
8728
7624
7623
2004
11276
4149
602
603
7590
7620
7621
7622
10884
9869
9870
9871
6754
7589
9095
9093
7587
9097
9096
7588
316
7579
3695
3696
3697
3694
1020
7577
7578
7580
368
601
8906
7576
7575
3643
7574
7572
7571
7568
7573
7569
7570
7562
7563
7559
7558
3692
7179
9614
3698
3699
7586
9615
7584
11608
9605
9607
9094
11609
9606
9608
7548
7546
7542
7543
7547
6071
6070
6072
6069
7550
3691
6238
6237
7551
7552
7553
7554
5932
7555
3688
7549
3689
9318
3690
5933
5931
7556
5930
7557
7567
6642
3684
3685
3687
5938
3682
3683
5962
3686
5937
5939
7560
7565
3693
7561
7566
3680
3681
7564
7544
5945
7470
5946
7954
9210
5935
5948
7690
5936
7469
7299
5914
3649
5912
5913
3656
3655
3654
3668
6058
3669
3670
6077
3653
6223
3671
7023
6222
7022
3652
5986
3651
323
3648
3650
373
7478
7479
10218
9904
7480
6011
11478
5928
5927
7790
681
2005
9903
5076
1541
5074
5077
11730
823
11731
7488
7489
7490
818
817
10195
10196
5892
820
819
821
5891
7491
7492
9909
7941
4080
3873
4079
7945
7415
7414
7393
7502
7868
7866
7394
7395
7417
7416
7447
7501
6224
8416
485
7052
7047
502
841
7687
7498
7870
7864
7390
7391
7392
2012
8949
7410
7869
7786
7785
7784
7860
7871
7787
8899
10822
7691
10763
7788
10764
7424
7423
7427
7681
7781
6239
7422
7421
7389
7862
7859
10647
10648
7411
7412
7413
7943
7942
7944
9908
9906
9907
780
11729
10629
9022
8573
10727
11728
5080
1977
5079
5078
8933
1978
8937
8936
10039
8935
8934
7471
2009
1546
2008
2006
7472
7473
2007
7474
1542
1543
2010
1544
10258
6039
1547
1545
2011
8392
7475
7476
5949
7477
5934
7789
5075
7493
2924
0
