0
6141
4558
4999
4551
5004
4505
4863
4449
5125
4442
4960
4571
9030
4479
10693
3834
10700
8981
10697
4487
10694
4474
10692
8983
10698
4495
9029
4079
9031
4549
8061
4095
5687
11446
4950
4579
6229
8982
6218
4675
5374
9803
8279
9305
6137
4145
8668
4515
10695
4611
10699
4347
10696
4333
6061
4317
6005
4307
6004
4445
6056
4715
6302
4724
8669
4433
6057
4739
6352
4604
6308
4605
6002
9307
5372
9249
6222
11193
6217
9807
6048
4443
6101
4687
5075
4414
4706
4596
4712
4425
4648
4420
4708
9809
4587
4998
4216
4853
4600
8160
4538
4854
4496
4859
4695
9808
4619
4384
4594
4269
4465
4255
4460
4336
11310
9805
9302
4321
9304
4351
4399
4266
10680
4325
4563
4300
9301
4320
4528
4251
9308
4338
4434
4309
4471
4310
11311
4371
4514
4286
4517
4346
10369
4363
4330
9804
11312
4285
4552
9806
10423
4318
4521
4341
9300
4312
4554
4258
4546
4244
4569
4290
4379
4278
9310
4375
4996
4367
5967
3900
6049
4543
6303
4861
6310
4136
6227
4454
6219
4595
6223
4480
6097
4860
6142
4634
6305
4392
4992
4356
11313
5122
4453
5276
4462
9027
4386
4615
9234
4430
4323
4511
10688
4518
10687
4562
9236
4629
9237
4610
9235
4651
9233
4602
9238
4607
10449
4485
4488
4489
4306
4504
4354
4416
4448
4537
4364
4481
11049
4472
4412
4467
4342
4314
4241
4352
4238
4261
4282
10473
4262
4451
4298
10472
4326
4233
5024
3908
4888
4327
4680
3951
4743
7904
4296
4759
10551
4032
4350
3745
11370
4727
3985
11374
11195
4768
3710
4807
3685
8903
3866
10795
3657
11369
11609
4818
3566
4541
8574
4755
8576
4636
3589
9741
3574
10793
3570
10794
11328
10792
3584
4732
11327
4792
3610
4614
3569
11368
3626
4564
3717
4408
3770
9982
9742
4509
3555
11373
9755
9667
3759
9717
3811
4671
3787
4650
3818
4494
3878
8913
11194
4418
11301
4477
3840
4417
3934
4989
10222
4339
10448
4440
8109
9765
4135
4516
4259
9901
4217
4530
4192
4212
4211
4393
3824
4315
8905
4402
11297
5106
9346
5377
3893
5410
4045
5425
4038
4029
4034
4046
5319
4103
5305
4157
5246
9905
5174
4249
5134
11298
4814
9828
4627
11305
4461
11372
4881
4225
4581
9144
4267
7718
7980
4368
8875
9664
4084
8681
7881
5015
9908
4827
3971
4573
4170
4419
9929
9544
4023
5010
4201
5373
4051
4836
4139
5335
8781
4705
9145
4728
4048
9636
4173
9665
4007
4943
11371
4954
4169
5076
4183
4931
9952
4344
4080
7
11367
7717
7882
10379
3820
4464
3923
4508
9345
4427
4210
4203
4572
4057
4194
4535
4099
4204
8169
4010
10101
4053
4215
7716
4089
5012
4218
4920
4413
4134
4548
4376
4361
4155
4229
4510
11366
4207
4009
4401
4228
9896
9795
9534
7715
4803
9666
9895
4308
9537
4280
5204
4082
5388
4476
4895
4428
5092
9536
4968
4197
4150
9673
8172
9672
4438
8653
4534
9546
9630
4973
4391
9533
9652
5502
4520
10749
4586
7733
4353
9538
4343
9535
4362
9539
4396
9610
10380
7759
4475
4380
4468
4444
4513
4458
4355
10750
4547
4214
9638
4913
4469
7761
9640
4924
9631
7760
4478
5009
7714
9543
4358
5047
7713
5036
4497
9541
9656
4466
9540
10751
4348
4593
11304
4693
9646
10638
4441
9616
4357
9545
4050
9542
4372
4866
9639
4657
4486
4618
8798
4603
9637
4584
7705
4681
4435
4934
4387
5066
4340
4667
4303
4772
4490
9886
4410
5087
4526
9844
4223
4452
4175
5303
4240
5279
9629
5139
4243
9900
4283
10
3897
4389
10033
4250
4040
8494
4075
11376
9959
4395
11302
4592
7879
4608
3709
3955
4835
3683
4276
3656
5072
3707
8780
3708
4714
4021
4707
3945
8495
3974
5000
3917
8755
4013
4506
3841
8509
3946
4612
3939
4923
11059
3941
3944
10305
4231
3794
5045
9954
5041
4018
5067
9953
10790
9951
9956
11445
4591
9722
4284
3624
4785
3565
7876
11325
4659
3596
4917
3583
9957
3580
4726
3612
7875
8575
4791
3575
4074
3554
4951
3573
4093
11326
4397
3550
4940
3711
4852
3959
4264
4096
8070
3988
4316
3930
4748
7877
4631
4019
4878
3966
5011
4059
4256
3916
10227
4076
4493
4106
9869
8209
4555
3838
10167
3715
8071
3786
9339
8904
8508
9754
4661
3793
4247
3986
4912
9340
4232
3860
11375
3817
4382
3762
4404
3857
4519
3979
4918
4177
4831
9955
4678
4202
4885
4275
4858
9958
4697
4239
4902
8056
4525
8111
4718
4245
4742
4270
9766
11303
4394
9059
8047
10445
4390
9142
4456
7869
4499
10689
4540
10446
4575
10690
4560
9231
4606
9230
4623
10447
4588
4529
4644
4556
4580
9232
4683
4373
4639
8212
4577
6307
4388
6143
4665
4952
9802
9303
10561
4574
8767
8765
8771
8768
5964
8766
5937
5958
10707
8661
8678
8662
8677
8676
8660
8769
8764
8770
9756
8315
9757
8318
8373
8374
8144
8266
10820
9598
10691
10821
10822
8358
8359
8145
8146
8155
10823
8156
8157
8158
6062
6153
8154
6070
6273
6301
8159
6069
6032
6052
6079
6478
6537
6539
6589
7744
8298
7745
7740
11560
11603
7746
11348
6403
9578
8317
9010
8316
8300
9577
8818
9026
10722
10233
10721
10720
9025
10404
10405
6536
6341
10234
10235
6604
6494
10830
10829
10828
6565
10831
6489
6558
6564
6598
7747
6945
10229
6885
7017
9133
9091
9092
8129
8127
7649
7611
11453
7212
7214
8113
7523
8128
8632
9294
7057
7069
7028
11349
7234
8736
8724
10189
10190
7095
7138
10936
9749
7170
8822
7192
9779
7272
7650
8723
7107
7100
7092
7002
6991
6988
6984
6976
6975
8722
6970
6835
6838
7743
10236
9724
7742
6619
8132
8133
10230
10231
6475
6535
10232
7741
8299
6702
10931
6951
6957
8219
9135
7176
7355
7356
11604
7361
7364
7509
7586
8710
8711
9156
7592
8709
7397
11605
7352
9343
6922
6920
6930
6748
9780
6731
6600
6520
6515
6508
6513
11347
7739
10413
10708
9314
9315
8147
8142
8143
8151
6188
8152
8153
8304
8355
8303
8361
8360
8375
8150
8148
8149
8220
8221
6053
6020
10657
6166
6023
6021
6165
6170
6019
6024
6168
6195
10846
11553
6189
8343
8516
8073
6283
6309
11513
8072
11444
8559
8552
6420
8558
8560
8554
6422
6417
11555
8561
6522
6534
8557
8553
11551
11548
11550
11549
8555
8551
8550
6613
6601
6533
8556
11556
6540
11557
6587
6574
11559
11558
6618
11566
11565
6691
6744
6734
6720
6636
6706
11579
11580
6752
6765
6769
8069
11561
8068
6818
6811
6804
6810
11562
6827
6886
11543
11545
6813
6740
6750
6843
6867
8067
11542
11544
11541
11540
11539
7063
7156
11538
10187
10186
11537
7504
11535
8547
11536
7497
11534
9165
7488
7467
10972
7469
7496
10464
10973
11531
11533
7480
7453
11532
7447
7446
7419
7421
7405
11530
7398
11529
11528
7336
7289
11527
7280
7247
7181
11526
7042
6851
10454
9857
9658
9858
9855
9860
10456
9655
8720
10942
11485
9390
9376
11483
11482
11481
11480
6710
8721
10542
11488
6705
6692
9096
6799
11491
11490
11489
11494
11493
11492
6936
8762
11498
10909
11497
11495
11500
11502
11501
11499
10621
9781
6846
6888
8112
11514
7221
11516
11518
11517
11515
7121
7078
7082
7075
7073
7029
11520
11521
8243
6999
6990
9572
8735
9654
8719
6812
11484
6756
11486
11487
6749
6754
6772
6782
6857
6918
6963
9856
6965
9853
9854
8210
7647
7644
7560
7522
8472
8604
7646
9599
10856
10857
7648
10808
7633
7645
8603
8605
10855
8634
8796
7604
7642
7643
7556
7505
10743
9787
7462
10744
7456
7423
10745
7332
7383
7172
11205
11076
11078
8284
11077
10094
9821
10096
10095
7044
7083
7070
10502
10156
7055
11075
9407
7114
10259
10667
7177
7169
10251
7167
7160
10255
7136
7115
7099
7116
7098
7118
7129
7147
7146
7178
10155
10666
7196
10252
10260
10256
7313
7260
7277
10258
10257
7241
7319
7297
10254
10253
7300
7360
7350
7326
7331
7236
10673
8817
10263
7249
10264
10265
7200
7208
7209
7261
10261
10262
7271
7334
7303
7292
7253
7274
10393
7242
7243
7248
7218
7223
7217
7191
7205
10394
7179
7185
7155
7162
10392
7190
7159
7143
7140
7120
7077
7106
7119
7133
7124
9826
7174
7131
10154
7086
7084
7076
10271
7093
7080
7088
7038
7047
10270
7050
7027
10269
10266
10268
10267
7039
10368
6959
6989
6981
10366
7036
7009
7026
6966
10367
6950
11208
10100
6909
11207
10468
6952
10469
6941
6944
6933
6940
6948
10212
8792
7037
7019
7018
8276
7049
7030
7011
6978
6992
6979
7016
6986
6972
6946
6928
6916
6905
8714
8713
6890
6898
6927
6956
6931
6943
6934
10471
6919
6917
6910
6902
6883
6889
6869
6861
10209
10210
6841
9746
10470
6877
9745
10126
6921
9890
6912
6913
6935
6901
6850
6820
6847
6834
6781
6794
6816
10297
8712
6807
6825
6798
6815
6808
6814
6823
10206
10207
6852
6845
10208
6848
10211
6809
8077
6770
8715
8076
8189
6779
8188
8187
8186
6792
11350
11351
8075
8185
8074
8184
8183
8182
8331
8180
8181
6832
6821
8332
6806
9361
9362
10682
10683
11317
10684
6703
11318
10605
6679
6682
6718
6737
6753
6784
10408
7821
11072
11073
7157
10328
10326
10327
10333
10332
10335
10334
11057
10331
11056
10329
10330
8777
7411
8175
10093
7822
7379
7449
7444
7466
7499
7507
7514
7583
7591
7584
7599
7605
7613
7625
7621
7606
7601
10200
10201
7585
7582
8650
8649
7565
7579
7566
7580
7581
8647
8648
7563
7578
7574
7562
7561
7549
7546
7543
7529
7527
7515
7485
7472
7459
7457
7464
7486
7495
7498
10129
10649
7526
11220
10651
10548
10547
10650
10128
10127
7533
7538
7537
7559
7557
7539
7540
7541
7542
7555
7554
7553
10467
7535
9775
7640
7641
7638
7639
7635
10148
7630
7623
7620
10149
7612
10150
9386
10147
7636
7637
7634
7624
7616
7618
8652
7594
7569
7588
7576
7571
7577
7590
7589
7567
8776
11342
8599
7545
7530
7520
7531
10463
7506
7510
7503
10462
7479
7476
7470
7461
10466
7445
7452
7430
7425
7406
7431
7432
7424
7436
7429
7962
7402
7404
7413
7416
7422
7451
7513
7544
7534
7532
7558
7551
7548
7524
7521
7519
7492
7481
7477
7493
7508
7517
7518
7528
7536
7550
7573
11356
11354
11360
10338
11358
7603
7602
7614
7610
7622
7619
7629
8616
7628
7626
7615
7617
8617
7607
7600
7598
11359
8549
8295
8548
8408
7631
8305
7632
7627
7575
8297
8296
11357
7609
7552
7547
7964
7525
7482
8746
7442
7434
7428
7415
7392
7401
7395
7407
7408
7389
7966
7371
7387
7376
7357
7311
7335
7318
7295
7254
7282
7308
7314
7338
7348
7365
7382
7377
8759
7393
7403
7374
8086
7328
10398
7305
7284
8945
7278
7262
7239
7245
7225
7233
7207
7189
7211
7219
7246
7267
7285
7301
7310
7312
7333
7315
8018
7281
7298
7323
7337
7358
7380
7388
7391
7386
7375
7366
7343
7304
7316
7321
7345
7351
7354
8483
7349
7344
7362
7370
7372
7378
7369
7353
7339
8485
7329
7306
7287
7283
7288
7275
7258
8174
7263
8107
7230
7216
7197
8479
7202
7213
7256
7268
7250
7244
7229
7210
7201
7187
7175
7166
7150
7168
7144
7094
7090
7117
7141
7158
7163
7180
7193
7206
7220
7238
7251
8486
7276
7270
7257
7273
7279
7290
8484
7296
7302
7324
7341
7359
7363
7373
7938
7399
7390
11355
7412
7418
7400
7330
7325
7340
8477
7265
8026
7224
7227
7222
9369
7203
7195
7194
7188
7183
7153
10047
7171
7186
7204
7226
7235
7255
7269
7286
7231
7240
7215
8478
7199
7198
7184
7173
7164
7161
7149
7139
7113
7109
7123
7111
7128
7130
7126
7137
7134
7145
8480
7152
7125
7103
7104
7096
7108
9370
7112
7067
7056
8001
7061
7097
7058
7059
7054
7052
7034
7006
6997
7007
7012
7046
6983
7043
7041
7035
10654
7023
7033
7087
7081
7085
7074
7064
7053
7819
7817
7815
7813
7811
7809
7165
7810
9363
9609
9737
9739
10984
10937
10903
10902
10286
9888
9887
9892
9891
9814
9815
9816
10307
10306
9817
9818
10613
7812
7814
7816
9889
7818
7820
8429
10904
9608
9607
9738
9735
11055
6892
9736
6998
8481
7014
7008
6974
6953
6969
6961
6938
6926
6907
6911
6923
6958
6947
6939
6906
6870
6882
6891
6904
6903
6895
6887
6868
6875
6849
6856
6828
6805
6844
6864
10804
10806
6872
10543
10451
10364
10363
9272
8964
10046
10452
9753
6669
6719
6759
6796
6819
6880
10938
10939
6897
6900
8512
8511
8519
10544
6786
8176
8401
6925
10633
8059
8400
7013
7025
7045
7066
7089
7065
10072
8341
7961
7958
7959
7960
8340
10070
10071
10591
10590
9253
9254
9255
9257
9258
7934
7327
7317
7299
7293
7294
7307
7320
7347
7367
8399
7384
7394
7396
7417
7410
7385
7414
7420
7433
7435
7454
7465
7475
7487
7471
7455
11307
7438
7427
7440
7450
7443
7458
7478
7494
7967
7500
7516
7512
7511
7502
7501
7491
7489
7490
7484
7483
7474
7473
8602
7460
7448
10274
10273
7468
10214
7463
7441
8293
7437
7426
7439
7409
7951
7381
7954
7955
7956
7957
7953
7952
7368
7950
7949
7346
11439
11438
11437
7252
7291
7266
7232
7228
9256
7148
7182
9252
9251
7127
7122
7935
8951
7060
7040
6980
7003
6982
6968
6993
6973
6960
7020
7015
8482
6996
6977
6964
8965
6949
6937
8934
6929
6908
6899
6878
9378
8963
6826
6842
6831
9379
6860
6789
10199
10805
10802
10803
10801
6839
10807
10526
6742
10525
6743
6707
10325
10324
10059
10056
10058
10055
10061
10057
10054
10681
6659
10060
9862
11101
6655
6661
6671
6648
11477
6644
11102
8021
10309
10308
9838
6623
6585
6551
6529
6503
6456
6498
9773
6462
11319
6476
6429
6369
6376
6371
6359
7999
10599
10509
11200
8227
10600
7868
10389
6543
6542
6538
6560
6562
6572
6584
6599
10388
6577
6586
6597
6609
6616
6622
6696
6685
6701
6697
6678
6668
6800
9397
6773
6758
9727
6724
6730
6722
6716
6714
6725
6728
6723
6713
6695
6708
6694
6653
6632
10508
6631
6628
6652
6643
10390
6640
6638
6645
6649
6654
6660
6663
6675
8240
6683
6686
6700
6726
11613
6704
6698
10053
6711
7656
8162
6684
6673
6667
6658
6650
6641
6629
6617
6590
6580
6544
6519
6511
6477
6471
6464
6461
6486
6457
6453
6438
6445
6433
6427
6407
6390
6378
6360
6336
9705
6242
8225
6215
6178
6147
6112
6220
6241
6332
6330
6331
8226
6346
10510
6266
11201
11202
10492
6232
6245
11203
6145
6135
6151
6105
6074
6087
6034
6098
8752
8600
6121
6133
6131
6150
6235
6202
6175
6140
6129
6162
6228
8254
6304
6293
6278
6261
6213
6194
6184
6167
6111
6108
6130
8274
8203
6128
6139
6182
6234
6159
6136
6077
6040
6022
5988
5932
5918
9876
6006
9878
5915
8533
5974
5949
5982
11523
6063
10632
6080
6043
10157
5962
5999
6035
6030
6001
11522
5966
5930
5891
5904
5857
5827
5842
9875
5861
5844
5811
5782
5783
9879
5776
5777
9877
5807
5802
5805
5841
5863
5890
5927
5916
5921
5961
8177
5912
5936
5979
6037
6093
6118
6149
6193
10834
10905
6224
6300
10396
10397
10480
10835
11100
10839
10838
11098
10836
11099
9820
10837
8020
6406
6358
6292
6174
5998
5992
5907
5900
8824
9819
10220
9399
5865
9291
8825
8826
8823
11411
11187
10221
10219
10706
10705
5390
5351
5507
5600
10770
10704
5616
5683
8833
5730
5741
10609
5736
5747
5751
5760
5791
5818
5815
5786
5816
5851
5879
5897
5911
5905
5852
5866
5847
5828
5800
9391
5756
5735
5717
5727
10653
5725
5704
5685
5692
5709
5718
5699
5550
5640
5622
5535
5459
5314
5445
5317
5180
10049
10050
8110
5438
5458
5233
5450
5525
5586
5663
5628
5583
5612
5668
5639
5630
5593
5538
5468
5412
5353
5191
5284
5170
5186
5198
5213
5318
5331
5371
5426
5470
5396
5267
5571
5617
5677
5684
5712
9915
5773
5759
5752
5719
5722
5728
5698
5691
5665
5636
5575
5347
5582
5594
5631
5655
5689
5695
5694
5713
5716
9921
5806
5784
5795
5812
5829
5855
5886
9916
5765
5763
5755
5731
5748
5737
5745
5780
9400
5762
5758
5750
5793
5803
5809
8326
5913
5945
8233
5972
6180
8234
8497
8498
8178
8325
9003
8025
11096
6500
6594
9404
9403
6606
8242
6620
11576
10630
6633
6656
6651
10151
8124
6611
6504
6693
10099
8499
10098
6556
6605
6608
6625
8898
6646
10987
9999
6715
8524
8525
6689
9405
6642
6635
10319
6557
6517
6501
6490
6452
6496
6550
6554
6582
6523
6528
6491
6509
6455
6430
6518
6507
6483
10248
10247
6451
6484
6499
6467
6443
6414
6384
6354
6314
6306
8790
6413
6325
6362
10249
6408
10250
6395
6401
10618
6365
6368
6297
6316
6275
6240
6209
6177
6154
6109
6113
6103
6092
6102
6124
10275
6173
6251
6252
6244
6236
6231
6169
6148
6116
6106
6107
6095
10277
6160
6172
6361
11469
6348
6374
9822
6383
6398
6410
6416
6402
6424
9823
6458
6448
6436
6419
6404
6391
6363
6379
6323
6344
6290
6176
6199
6230
6272
6285
6171
6204
6239
6343
6357
6375
6377
6328
6382
6397
8078
8079
8080
8081
8695
6324
6296
6117
6055
6120
9208
9209
6179
6191
6339
6345
6326
6289
6286
6281
6322
6319
6313
6246
6255
6271
6342
6337
6347
6318
6247
6284
6050
6012
5978
8409
5901
5893
5877
5808
11092
8751
5792
11093
7726
5726
7727
5729
9377
5723
5734
5749
5761
5768
5788
5794
5801
5873
5874
5859
5845
5830
5820
5804
5790
9392
5796
5775
5764
5742
5810
5824
5838
5823
5833
5846
5867
5902
5869
5872
5849
8412
8410
5910
5928
5975
5941
10032
8411
5922
5903
5950
5944
6014
6028
6068
6082
8438
6164
9004
6152
6287
6298
6349
6315
6317
6340
6399
6372
6396
6394
6393
6435
6437
6439
6441
6463
6450
6425
6412
6400
6388
6380
6373
6356
6409
6442
6418
6454
6434
6466
6449
6482
6459
6495
10097
6423
6440
6506
6547
6552
8342
6493
6570
6630
6596
6579
6569
6555
6527
6505
6531
6566
6526
6549
6563
6575
6578
6561
6553
6541
6548
6614
6624
9402
6639
6727
6662
6687
10001
10002
6717
11577
9401
6732
6745
6767
6751
6738
6736
6721
10000
6690
6664
6627
6595
6588
6581
6615
6626
6607
10238
6576
6592
6612
6735
10245
9322
7001
7022
7032
7048
10606
10608
10607
10361
9222
11332
7151
7237
7259
11080
7570
11079
7572
7587
7597
7596
11048
7608
11047
7593
7595
7568
7564
7110
7101
7102
6932
7072
7091
6914
6881
7000
7154
6942
6995
6854
6915
8503
6795
8500
6762
6768
6791
6802
6836
6817
6833
10652
6873
6866
11064
10409
11071
11321
11320
11067
11066
11069
11068
11070
10809
10810
8896
8889
8888
10812
7132
8893
8890
9744
10391
7005
7024
7051
7021
7068
7062
7142
7135
7071
7079
7031
7010
9398
6924
8891
8892
8897
8894
8895
10004
9207
10811
6894
6893
8526
6896
6884
6876
6863
6830
6874
8163
6855
6871
6859
9396
9334
9335
6837
6822
11065
9330
6778
6764
6776
6803
6801
6785
6790
6793
6774
6797
6783
6771
6757
6763
6780
6787
6775
6761
6733
6755
6760
6741
6746
6729
6712
6699
6747
6766
6777
6788
8501
6829
6824
8502
6879
10003
9411
9412
10091
10090
10727
10729
8611
10728
10089
11575
11571
11570
10980
11573
11572
10981
10979
10978
10977
11569
10976
11574
10975
10974
8819
10982
10631
10092
8820
6853
6858
6865
10656
7264
6987
6985
6840
6962
6994
6971
6967
6954
7342
6739
7322
7309
9827
9408
11460
11452
6862
6955
7004
7105
6532
10068
9810
8207
8205
9811
8206
8204
9751
9720
7989
9721
11430
5071
5395
5379
5408
5407
5555
5819
5860
5880
8473
5871
5875
5953
5989
6335
5715
6036
5980
5987
5981
8179
5956
5977
5970
8164
5826
9384
8330
9385
5858
5868
5839
9383
5835
5778
5781
5769
5878
8165
10642
10645
10644
10641
10643
5994
8682
10640
10646
10639
8166
6008
6015
6026
6047
6029
6067
6073
6088
6099
6104
6031
6115
10069
6126
6205
6311
6411
6127
6444
6392
6415
6474
6516
10278
10243
10647
10648
10244
8717
6545
6512
6530
10239
6510
10241
6497
6446
6473
10240
6447
10237
6421
6291
6262
9740
11610
6426
8716
6559
6593
6602
6621
6637
6657
6680
9298
9297
6670
9296
6688
6676
6665
6647
9295
6666
6674
6681
6603
6610
6583
10620
6524
10242
6488
6405
6364
6431
6381
6350
6327
6249
6226
6203
6181
6221
6263
6366
6320
6294
6295
6288
6256
6276
6237
6248
6146
6225
10628
6207
6134
6072
5983
5917
8314
5986
5929
5931
5935
5952
5976
5991
6009
5939
5963
6051
6016
6013
6081
6155
6125
6084
6065
6039
6025
6011
5971
5951
5934
5909
5881
5947
8788
6003
8443
8442
8440
6123
6096
9824
9825
8444
6007
5997
5973
5969
5954
10279
5948
5984
6090
6054
8439
8441
5946
5942
5933
5919
5898
8312
8313
5876
5892
5906
5920
5895
5862
5831
5853
5843
5825
11467
11468
5753
5774
5799
5822
5772
5732
5733
5613
5693
5714
5291
10362
9409
8887
8884
8883
8878
8880
8885
5546
5272
11409
10986
11410
8899
8879
8881
8882
8886
5560
10985
5304
5382
5366
4491
9200
9199
9198
9194
10184
10044
10461
9193
9204
10043
9201
9206
9203
9752
9196
9197
9195
9205
9202
10088
9602
3977
11324
9065
9459
10886
10887
10884
11525
10883
10885
9940
3536
10888
10889
10890
8918
10892
10891
9606
9604
9605
10990
10894
10893
8125
7894
10781
8968
8967
8975
8976
8969
8972
8966
8970
8971
8973
8974
4069
4071
10780
9067
8980
8977
8979
8978
8311
3922
10779
9603
10246
4415
5079
4963
18
4889
10778
10776
10777
3911
19
3388
2795
9367
2722
2828
7655
2746
7654
2839
8807
7682
3124
8871
9894
7661
11606
8866
8868
7658
2524
2504
2401
2322
9718
2425
2188
8198
7668
1813
8199
1908
1983
2100
11145
8700
9358
8218
7662
8869
7666
7664
11144
7679
8702
8706
8863
8862
9848
9849
8848
8860
7673
7671
7675
10475
10476
10479
10477
7678
7669
10478
8704
11426
11432
11424
10197
11431
8850
9318
7831
8954
10772
8849
9319
11650
8851
8853
10196
8855
11423
11425
10460
8854
11427
11428
8852
8057
11647
11648
10507
11644
11607
11643
11608
11646
10506
11645
11649
8705
9776
8707
8708
9777
8703
9111
9834
9835
11451
11450
9832
9831
7670
9830
9852
9851
9850
9492
9833
7672
11062
8701
8859
11050
10971
10970
11626
11625
11506
10992
10959
10961
10960
10968
10955
11337
11338
11336
10957
11001
10954
10958
10969
10995
10967
10993
10953
10998
10956
10999
10997
10996
11000
10994
10964
10966
10963
10965
11509
11507
11508
11510
11624
10962
11052
11051
7667
11651
11433
11420
11416
8864
11417
11419
11415
11412
11418
11413
11414
7665
7663
9865
9112
9784
7677
7676
8856
7674
8861
2126
11614
8865
8867
10565
11612
10410
9134
10774
11611
7660
10564
10773
10563
10566
7659
2387
2580
8698
8699
9836
2451
2334
8697
2693
2728
10655
9406
8685
8684
8683
11429
2897
2864
10775
7657
8936
2788
9778
8935
8870
8872
2923
3000
7681
3164
11461
3064
3102
9138
9139
9140
7680
9137
9729
9141
3052
9136
9728
7895
11615
10567
10568
9351
9131
9130
9132
9128
9129
9353
8351
8350
8353
9352
8262
8352
8261
8260
9837
8259
9126
9125
9119
9114
9120
10569
9118
9121
9116
9115
9117
9122
10570
10573
3066
11063
3103
3141
10572
10571
9159
9113
3226
9885
9164
3248
9123
3291
3233
17
3162
9163
3203
3255
3294
9475
3381
3428
3332
9474
3476
3498
9350
9162
9127
9158
3218
9160
9157
3237
3289
3259
3286
3267
9161
3402
9124
3316
3372
3391
8797
10574
8263
8258
8257
3588
3693
9872
3747
9871
3543
2336
1242
758
8984
8988
535
597
617
9918
9797
9167
727
9917
10223
10304
9747
2197
9799
740
8987
8507
8506
8990
11204
9930
526
8989
515
498
586
716
665
663
670
888
710
10854
8117
726
11219
666
662
671
651
600
632
645
619
626
614
610
579
560
585
596
631
10045
718
8118
8937
8119
8120
823
835
842
757
714
701
693
11209
8457
11212
622
11082
595
11211
11081
590
11210
11213
621
599
8455
574
576
550
563
561
580
8456
548
559
583
612
647
589
578
569
11217
549
545
11216
530
529
523
11215
533
536
11214
558
532
539
556
11218
575
638
613
618
588
587
577
603
592
636
653
669
733
773
746
731
703
722
691
737
734
8941
8289
8938
11206
790
917
984
1094
8940
1220
8939
11266
11267
11265
11264
8122
8123
11156
11262
11263
9883
9882
10347
9881
11260
11261
1425
1381
1329
1255
1219
1232
1174
1114
1067
1023
1066
11159
925
11329
11330
977
896
1196
1302
1361
1154
1277
1299
1383
1313
1340
10901
1390
1367
1363
1349
1280
1320
1324
1244
1269
1290
1254
1165
1211
1238
1184
1205
1178
1243
1179
1217
11393
1124
1092
1045
990
1029
952
605
690
7697
864
792
764
678
719
694
730
805
844
867
903
963
907
873
846
723
702
735
762
804
10110
858
915
940
906
885
10111
988
1004
1005
1014
967
1036
1033
1028
1043
1042
1012
1041
1037
980
1022
1057
1062
1093
11394
1126
8278
1423
1127
1116
1102
1082
10671
10668
10672
10670
10669
1064
10031
857
964
920
924
895
889
875
8302
10603
11392
10602
602
604
566
11315
10604
10203
11316
11314
10440
10553
10441
9620
564
519
518
8696
9264
9263
10499
482
464
452
445
470
478
10552
460
461
7730
436
466
467
9829
11323
10920
408
407
404
413
11322
7729
334
483
8462
491
490
9005
346
499
492
507
8275
306
514
8464
8463
272
357
415
493
501
9006
8461
623
620
8465
10296
10294
650
10293
656
646
655
672
739
791
780
841
833
821
812
788
772
769
870
877
892
914
982
9567
1131
1210
1049
1091
1027
10295
987
905
872
928
7847
7852
969
1031
1072
1123
1206
1261
1337
1451
1389
1475
1419
1326
1250
1231
1115
1100
1044
7848
7851
1075
1111
1146
1200
7844
1143
7853
7854
1177
1188
11034
7856
9064
8195
1227
1293
1369
1407
1403
8193
8194
1480
1550
9925
1509
1452
1352
9924
7857
7859
10814
1639
1724
8222
1839
8197
1966
2032
2063
2069
2140
2244
11131
11180
11179
11178
11176
9928
1901
1974
2023
2010
2080
10627
2055
2114
11496
2194
2213
2279
8787
11129
11128
11221
11222
9558
8035
3165
8789
11225
9966
9561
9560
2954
2902
2857
2810
2733
2640
2550
2466
9945
11127
11125
10026
11126
11130
2449
9946
2478
2416
2539
2484
2428
2348
2180
2036
1877
8196
1850
1812
1819
1682
1715
7861
1618
1599
1559
1432
1374
1265
1344
1348
1386
8395
9019
1492
7862
7860
7855
1192
8436
7903
7902
863
865
8319
8437
7901
979
8774
1294
11033
11032
1375
1140
845
1213
1251
1275
11103
11105
1357
10800
1401
8991
1402
8992
1436
8993
9023
1458
1472
1488
9018
1440
1478
1554
9884
1666
1786
1795
1837
1905
1792
1891
1928
1994
1935
1961
2034
2249
2083
2108
2035
1944
1932
1945
2134
2110
2091
2168
2315
2351
2377
2437
2385
2299
2277
2362
2293
2456
2386
2430
2481
2513
2522
2479
2467
2494
2523
2450
2366
2303
2177
2087
2125
2037
2099
2169
2245
2283
2332
2388
2447
2312
2400
2475
2506
2609
2652
2721
2784
2825
8948
2791
11241
11239
2873
8052
11240
2932
2946
2984
11238
11237
11236
11229
11230
11234
2968
2970
2925
2912
2861
2800
2740
2845
2852
2896
2907
11235
3082
3046
3123
3171
3178
3149
2988
9293
7897
2904
2893
2920
2941
8510
2972
2957
2926
10310
8108
3080
3111
3208
3227
3290
3363
3413
3478
9723
3337
3311
3247
3161
3135
3090
3236
3315
3325
11286
3464
3494
3503
9976
3508
3490
3458
3459
9090
11285
11284
9978
9563
3556
3500
3542
3586
3601
3605
10746
9562
8738
11278
10711
11279
3524
3571
11275
11276
11277
11274
11273
3807
3848
10105
8050
10109
9564
3679
3645
3647
3649
3568
3469
10442
10443
10341
3366
3303
3329
9972
3270
8033
10340
9977
10733
8065
8914
8915
3293
7758
3355
9001
3273
3412
3463
3525
3452
3399
10527
3483
3397
3401
3365
3429
8031
8032
8030
10841
3521
3486
3516
3510
3522
3541
3582
3591
3579
3576
3641
3635
3644
3665
7734
3845
8839
11282
11281
7735
3880
8337
3901
3947
3909
3933
4000
4087
4129
4107
4140
4153
4109
8135
4091
4064
4062
4020
4063
4184
4193
4205
4190
4108
4092
4044
4016
4004
4006
3839
3784
9897
7973
3831
3889
3884
3876
3870
3990
3970
3998
8376
4028
4043
4060
3978
3961
3958
3973
3972
3969
4088
4083
4230
4252
4398
9002
4378
4174
4166
4148
4144
4198
4213
4281
4304
4345
4349
7694
8835
8836
4328
7696
4271
7695
4305
4322
4383
4331
4359
7914
4423
10316
4484
4492
10784
8739
4567
4566
4638
9912
9576
4830
8190
4781
9841
9911
10078
9573
9034
9033
9032
9289
7838
8192
10703
9840
8191
7837
9290
11524
4679
10940
10318
4686
4685
4622
8745
4539
4470
4459
4365
4377
4439
4429
4421
4400
4324
4268
4224
4294
4208
8742
4219
4234
4172
4180
4151
4158
8743
8741
4179
4227
4274
11478
4163
4167
4188
4299
4199
8517
8504
8740
7916
7915
4185
4160
4132
4085
4061
4081
4027
9008
11564
11505
11503
11563
9007
3949
9579
8737
11283
3816
3780
3761
3766
9910
11280
11519
3724
3692
7736
3617
8654
8655
3669
3703
10991
3749
9565
10104
10106
10108
10107
3950
3963
1
10317
3994
11504
4030
4070
4073
4097
4090
4142
4154
4302
4122
4115
9313
11581
4101
4094
8734
4055
4035
7737
4014
4024
4052
4058
7823
7824
8733
3956
3989
3936
8816
3819
10513
3808
3789
8043
3758
3742
3697
10845
3791
8958
9979
3814
3813
8842
8750
3871
3957
3938
3921
3931
3905
3918
3982
4015
4003
4039
4065
4026
4042
9241
4143
4121
4100
8956
8957
4131
7974
7975
7972
8961
8962
8082
7976
7977
4181
9551
4077
9941
8729
11095
10896
10897
9575
11094
10895
4114
10549
4116
4068
4113
4111
4126
4104
4123
4125
4078
4105
4147
4161
4200
4209
4182
4152
4130
4149
4168
4206
4236
4171
4141
4220
4221
4260
4253
4288
4272
4277
11148
7940
4369
9552
11150
4292
4273
4235
4287
4248
4263
4289
4329
4366
4385
4405
4374
4502
4457
4432
4407
4370
4332
4293
4311
4360
11149
9553
11147
11146
11086
7893
4723
4749
4745
9242
11085
11088
4738
11083
4711
4719
8960
11084
9223
4750
11087
11089
4734
4797
7892
4800
4815
4862
4875
4877
4935
4936
4974
4983
5020
5028
5027
10785
7987
7808
4633
4626
4582
8028
8029
4498
11090
4527
9574
11091
9220
4698
4795
11097
10315
4542
10314
10029
11405
11408
11404
11403
11407
11406
4162
4128
4119
10512
7986
4124
9
4005
3993
4001
4054
4072
9342
4110
4056
4137
4159
4191
4146
4178
4195
4257
4237
4279
4242
4301
4319
4334
9813
4337
4295
4291
9341
9259
4098
4012
4002
3919
3964
3997
4025
3962
3991
10188
3837
7768
3751
3712
3704
3713
9983
3660
3611
3627
3604
8791
2
3546
3489
3424
3564
3620
3666
3723
3725
16
8728
3726
9094
3671
9093
3672
9095
9748
3737
3777
3775
3821
10726
3822
3894
3895
3902
3887
3886
3827
3828
3830
3888
3890
8857
8840
3906
3907
3782
3734
8287
3650
3602
3539
3532
3509
3561
3552
3643
3651
3628
8727
3491
3557
3548
3479
3537
3613
8726
3621
3673
3662
3678
3682
9355
3735
11622
11619
3738
3739
9356
9357
9344
3714
3670
9086
3655
3664
9085
3706
3740
3743
9364
3744
11618
3785
11620
3796
3864
3862
3852
3855
3856
3872
3873
3851
3854
3849
3850
3865
3867
3868
3875
3874
11588
4031
11582
4138
11583
11589
11587
11586
11585
3965
11584
3892
3823
10589
10586
10584
10587
10601
8428
10583
10585
10588
3898
3826
3914
9087
11621
3732
3648
3642
3603
3636
3634
3639
3686
3733
3728
3731
10617
3638
3622
3599
3587
3534
3473
3406
3390
3331
9506
9074
9076
3200
3155
3088
3042
2973
2913
2975
3007
3100
3067
3106
8406
9073
9365
9084
8252
9504
11228
8405
7807
3284
3357
3386
11227
3466
3470
3533
3535
11226
9080
9077
3318
3387
3445
3432
3430
3383
9354
9081
9078
3327
3274
3211
3156
21
3150
3153
3205
3275
3065
10598
10782
3055
9472
3038
9473
20
3128
3097
3230
3258
3277
9083
9082
9075
9505
9079
3238
3129
3077
2998
2911
2971
2982
2929
9247
9248
7732
7751
8046
8045
8044
10494
7752
2482
10881
2553
8211
9022
2669
9050
9393
9394
8821
2696
2789
11596
8493
9020
10146
10144
8487
10145
9021
10133
8040
8041
8042
10496
10139
10138
10134
2618
10143
10140
10141
10142
10132
8522
8490
10135
10136
10137
10952
10298
10951
10950
8038
8037
11597
8039
11598
10130
10131
9388
8488
11192
7755
10493
10495
1913
1953
1977
2038
1980
2016
2151
2097
2111
2081
2170
2208
2257
2191
2105
2029
1906
1875
1807
1799
1766
1692
1668
1699
1739
1772
1805
1876
1838
1802
1774
1740
8288
1863
1829
1859
1899
1941
1999
1939
1962
2030
2073
1992
1979
1956
1971
1897
1852
1816
1762
8950
1650
1535
1621
1609
1687
1571
1506
1424
1373
1426
11157
1551
1583
1658
1765
1794
1922
1993
2040
1991
2044
2115
2184
2203
2232
2158
2228
2307
2363
9239
2460
2502
2565
2490
2601
2635
2706
2656
2620
2690
8830
2734
2781
10113
10450
10112
10114
10115
10399
10723
10204
10678
2741
9100
9240
9099
2492
2433
2413
2350
2297
2227
2313
2373
9098
9103
9101
9102
11546
11547
2051
2139
1866
1810
1755
11258
11259
1653
1577
1564
1523
1461
1396
10444
1376
1395
1435
1460
1546
1404
1345
1384
1333
1300
1328
1334
7750
1327
1245
1235
1236
1256
1147
1104
1163
1198
11331
11158
1112
1090
1108
1180
1148
1212
1271
1338
1295
1362
1417
1437
1489
10401
10400
1612
11343
1561
11345
1539
11344
11346
1725
1749
1821
11257
1878
1985
2079
2141
2150
11255
8942
11256
11254
11252
11463
11253
8121
2129
11247
11251
11250
2320
2304
2239
2128
2067
2274
2198
2096
2018
1968
1943
1910
1884
1898
8247
1949
8248
1854
1826
1820
1672
1570
1664
1608
1669
7699
1801
1804
1773
1705
1544
1580
1748
1761
1789
1815
1841
1870
1896
1938
1918
2019
2092
2175
2291
8378
11249
11248
2591
2600
2501
2491
2389
2406
2458
2505
9621
2440
2497
2536
2614
2713
2675
2638
2631
11243
11244
11245
11246
11242
2572
2570
2616
10121
2569
2634
2575
2535
2617
2681
2739
2813
8829
11233
2874
11231
11232
2833
2738
2705
2709
2780
2842
11167
2903
2958
3016
2974
10285
3078
9366
8997
9000
3199
11168
9089
9973
3395
3440
9974
3444
11172
11169
11170
9975
11171
3004
2955
3017
3044
3059
3107
2686
2608
2599
8651
8944
2530
2496
2195
2436
2463
2529
2595
2587
2689
2685
2556
7728
9349
2234
2248
2070
1976
8505
1927
1776
1719
1671
1607
9368
11104
1874
1975
2094
2289
2365
2627
2554
2507
2551
2517
2582
2512
2541
2641
2647
2749
2755
11166
2823
2817
11165
2878
2939
10284
2934
10833
10832
2888
2822
7731
2759
2718
2863
7683
11137
9949
11135
11136
2626
2653
9947
9774
2725
2801
2867
2945
7684
8994
8985
8995
8996
3099
8999
8986
8998
3172
3122
9971
9968
3087
3056
9967
9970
9969
10732
11224
3166
3231
3197
3222
3191
3254
3314
3368
3439
3520
3547
11287
11288
3699
3676
3600
3572
3496
3437
3392
8034
3272
3163
3134
3062
3117
3101
3132
3182
3257
3299
3288
3377
3380
3468
7925
3519
3506
3606
3607
3632
3241
3177
3280
3220
3154
3127
3096
10511
9556
9559
9557
9555
9554
7748
10083
2951
2894
2887
2883
7864
7863
2835
2745
2700
2610
2644
2720
2799
2856
10735
10734
3012
3048
2977
11223
2966
2965
10737
10736
2731
2659
10738
11026
10739
10742
10741
10740
10439
11035
11036
11037
11038
11039
1800
9933
9932
1784
1663
1628
1613
9436
1534
9435
9434
9433
1416
1331
8758
1264
1486
1482
1575
1560
1558
1634
1758
1780
1865
1967
9934
2058
2162
2398
2298
9944
9600
2066
1982
1969
1888
1770
1775
1594
1582
1589
1615
1704
1718
1736
1751
10052
2021
1946
1834
1948
1917
1851
1868
8664
1681
1797
1809
1818
1849
1916
11177
1965
1955
1869
1760
9927
1743
1783
1688
1598
7858
9926
1574
1643
1622
1683
1614
1595
1529
1501
1474
1543
1597
1538
1515
1508
1439
1438
1411
1355
1278
1284
1312
1378
1400
1398
1292
1234
1160
1074
1016
1032
996
1060
1156
1162
1171
1173
1183
1191
1103
1113
1118
1128
1209
1216
1323
1359
1430
1422
1347
1350
1354
1399
10183
1371
1298
1356
1418
1365
1306
1137
1099
1055
1003
8803
1078
1122
1226
1185
1098
1024
1068
1159
1207
10185
10290
1241
1150
1063
956
951
948
958
1010
1007
999
923
10065
10658
10664
10077
10662
10663
10064
886
10063
10062
9583
10660
10661
10659
965
10228
971
1008
983
900
912
945
961
939
908
876
934
913
820
7850
7846
781
779
795
789
786
787
782
752
745
742
775
10411
641
634
635
640
8659
625
547
528
527
8269
497
438
520
517
522
551
562
565
538
525
544
546
10202
570
571
567
8658
633
624
8813
7994
616
611
601
598
594
584
572
568
582
593
615
7995
607
7725
639
664
668
654
658
648
649
8799
652
685
709
697
741
862
840
8272
778
801
744
7849
8775
7845
717
7841
715
9923
10524
721
713
9919
10523
7839
10354
8277
9582
8959
9920
7840
10356
10355
10516
10272
513
503
10177
9903
9902
10517
8270
540
543
9372
8327
512
8912
8911
443
293
7842
7896
9371
9760
10515
10514
10520
465
9922
10868
448
433
434
10870
10869
10674
10675
471
7900
10406
8916
8049
10407
488
481
10403
472
469
10518
10519
10351
10352
8051
10866
437
10865
10521
442
10522
8459
409
290
182
10867
10864
396
395
398
9509
9512
376
375
367
351
350
9510
9517
9515
9514
9518
331
328
345
342
372
371
374
394
9516
287
296
327
8613
286
297
326
341
369
368
370
393
9508
451
450
441
440
431
432
410
411
397
364
340
330
294
285
8612
318
343
344
348
347
378
392
390
9513
403
402
385
373
349
307
308
11592
289
8265
288
292
301
11456
291
305
304
300
303
280
8838
282
283
295
314
336
356
405
387
388
428
423
10872
10873
424
429
444
8834
8749
11196
11197
10198
10623
10622
10624
8675
10417
8328
9635
11341
11339
9244
8673
11199
10414
10418
11198
10415
10419
9243
10416
10562
7843
8784
8126
495
11340
8674
496
475
474
8458
494
10616
10615
8795
10086
8953
8952
10085
10084
10625
435
353
391
352
332
333
329
9634
384
310
313
324
319
320
321
322
315
325
316
311
386
399
400
401
383
358
355
354
335
317
299
281
284
323
339
363
362
361
382
381
366
359
365
338
360
337
298
312
309
380
406
412
278
9615
473
11272
8756
8670
462
459
458
455
9614
426
425
454
419
416
456
422
420
457
427
421
417
453
463
8757
10871
8747
8748
8663
9511
468
439
430
11459
11458
389
11457
10224
10225
302
11455
9262
268
11454
253
229
235
252
236
237
230
232
238
250
240
228
241
254
270
273
276
277
275
271
244
150
143
131
116
120
152
10353
134
84
100
104
8271
9874
9333
37
85
91
117
82
62
54
53
47
46
78
80
123
94
90
10025
135
10024
136
10016
132
99
98
118
70
97
133
10023
164
148
196
195
218
209
10226
243
10357
267
10358
255
234
216
207
193
186
166
10013
10014
129
10015
130
75
71
45
88
89
10012
125
128
167
184
185
183
174
181
180
179
177
206
205
211
203
178
162
138
10010
121
10011
124
111
87
86
44
69
68
10008
119
122
10009
153
147
161
176
175
208
201
227
10370
266
233
226
202
172
159
10005
10006
114
10007
115
81
43
66
65
10022
112
113
154
141
158
204
213
200
171
170
212
199
221
269
10371
245
11578
246
231
219
198
168
157
169
9948
210
220
197
8837
156
151
137
10019
106
10020
110
10021
108
101
73
72
8680
41
42
64
63
103
10018
10017
102
10702
217
9045
9043
10701
109
9044
60
61
56
58
51
9526
40
39
55
57
67
59
36
38
48
50
49
9525
9523
9522
83
126
146
155
187
191
222
225
251
10375
274
10376
262
259
260
247
242
224
10372
10374
265
264
261
263
249
223
165
149
105
79
52
76
107
77
74
92
93
145
163
188
194
192
142
127
190
144
96
95
160
9520
139
140
9521
9519
9524
173
189
214
215
239
248
258
10377
9633
10378
257
256
8518
11011
8614
8541
8379
8380
7968
8385
8383
8384
7969
11008
11009
11007
11010
8382
7971
8381
7970
10313
9276
11006
9275
11005
11353
446
447
449
377
8540
476
11004
479
9790
10913
9786
500
9791
9789
521
10910
10911
10912
8908
8161
542
553
555
9793
8909
9792
8910
8844
8672
8671
7749
8845
8847
761
10162
8846
828
839
869
911
10412
981
10504
7943
7947
968
9627
7941
7948
7909
7910
10575
7906
9221
7908
7907
7905
667
657
554
24
23
629
7776
642
7930
7911
661
8017
7780
7781
7762
7963
7763
1175
1158
1133
1088
1039
8489
7942
1018
10505
10503
1046
11021
992
960
937
901
891
860
868
853
850
8804
783
784
826
843
854
874
921
902
955
916
985
973
1053
1040
1002
994
966
897
890
974
993
1052
11023
11020
1130
1153
1168
10163
1172
1187
1215
1176
1195
7829
1239
1321
1270
1368
1525
1552
1662
1703
1734
1627
1633
1500
1505
1510
1513
1388
1391
1319
1445
1576
1649
1747
1745
1690
1788
1782
1778
1764
1756
1828
1777
11291
2031
1972
11289
9989
7767
11290
1930
1959
11292
10637
2082
2157
27
28
9441
11113
11119
9442
2189
2173
9024
2295
2302
2328
8202
8201
2396
2426
2445
7766
11
2435
2421
2354
2284
2154
2054
8268
2028
11114
11270
11116
11115
2166
2261
2409
2395
2371
2345
2418
2265
2165
2050
1957
7919
11117
1978
11271
11269
11268
1832
1763
9984
9991
1964
11112
1864
1894
9992
1702
1694
1665
8301
1709
1604
7991
1413
1491
7992
7993
1619
1596
1548
1504
1342
7779
1415
7990
11014
11016
11017
1161
1101
11018
11019
11012
7944
7945
11022
11024
1089
7946
1194
11015
11013
1230
1274
1332
1289
1370
1429
1526
1522
1567
1588
1587
1626
8267
1677
1697
9601
8643
1477
1339
1364
1499
9988
9812
7932
7933
9990
10287
1638
1678
1645
9611
1727
11111
11110
8646
8644
8645
9212
1952
1940
1934
1872
1853
7789
1844
9211
1890
1933
2006
2651
2576
2571
2567
2568
2642
2778
2773
2775
2855
8943
2868
2849
2838
8513
2891
8811
10619
8810
2918
8812
2962
2981
9447
3006
2916
2967
11142
2980
3058
33
32
3249
3382
3310
3239
5
3189
7983
3084
3045
3073
6
3176
3243
3276
3396
3338
3403
3462
8290
3514
3527
3475
3517
3540
3567
3593
8000
3630
3674
3695
3677
3702
9359
9726
9642
9694
9693
9692
9643
7827
3531
3578
3698
3619
3609
3654
3690
3661
9192
9695
9697
9696
9360
9725
9698
9699
9700
3765
3781
3805
3778
3757
3754
9961
10757
3772
3764
10215
10988
3722
8170
3595
3684
10758
9962
10066
10759
3658
8744
3485
3492
10485
3436
3389
3335
3336
8615
3371
10483
10484
9863
8806
7826
3515
11421
9644
9645
11422
10853
10852
3590
3646
3688
3729
9963
9964
9704
3797
3836
3844
3858
3877
3904
3937
3987
4022
4037
8171
4246
4297
4431
4507
4632
4616
4570
4524
4533
4599
4752
4810
9648
9649
4941
9650
8760
4847
4829
4802
4780
4710
4694
4709
4688
4637
4625
4660
4737
4722
4774
4834
4904
4848
4799
4765
9904
9909
8418
8264
10718
10731
5026
10730
8917
5143
10716
10725
10717
10783
10724
10610
5068
5074
5058
10719
5136
5100
5095
10710
8249
5025
5013
4956
4957
4947
4925
4942
4971
4988
5083
4955
5001
5042
5006
5030
5124
5206
5216
5201
8250
5173
5298
8532
11396
11395
8173
5414
11397
10482
5509
5757
9706
11398
8003
8002
10626
8004
8005
11399
7757
11400
11401
5996
5957
5924
5923
5908
5864
5837
5754
10761
5721
5669
5690
5688
9942
10762
9943
5697
5724
5738
5887
5938
6038
6046
9331
5925
5885
5848
5771
5779
5814
5798
26
25
5785
10629
5739
5686
5682
5621
10813
5587
5437
5516
5496
7756
9571
9569
5433
9570
5238
5181
5336
5281
5200
5151
5114
5101
5054
5077
5093
5110
5126
5140
5175
5237
5292
5342
5355
5393
8354
5567
8656
9568
5654
5642
8523
5676
7738
10748
10747
5626
9716
5637
10766
5605
5667
5662
5629
5627
10765
5653
5659
5666
8496
5720
5770
5767
5797
5894
8545
8630
8544
6045
8019
8563
8546
11402
10840
10557
10596
10558
8514
8562
8407
8534
5995
6000
6027
5985
5955
5968
5990
6042
7700
6066
6122
6078
6132
6091
11384
10848
11383
6282
9868
6212
6183
6138
6158
10051
6060
6110
6187
6163
11391
11389
29
11390
6277
6265
6214
6186
6280
6279
6351
11388
11387
8066
11386
6367
10665
6333
6334
6312
6353
6428
10843
10842
10458
11470
11466
10457
6525
6502
10459
10844
11471
10119
6370
10120
6387
11473
11472
7690
7689
11045
11046
7691
11042
11043
11040
11041
11044
7692
7688
7687
11474
7686
7685
11465
11464
11435
11434
9327
8657
6634
10080
6567
6514
11479
11476
11175
11174
10116
11475
10079
9166
10034
6481
6479
10489
9732
9733
10983
8631
11462
10486
10487
8208
7693
6591
6568
6546
6521
10152
11352
10153
10898
10899
10490
10554
11642
11054
10491
10989
10555
11436
10906
10488
10556
11058
10550
10847
11385
10900
6094
5993
6071
6033
6010
6064
5883
5870
5789
5821
5840
5926
5914
5854
5856
5813
9581
10373
5746
5696
5680
5678
5601
5635
5607
5585
11184
10048
11185
9550
9549
5224
5311
5227
5203
9981
11183
9548
11186
5495
5406
5334
8116
8115
8114
5138
5065
5035
5127
5099
5073
5016
4986
4946
4928
8521
9651
8520
9731
4764
9730
4819
9547
9661
9660
9663
9662
9798
10771
10769
10768
10767
4805
10764
10755
8
10754
7712
4544
7711
7710
10756
10753
10752
9647
9068
4335
4265
9069
9070
9071
4557
9653
4617
4624
4643
4645
4666
4839
4813
4828
4922
4926
5060
5018
4937
4961
10381
4982
10383
5029
4995
10382
4959
4887
9299
9224
4663
4879
4882
4899
4978
4990
5046
9657
5034
5436
5302
5316
7754
5346
5190
5218
5197
5111
5121
5132
10384
5166
5274
5192
5381
5421
5461
5521
5570
11181
5648
5651
5658
5743
5679
5623
11182
10125
5561
5505
10124
10385
10386
5440
10122
7753
10387
5309
5223
10395
11074
5358
5419
10123
5467
5542
5592
9980
5644
5619
5674
5528
5673
5671
7724
10166
5610
5609
5611
5544
5537
5558
5399
5494
10291
5477
10292
10797
7765
5462
10798
5606
5670
10796
5664
9347
5646
5595
5597
5523
5581
5296
5580
5576
5574
5566
7698
5661
5615
5512
5417
5508
5511
5517
5549
5474
8783
7764
8292
5333
5376
5344
5294
5293
5287
5286
9507
5019
5165
5248
5285
5490
5482
5283
5273
5271
5278
5236
5150
5044
5022
5014
4864
4872
4894
4930
9348
4908
4869
4846
4717
9338
4704
4677
4790
4816
4841
10787
10786
4855
4824
4817
7871
4842
7870
4786
4796
4870
4850
4821
4874
4891
4907
7891
7888
9839
5123
5090
5096
5088
10788
5081
5069
5062
10789
5049
5038
8778
4893
4905
4919
4929
4938
4949
4966
4969
4945
4967
5003
5031
5040
5050
5023
5059
8666
8665
11060
11061
8782
7889
5137
7890
5194
5322
5357
5403
5369
5297
5196
5147
9870
5230
5210
5085
5131
5171
5264
5326
5452
5365
5398
5492
5518
5614
5643
5641
5645
9413
5647
5604
5589
5634
5618
5530
5527
5536
5620
11617
5375
5312
11616
5164
9618
4455
4403
4222
10634
8831
9758
10216
9759
9337
9336
8832
10791
7988
4226
4446
4501
5115
5177
5449
5343
9108
11627
5632
5652
5656
5633
5650
5660
9110
7984
7985
9109
5657
10500
10501
9846
10465
5744
5850
8236
8238
5681
5711
11382
5706
5672
9530
5710
10303
5834
9152
5832
5836
5787
5740
5708
5700
5675
5705
9880
10947
5638
8356
8357
7653
7652
5649
11381
5707
11377
10178
11378
5766
5817
11379
7651
5884
11380
8085
5888
8239
8237
5882
5889
5896
5943
5940
8638
6044
6192
6216
6264
8214
8213
8137
10819
8138
22
8215
8216
10117
5959
5960
5965
6041
8641
6076
6089
6059
6075
6268
6243
6206
6299
6321
8136
10945
10946
10943
10944
6338
11442
6480
11443
6386
6329
6389
6385
6470
6465
6485
9245
6432
6469
6472
8731
11593
11594
11595
6573
11590
8629
6677
8474
8389
8387
11591
9389
8134
9375
9374
8388
8386
10941
6709
8627
6672
8626
11602
11601
8623
8730
11599
8625
8624
8628
6571
11600
6460
6468
6355
10815
6250
10816
6197
6196
8732
6211
10817
6198
10818
8469
8642
8636
8640
5899
6185
8637
9843
8466
8470
9859
10453
8802
8639
6267
6260
6259
9861
6254
6233
6238
9332
9866
9566
9867
6201
10118
6200
6086
6083
6085
6018
6017
8140
8139
9842
6114
6119
8364
8515
6190
8344
6253
8345
8347
8346
6258
9373
11554
11552
6257
6269
6492
6487
6274
6270
10676
8635
10540
10541
6210
6208
8141
6144
6156
6161
6157
6100
6058
8363
8339
8338
8362
10949
10948
10067
9788
11335
9387
11334
5703
5701
5702
5625
5624
5603
5602
5540
5541
9622
9623
9580
5411
5385
5370
11638
5328
9311
9312
5048
9612
5008
8858
5037
5094
5084
9626
5195
5193
5222
5135
5142
5144
5146
5240
5220
5158
5163
5157
5154
5149
5330
5327
5362
5420
5402
5559
5478
5487
5563
5488
5483
5489
5484
5493
5454
5453
5498
11447
5568
5504
5451
5404
11637
5400
5310
5329
5337
5409
5499
5501
5500
11629
11632
11630
11635
11636
8633
11633
11634
11631
11628
5514
5584
5588
5565
5515
8253
5338
5348
5361
5252
5241
5226
5169
5208
5323
5339
5427
5428
5520
5572
5590
5562
5591
5569
5519
5430
5431
5432
5434
5522
5473
5480
5532
5577
5596
5598
5578
5526
5481
5573
5599
5579
5533
5485
5486
5447
10312
5460
5422
5405
10311
5448
5456
5552
9801
5557
5556
5554
5608
9800
5548
5553
5551
5444
5435
5429
11173
5350
5205
5176
5185
5215
5282
5229
5301
5245
5308
5263
5325
5277
5209
5221
5235
5261
5275
5289
5295
5324
5199
11639
5341
5340
5332
5307
5288
5280
5266
5251
5234
5250
5130
5211
5179
5172
11640
5168
5160
11641
5145
5141
5133
5091
5189
5113
5070
5105
5064
5098
5089
5033
5082
5078
4970
4958
4851
4833
4944
4962
4979
8348
5052
5032
5002
8329
5017
4932
5043
5063
5097
5120
5159
5021
5007
5118
5104
5103
4993
4987
4916
4898
4823
4886
4838
4868
4832
4857
4806
4779
4725
4692
4684
4703
4668
4676
4730
4770
4731
4669
4590
4473
4483
4500
4583
4609
4656
4628
9764
8754
4653
4621
4642
4652
4630
4641
4585
4747
4670
4691
4721
4767
4801
4812
4789
4746
4716
4736
4761
4733
4741
4754
4788
4867
4620
4601
4578
4532
4531
4545
4512
4409
4411
4559
4422
4426
4568
4437
4381
4447
4450
4463
4613
4553
8947
8946
4576
4662
4589
4550
4522
4436
4482
4424
10679
4406
4503
4523
4565
4561
4649
4672
4909
4964
4911
4915
9226
9225
4843
4820
4811
4809
4808
4804
4798
4713
4793
4794
4787
4762
4784
4783
4771
4753
4766
4763
4758
4735
4756
9845
4740
4744
4751
4840
4849
4910
4856
4865
4921
4871
4876
4933
4880
4884
4896
4939
4953
5119
5057
5086
9864
5051
5053
5055
5039
5153
5148
5212
5187
5290
5270
5320
5345
5476
5479
5524
5513
5510
5442
5564
8377
5503
5506
5497
5491
5397
5380
5378
5463
5466
5547
5539
5465
5464
5265
10276
5260
9743
8060
8333
8335
8336
8334
5531
5529
11448
11449
5424
5423
5363
5368
5364
9772
5249
5167
5178
5247
5360
5359
5534
9028
5455
5457
5472
5475
5545
5543
5471
5469
5387
5391
5392
5394
5244
5315
5162
5117
5107
5108
5109
5112
5116
5156
5161
5243
5262
5257
5259
5256
5255
5253
5443
5446
5418
5416
5386
5384
5352
5349
5313
5306
5269
5184
5155
5128
5102
5129
5152
5183
5232
5214
5231
5268
5300
5356
5389
5413
5441
5439
5415
10421
5401
5383
10420
5367
5354
10422
5321
5299
5254
5258
5228
5217
8927
8926
8922
8919
8920
8923
8928
8925
8921
8924
8933
8931
8932
8929
4883
8930
4873
4890
5056
10280
5080
10282
4965
4900
4927
4914
4948
5061
10281
4980
4903
4981
10283
4906
4984
10635
8955
9771
9770
4985
4892
4825
4760
4729
4655
4658
4598
9306
4536
4597
4640
4646
4647
4689
4654
4664
4673
4845
4769
4844
4776
4699
4778
4837
4777
4782
4775
4700
4773
4701
4702
4635
4696
4682
4757
4822
4897
4972
4901
4977
4976
4975
4991
5005
4997
4994
8294
4826
5202
5225
5242
5239
8062
5219
5207
4690
8445
8064
4720
8063
5182
5188
4674
10350
4254
4176
3981
3847
3746
9460
9461
8447
8529
8449
8446
9478
3495
10074
3446
3375
3454
3551
3460
3472
3441
9597
3425
3414
10075
3309
9596
3384
9595
3209
10073
10076
3173
3194
3300
3358
3471
3480
8450
8448
3419
9480
9483
9488
9489
3295
9217
9218
3234
3183
3086
3071
10799
10712
10179
2905
10180
10713
2844
2818
9219
10929
2697
2732
8874
10714
2772
2884
2986
3040
3054
8543
3074
9270
9265
3083
8542
9266
2927
2910
2942
2976
2935
9284
9287
2806
2889
2786
9410
2756
2777
2792
9148
9149
2782
2674
2762
2736
2729
2760
2774
2811
2826
10425
3013
2969
10424
2840
2879
2853
2899
2872
2841
2831
2802
9150
9147
2543
9155
9320
9321
9190
2088
2020
2084
10595
10592
2727
2742
2764
11623
10594
2787
2865
2892
9049
2783
2922
2908
2924
9490
7873
3159
7872
9491
9285
9286
9432
9283
3157
3201
9309
3287
3322
3367
3328
3364
3637
9476
9477
3608
3623
3615
8902
3577
3511
3487
3512
3465
3528
3545
9274
3653
8794
9288
3553
3598
3629
3652
9273
3681
9768
9769
8244
8251
8245
8255
8232
8230
3504
8231
8229
9395
3618
3633
3455
3453
3302
3333
3260
3326
3417
3477
8228
3461
8530
8241
8531
3405
3312
9619
3501
3497
3431
3398
3376
3319
3339
3250
3193
3219
3180
3142
3169
3242
3323
3281
3179
3158
3120
3137
3131
3112
3093
3104
3063
3076
3001
7874
2906
2885
2854
2869
2880
2895
2859
2860
9048
2846
2901
10685
10686
2717
10933
11053
2581
10593
2521
2544
2476
2462
8092
8096
8093
8097
8094
8100
8099
8098
8095
8102
8101
8105
8106
8103
8104
2263
2176
2089
2046
1986
1919
1950
1883
1746
1845
1881
1915
1954
2013
2045
1990
2011
2060
2017
1947
1904
1685
1730
1769
1989
1996
1963
1920
1879
1858
1811
1808
1960
7937
8873
1791
1768
1706
1726
9329
1752
9328
1924
1857
1842
1616
1796
10932
1676
1657
1625
1684
1617
1655
1600
1835
1836
9271
2043
9191
9188
9046
9187
9189
2218
2041
2098
2240
2131
2095
2163
2250
2186
2324
2148
2215
2311
2235
2275
2309
2342
2404
2474
2379
9146
2349
2422
2327
9143
9035
2339
9151
2483
8476
9047
8475
2461
9269
9267
9268
2695
2679
8900
2645
2623
2622
2330
2326
2237
2294
2185
2201
2204
2221
2153
2130
2155
2267
2145
2286
2438
2547
2542
2590
2604
2555
10921
2716
9481
2643
9485
9072
2470
2427
2606
2594
8901
8815
2528
10922
2562
2592
2648
2694
10923
2704
2726
2776
10928
2814
10924
2820
2871
2827
2753
2691
2678
2636
2710
2769
2803
2837
10927
10926
10925
2933
2985
9479
9487
8606
9484
3125
8609
9486
8608
8607
9482
8527
2796
8528
2771
2557
2785
2808
2499
9106
9105
2423
9104
8006
9317
8009
9316
8012
2821
8010
8011
8008
2603
2532
8007
8015
2417
9107
2142
8013
2392
2399
2414
8014
2192
2178
2138
2059
1840
1803
1767
1732
1942
1893
1855
1817
1785
1771
1689
1601
1494
1540
1590
1673
1620
1729
1737
1822
1861
1914
1981
9444
2236
2337
2369
2375
2329
2278
2431
2508
2480
2573
2621
2664
2527
2442
2537
2493
2443
2308
2280
2152
2220
2109
2179
2112
2001
1997
1867
8814
1742
1856
1744
9443
8536
9893
1892
1958
1909
1860
2077
2135
2200
2264
2355
2317
2214
2159
2102
1995
2042
1987
1929
1882
1831
1741
1790
1667
8539
1640
1624
1520
1605
1536
1469
1414
1397
1409
1346
1502
1483
1427
1493
1568
1623
1798
1711
1738
1479
1441
1272
1237
1151
997
1038
1182
1170
1136
1117
1109
1071
1201
1240
1257
1330
1406
1470
9847
1496
1512
1524
1555
1541
1521
1476
1421
1442
1408
1385
1366
887
1341
8619
1285
1360
1405
1228
8621
8618
1152
1110
1030
991
9153
8620
909
8538
824
8537
837
883
904
998
1034
8622
1186
1164
1134
931
725
1105
9458
10474
9457
8773
1248
1459
9210
1565
1556
1530
1490
1431
9097
9454
9456
7788
9452
9453
8310
8309
8307
8308
9455
943
9708
9707
9709
832
1017
8578
8690
8692
8693
8687
8691
8597
8686
7804
8688
7803
8689
806
7802
7801
8694
7773
7774
7770
7771
7769
7772
959
855
834
9617
732
688
699
10027
10028
729
9052
720
677
659
7786
7783
7929
7784
7782
7785
418
8761
675
680
627
689
696
679
10715
660
7918
676
673
687
8809
681
8286
698
810
825
822
800
770
799
776
808
774
797
8598
807
8431
802
8430
796
763
766
760
794
759
738
793
922
926
927
929
8433
930
8432
932
8424
1013
1011
1006
1155
1119
1095
1069
1065
1077
1138
1125
1218
1203
1433
1457
1481
1484
1557
1545
1468
1602
9451
10863
1507
1603
1585
1572
1547
1533
9467
1358
9468
9466
1377
1387
1221
1214
1208
1233
1246
1258
1249
1263
1286
1225
1222
1181
1120
1149
1157
1166
1076
1058
1061
1009
8425
8397
1129
8398
9261
8426
9260
1019
9462
941
942
944
8420
949
1020
8422
9465
10930
8427
946
947
8434
950
8421
1021
1025
8423
953
954
957
10882
8718
918
777
811
815
819
816
817
849
827
8679
838
878
856
9326
919
1015
1000
8390
1035
8394
10030
1202
9215
1073
1080
1085
8396
8283
8393
8392
8391
1193
1083
1079
1084
1190
1189
9214
9037
9036
1304
9058
1393
1392
9054
1316
1309
1229
1308
1314
1382
1380
9055
9057
1562
1563
1731
1733
1651
9056
1566
1569
9053
1652
1648
1647
1642
1641
1630
1721
1629
9464
1473
1463
1465
1446
1462
1464
9463
9154
1288
1291
1296
1223
1224
1303
1301
1307
1467
1466
1637
1644
1723
1720
1750
10858
9323
10861
8584
9039
8583
8580
1886
9450
10862
8586
8579
8582
8581
9325
1827
10860
8585
8306
10859
8577
1973
1970
10217
2039
2002
10218
1984
2004
2085
2132
2238
10402
9494
2358
2364
9750
7834
7833
7835
8793
8083
2588
2574
2367
2335
2319
9062
9061
2258
2281
2147
2255
2172
2269
2196
2287
2314
2310
2219
2193
2209
2103
2024
2064
2205
2146
2246
2187
2143
2047
2000
2074
2104
2156
2331
2420
2452
2612
2758
2797
2761
2723
2692
2670
2649
2632
2611
2579
2472
2531
2598
2578
2637
2615
2639
2628
9063
9060
2596
2533
2457
2503
2419
9493
2390
2376
2338
2415
2374
2288
2241
2256
2282
2292
2402
2352
2333
2318
2356
2453
2485
2514
2538
2654
2750
2657
7922
9250
2583
2489
2454
10709
9763
2359
2325
2270
2225
2223
2285
2321
2368
2403
2353
8280
2301
2233
2171
2113
2057
2056
9503
2049
9502
8601
9051
2137
2181
2107
2127
2144
2149
2202
2206
2230
2252
2260
2271
2300
2305
2341
2343
2370
2393
2394
2410
10438
2444
2486
2487
2498
2519
2525
7923
2658
2744
2699
2747
2748
2812
2815
2752
2702
8282
2757
2754
2667
2665
8024
9996
2707
2671
2676
2767
2829
2763
2751
2711
2680
2677
2768
2684
10825
10907
7982
2033
2561
10827
10826
10934
10824
10611
10935
2851
2832
2824
2765
2712
2682
2683
2566
2564
2563
2560
2558
2619
2672
2405
2407
2408
2412
2411
2251
2247
2243
2253
2254
7721
1923
8027
10195
1696
1830
1708
10191
1707
10192
1701
1592
1700
1586
1591
10531
8053
1444
10545
1449
10546
1447
1454
10194
8130
9710
1273
9712
9711
10874
10875
9593
9589
9591
9590
8091
573
557
8089
8090
674
7965
8088
8087
508
505
502
506
489
8565
11333
8564
480
477
8566
414
279
379
485
486
487
10299
9613
8321
9734
8454
8949
8452
484
9448
8323
534
510
509
511
8453
8322
524
9009
591
516
531
11300
1081
8023
1139
8570
1107
1106
9584
9588
9713
9040
9041
9042
1276
1266
9715
848
847
765
755
743
8667
10879
10880
9038
606
608
609
736
814
829
972
970
8413
9216
1051
8572
10916
10915
1141
9011
9012
9017
10851
1267
10850
10917
1335
1434
1517
1635
1632
1636
1606
1578
1581
1584
1573
1448
1379
1317
1279
1268
10918
1260
1252
9015
10849
9016
9013
9014
1315
1410
8535
1503
1631
2005
2118
2123
2119
2120
10301
2464
9088
2459
2380
2381
2382
2383
2378
2465
2471
8877
2455
2429
2210
2216
2211
2090
2224
2229
2231
2124
2122
10302
2121
10300
2008
2007
11107
11109
9213
11108
1843
1847
1846
11106
7723
1937
10580
10579
9469
1781
9470
10581
1717
10578
1318
1498
1311
1497
1495
1305
9714
1281
10537
10532
1428
1412
10534
1485
1531
1532
1659
1661
1712
10535
10533
10536
1787
1793
1871
1925
9471
2559
2397
2164
2078
2025
7722
1936
1713
1716
1487
9066
1262
8843
9587
1204
10908
938
936
9586
9585
11003
8573
1097
8568
1087
7936
10455
504
771
1167
552
8460
541
10919
537
8324
8320
682
8285
712
711
9449
8808
7898
7917
9873
9292
10193
10677
10205
7899
861
899
8571
8569
1001
962
935
898
884
859
851
836
813
749
767
768
9592
9594
1086
1096
8054
1259
8048
1253
10878
10876
10877
7787
1247
11568
11567
9324
1900
7720
1912
8435
7719
10426
10433
10430
10432
10427
10436
10435
10428
10437
10431
10434
10429
2076
2072
2075
2071
2065
2068
9998
8273
2062
2061
2116
2182
2242
2306
2357
2439
2434
8281
2432
2509
2663
2661
9446
9445
2534
2660
2655
7920
7921
2698
2793
9174
2809
2858
2890
3061
3105
3152
3174
3195
3130
3113
8084
3030
2999
3002
2961
3003
9186
9185
9184
9183
9182
9179
9171
9172
9170
9181
3008
9176
9169
9175
9180
9168
9178
9173
9177
3011
3018
3049
3081
3108
3079
3109
3136
3186
3244
3317
3347
3410
3385
3361
3346
3285
3268
3320
3313
3207
3184
3212
3349
3350
3304
3306
3264
3263
3252
3225
3224
3213
3188
3187
11440
11441
3138
3114
3050
3009
3010
9498
9501
3019
9382
3051
3053
3089
3121
9380
3143
3192
3253
3118
3145
3214
3221
9381
3256
3321
9496
3353
9761
9762
3354
3362
3269
3356
3404
3513
3523
3421
3426
3518
3423
3507
3420
3502
3418
9500
3544
3529
9499
3456
3415
9497
3416
9997
3558
3562
3687
8200
8246
3614
3700
8402
3748
3750
3910
3899
3912
3843
3853
3812
3810
3776
3792
3753
3701
3663
3616
8217
3560
3422
9495
3505
3482
3434
3438
3378
3379
3342
3278
3282
10323
10497
3343
3344
10498
3351
3442
3457
3448
8235
3296
3301
3305
3400
3408
3265
3266
3261
3147
10322
9767
3146
10321
10320
3116
3119
3091
3057
3037
3005
2937
2921
2708
2687
2666
2510
2701
8907
3043
3041
3036
2948
3039
10171
2943
10172
3035
2931
10174
10173
3034
2936
10176
10175
3033
3085
3032
2930
3031
10169
10170
2940
7978
3026
3025
2997
3029
2995
2953
2996
3027
3133
3210
3024
2993
2956
2994
3022
2989
2952
2992
3021
2949
2990
2991
3015
2987
3014
3020
2914
8055
2915
2804
2805
2816
2881
2876
2877
2898
2847
2526
10914
11299
1132
8022
11002
8467
11306
2848
3160
8468
4187
4186
8471
3196
2900
8415
8414
8906
8131
9529
2866
10342
8016
7979
10339
10344
10337
9528
9527
2790
10336
2468
14
10612
8349
8876
2886
34
3023
10288
3115
3167
3198
3151
3324
3369
3411
3481
3538
3407
3499
11162
3752
3799
3881
3943
8256
3915
3924
9950
3952
4011
4067
4118
7880
4165
8779
7878
4112
4047
3975
3983
3863
3882
3891
3720
3705
30
3631
31
3696
3689
3691
8828
3774
3809
3885
8827
3800
3798
3790
3783
3771
3675
9437
3585
10213
9438
3581
3526
8725
3484
3467
3474
3283
3297
3292
35
3069
3070
3072
3047
8058
2959
2960
2928
2944
2979
10346
2978
2909
2875
7832
10345
10343
3092
11511
11512
3094
2964
8404
10559
10560
3223
10576
3206
3228
10577
3348
3352
3330
3359
3450
3530
3449
3435
3340
3345
3433
3488
11160
9439
10081
10082
9678
9995
9679
9680
9659
9681
9682
9794
9683
9719
11163
11164
11161
9624
3694
3741
3718
3773
3804
7981
3829
3801
3835
3768
3803
3825
3953
3976
9796
9641
8168
3903
3879
13
12
3861
3846
3896
3883
3920
3940
3967
3992
4017
4033
8167
7883
4127
7884
7885
9674
9676
9675
7836
9677
9668
9628
9632
9669
9670
7886
11365
11364
7887
4036
3980
3960
3995
4008
4086
9531
4189
8416
4156
4117
4066
4049
3996
9703
9702
3942
3954
3925
3948
3984
3999
4041
4102
4120
4164
4196
9532
4313
9906
8417
9907
8588
4133
8587
9701
9960
10760
9965
10763
11190
11191
11188
11189
9671
9691
9690
9689
3721
3680
3659
3640
9688
9625
3716
3763
9687
9686
8223
3
8224
9685
9684
8801
3373
3308
3235
3185
3126
3110
3168
7778
3202
3215
3245
3232
3360
3374
3451
4
3393
3594
3549
8291
3563
3597
3625
8492
8491
7828
7825
9782
8367
8370
3447
7777
8369
8371
8366
3139
8372
8365
7775
8610
8368
2947
11143
2963
9229
2938
2919
11132
7704
2882
11138
2798
2770
2714
2668
2715
2602
2545
11294
8036
2511
2518
2473
2552
2630
9994
2276
2212
2183
2136
2101
2009
2012
1951
8419
9427
11296
1880
9227
1824
1814
1895
1806
1757
1759
1675
1679
1779
1691
1646
1553
7931
1542
1453
1455
1549
1537
1443
1528
1527
1516
1579
1654
1693
1722
1695
1728
1698
1670
8772
1889
2027
2053
2167
9993
2344
10636
2272
2217
2296
2259
11118
10614
8841
10481
2495
2515
2613
2633
11124
2441
2346
9986
11293
9985
2052
2026
7800
7799
8403
9987
2384
2424
2469
2540
2593
7796
11122
11123
7794
9440
7797
11121
11134
11120
7795
2662
7830
2779
2807
2917
2870
2830
2794
7791
7792
11133
7790
9931
7793
2737
2703
2624
2584
10289
2290
2207
2106
2086
2003
9429
9428
2160
2273
2347
8786
2446
2520
2360
2266
2190
2117
2048
1988
1931
1887
1833
1921
1907
1873
1848
1885
1823
1753
1674
10349
1656
8800
11362
1686
1710
10348
1660
11361
11363
1754
1825
1911
7805
1998
2015
1903
1902
1926
1862
7924
1593
1519
1511
9783
10182
1471
1420
1394
1450
1518
1514
1611
1680
1735
1714
1610
10035
1456
1372
9422
9425
9421
9424
1351
1353
1343
1336
1282
1283
9418
9415
1199
976
978
975
1048
1135
1197
9414
9416
1325
1322
1310
1297
1287
7997
10165
7996
7998
10164
1121
1047
1026
933
866
7866
8805
9280
753
728
706
9279
724
748
750
7867
754
751
756
798
10529
803
10530
809
10528
692
700
695
7926
686
684
683
7865
637
630
628
10158
10160
10161
10159
9282
9278
9281
9277
11030
9785
643
581
10168
10087
8763
644
8785
705
708
704
707
747
785
831
852
879
881
893
894
871
818
830
7927
7928
7913
910
7912
882
880
995
989
986
1050
1054
1059
1056
1144
1142
1145
1070
1169
9417
11031
9419
9423
9420
9426
11308
11309
9430
9431
11295
7806
2093
2161
2199
2268
2372
2448
2546
2629
2625
2646
2650
2488
7706
2577
7709
2730
2735
7708
2605
7707
2548
2477
2361
2340
2262
2174
2022
2014
2133
2226
2222
2316
2323
11028
2391
11029
2586
2585
2549
2589
2724
2719
2836
2843
2862
2850
2950
10597
2834
2766
2688
2607
2516
11025
11027
2500
2597
10582
2673
2743
2819
8451
3028
7939
3095
9935
9936
3148
3190
9939
11140
3271
3246
9246
3068
15
2983
11139
9228
3170
11141
3229
9938
9937
10181
3216
3240
10365
3279
3298
3341
3443
8567
3334
3394
3409
3427
3370
3307
3251
3204
3181
3140
3075
3060
3098
11152
11153
11151
3144
3175
3217
3262
8753
11155
11154
10041
10042
10040
10036
10037
10038
3668
10539
10103
3727
9898
10039
3667
3592
3559
3493
7702
7701
10538
10102
7703
9899
3815
3833
3795
3779
8593
8590
8595
8592
9914
9913
3788
3802
3769
3755
3730
8591
8594
8589
8596
3756
3767
3736
3719
3760
10359
10360
3806
3832
3859
3913
3968
3935
3932
3929
3928
3926
3842
3869
3927
7798
0
