0
3674
3805
612
1241
2887
3806
2187
879
4408
1127
1622
3184
2875
2441
2758
4551
588
1402
2274
3486
1689
590
1813
3804
1831
3000
3488
2158
2938
2396
1759
4819
3668
3606
3979
2392
751
4799
2442
688
2107
3511
679
2612
2355
2050
2571
3267
365
1076
3300
1161
3326
749
3678
750
3568
724
871
596
3474
77
11
3577
261
3578
2383
1375
561
2155
563
2156
4396
3240
945
3598
3839
3519
2917
4436
2428
1704
4411
1377
1174
1376
578
1374
3163
4362
1290
3214
3451
3068
1346
1727
2269
1729
1381
431
3250
432
1292
545
1379
1921
2691
2129
1944
3837
1195
2072
4383
3213
1115
3217
4515
2760
1585
2852
586
1321
803
3833
2371
2732
3909
2733
3523
2734
3517
2478
1917
4455
2992
931
3943
2709
3939
2416
3937
3897
1441
4395
1080
4548
3335
4406
3518
370
2480
3852
2032
1849
1378
2955
3906
3855
1116
2719
3453
1439
3330
3564
3066
4419
1446
3561
560
4798
1447
3479
2505
3845
2956
3843
3542
2813
2784
4874
2215
4785
1649
4784
414
3850
1650
1773
3557
4781
1216
3227
820
4791
2751
1856
3559
344
939
2591
883
1113
2900
1114
1676
2919
3268
968
3253
1006
973
2687
2593
1551
3302
1168
3920
3716
3013
3721
932
4860
3695
2007
3367
2238
3364
2532
3369
4748
3363
2240
3368
2662
4843
861
3056
125
1790
806
1803
2844
1802
804
1789
805
550
1
1804
1989
3696
1498
3694
2006
2266
2061
1877
4350
3304
2572
3545
4873
3538
4687
241
556
2800
3018
3543
4357
3603
4793
1656
1155
2797
729
452
2492
417
4688
1036
2250
2393
4783
3533
3841
1236
3929
2378
680
2708
2354
2125
2510
3508
2356
4795
807
3894
1247
3478
1557
1959
3582
4556
2456
3497
2186
2373
3581
115
1832
4430
2600
4535
3412
119
3114
4510
3452
951
1642
3832
1904
1703
3245
3835
3526
2132
3902
782
2033
3844
1915
3124
3936
3569
1444
2886
1442
268
2966
2384
3331
4363
3246
1437
3527
226
781
569
3459
3126
2362
2507
1009
269
2493
2566
2722
2565
2495
2481
2718
1715
420
1373
419
558
26
2994
4414
1486
120
1592
2351
2724
4565
2892
2126
2423
3507
3077
1750
2693
3480
1643
4513
2554
3324
2424
2429
2300
1359
2422
1434
2997
114
2513
4536
594
2477
1542
4420
2581
2463
575
2349
1812
533
64
532
1625
2341
1291
2871
2893
927
3942
3007
4437
2302
2606
3127
1151
1364
2458
170
3544
4352
2121
3239
2395
551
4838
4657
366
2413
2972
722
306
4353
3830
4358
3362
1005
3269
3846
788
2829
3820
339
3633
4797
4599
3563
843
197
3821
1623
2991
872
2971
2479
3202
1916
576
2031
1052
3334
2778
2084
723
4818
1760
602
2640
633
599
1088
2607
3607
801
2085
969
2344
1584
2342
1795
778
4802
3185
3233
902
3332
907
3189
1627
1653
3203
3011
12
1655
92
1654
1626
557
2862
4402
1590
1094
2455
1824
2520
28
787
3218
2265
4418
2338
73
771
467
40
3911
1287
4550
3831
387
3819
1624
3826
3931
93
1274
4598
4384
3823
4567
4596
4404
3825
4398
1278
2511
1712
3571
1708
1302
765
2876
2609
4438
768
2969
4595
1979
1862
615
4600
2881
841
3491
4468
3489
779
4424
773
2468
1788
3225
2501
3840
777
3420
1279
1651
2343
38
634
1705
307
1688
2182
1829
2740
39
1089
1826
185
2936
2940
1855
3254
4360
4597
2421
3829
1861
1711
2551
2516
1875
554
776
4397
1014
3415
3822
2889
3605
2716
2183
2487
2941
672
4817
2491
1015
3903
601
2730
2345
2729
2340
3192
770
3503
772
1595
2339
3934
2976
1000
2739
597
2948
678
3828
3419
2517
3248
3824
1078
3552
732
603
2564
819
1524
2475
3336
905
1903
4820
542
3803
2128
1316
2504
577
1401
3856
541
2720
1181
3162
940
544
3237
1398
1778
1399
2372
2459
3907
1823
896
2440
1978
2105
2379
2746
2127
3025
4425
943
1811
910
195
2745
4558
3024
3910
614
2984
911
4434
2106
3565
1830
3905
628
3323
809
2690
3980
3236
4707
4392
2831
4391
2054
3193
808
4388
3055
3231
812
66
909
196
810
3238
3783
4401
3780
34
3782
4423
613
2918
1386
3325
1248
2199
3779
4421
941
4415
2486
2983
1541
3487
555
1178
4622
2883
629
3460
2361
103
487
3462
4451
1095
627
3494
2205
3675
4825
3465
626
2376
2454
3492
1029
3672
2902
3463
2747
3464
2791
3665
2790
3471
579
3537
2162
4813
1277
3560
1276
3669
2055
3671
2056
4407
2558
4504
2161
3461
1162
3466
2160
4814
1163
1173
2557
3663
2901
4579
2546
4393
1027
2110
1559
1492
1149
3514
1028
3485
580
3673
2748
4429
3080
4432
1558
259
2548
1130
2549
3912
2360
1388
1395
3493
2359
3677
625
4557
2960
4427
3978
3679
4474
181
2897
2405
4328
227
4452
568
4332
3676
3977
1851
294
1864
3594
3509
3457
3680
3116
1863
4346
3664
3035
4433
2579
3477
1033
3484
3574
4560
2209
2508
2759
2109
1490
33
410
2541
1172
3789
482
785
1694
3808
743
3295
850
3271
1680
4810
1074
1243
1693
1543
1731
786
1580
3260
1581
3277
1073
1263
960
2452
201
3057
1025
888
642
3697
2658
1677
1537
1085
643
1404
3861
971
593
2184
3860
4842
2935
4841
2282
3262
886
2451
2656
3087
2529
1324
1097
3270
1776
1560
3857
3301
3416
3313
559
3293
3414
1082
2201
1670
3009
1406
1960
1405
427
3032
641
3807
1408
972
2330
3060
964
2986
2928
1675
851
3258
963
3261
726
2802
1934
3280
1550
3256
2681
3251
1966
2641
2136
3604
465
1087
1410
3274
852
3790
1229
3294
1230
1244
2683
2279
2682
4322
4738
1192
962
2497
864
4459
865
752
2536
1561
430
1674
1327
3257
1868
1264
429
1394
428
3273
1679
1562
1582
3792
1579
3281
1578
95
2786
3176
3008
96
1536
2933
2531
3012
2661
1678
1538
2803
1660
2542
2872
2058
1522
1245
1681
3299
425
2787
1325
3278
592
19
3361
853
1084
1326
1193
4739
3279
1328
1086
967
3791
4651
3307
51
3290
4608
3296
3157
3259
426
3298
4741
1246
4742
1083
4740
2496
3075
2434
435
3365
2660
3366
436
2432
4750
3016
4734
3015
2005
933
1024
2433
388
2436
2528
1899
331
1898
2239
1018
2655
2435
3376
3700
200
4532
2744
1323
1523
3788
4743
3272
2627
3801
961
3038
966
3984
1933
80
1869
3303
3411
1367
483
3309
4650
3289
1077
3306
1905
2375
484
3287
3093
2885
3083
251
4330
4416
1171
4796
3583
697
108
2439
3073
2567
4855
638
2467
4476
2882
3003
3498
811
3666
1828
821
2717
4856
2601
3662
1400
2490
4428
4331
3566
494
3496
4329
2051
2503
4394
1596
65
1002
4412
3249
1720
1758
3901
1268
3255
1683
974
1682
3602
1382
3900
4782
3904
4349
1586
637
3470
3458
3501
490
3570
4333
2474
1945
2755
1007
1322
2425
2736
2987
1701
2877
2835
2695
2462
1639
4417
1540
504
639
2377
2833
1702
2832
4426
3781
4549
4449
3512
4450
3661
4337
2200
4347
3495
4486
1319
2123
2374
2850
570
3591
2418
2826
4389
4321
1048
1079
3297
740
3312
1126
1833
742
981
3158
980
50
3288
739
942
1075
3601
1266
3308
738
3310
1267
3292
2913
2111
2590
3600
885
3266
2534
1237
2533
3265
2535
1129
1218
1673
2283
1672
2329
1238
1096
3276
3859
17
758
130
2815
18
2825
887
1098
1128
1060
3264
757
2267
4749
2845
2530
4844
4733
3088
2657
3698
2659
1019
1023
2450
3374
3702
2663
3041
20
3701
3377
1017
538
3275
1409
2278
1167
2190
1099
3252
2819
3019
741
3291
1906
2189
3159
4326
1838
97
1487
2116
2000
260
2363
4569
1022
4764
598
4410
3229
2688
3933
2312
3504
3573
954
2849
1751
2502
4387
1766
4385
600
953
912
3567
4786
802
4554
3247
443
1354
3417
3455
4547
3848
3541
3328
2380
1450
98
3941
4555
3940
4568
1448
4400
2742
1265
3333
952
1998
4566
1353
2346
970
2181
3896
2973
1752
239
4854
4594
564
4577
3913
842
118
775
1357
2912
1753
1583
1852
3034
3208
2081
2619
2358
4422
79
4463
3220
650
3215
2268
2731
2060
1920
1347
3838
2088
2130
4413
903
3506
784
2059
2494
3226
1194
1827
2415
2228
1647
2569
2735
2570
2853
2961
74
121
489
3194
2093
1719
2996
2500
2785
3534
4872
3546
2713
1497
3072
947
413
1496
1303
450
4822
449
3849
3539
727
605
2910
946
3456
728
4339
2417
4345
4351
4344
4823
1876
4342
2320
3413
3558
4623
1762
4334
446
3115
174
3130
3315
4348
948
4340
553
3113
448
1697
2798
4343
173
4335
3667
1556
4431
4336
3500
2645
4552
1039
4512
2924
2419
3522
562
1387
4514
796
565
3530
503
1977
3230
3597
4409
1133
3026
3529
4553
794
361
1725
353
725
453
731
3058
2950
4511
3454
116
2397
3981
795
501
3528
2799
3241
2414
1362
1637
1383
447
1131
3125
3520
4546
2694
4456
3521
3418
1038
3554
1817
3550
4792
3223
3930
3224
4356
3553
4359
3263
291
1671
3235
3222
3242
240
1305
3548
2188
3599
2562
2957
1289
3540
1304
1255
4816
884
2233
3556
1726
3555
4355
2592
1363
3549
4875
418
2249
3547
3851
442
1037
502
488
4435
3590
4571
690
4528
2124
1358
3589
27
3593
3670
408
2091
689
3191
3596
105
1272
10
1275
4563
1741
3914
1273
3476
1271
2382
3525
3190
2457
104
3595
4403
409
198
3584
3483
1890
2090
2552
567
3586
1436
3588
3467
2637
3562
486
566
2094
3516
2636
3475
3327
4405
2863
3473
2553
4478
1742
3472
493
3502
3524
3469
2638
4562
485
4564
1644
1051
3329
904
3450
2038
2555
783
4361
411
1449
2131
1767
1239
873
908
1001
3221
1443
3216
3234
2115
913
3219
1516
412
3515
4689
451
1761
604
1361
1368
1854
1699
4690
416
4788
1256
4821
1217
1440
1648
4592
2866
2644
3535
2321
3536
730
3551
552
415
1288
4857
673
817
1132
818
3447
1777
2568
2381
2357
3482
1370
3053
3580
225
3576
2884
3579
180
1154
1026
3587
3017
1700
4454
2489
3572
4787
4453
4458
295
3847
1907
3842
1032
3232
1652
3305
3932
3505
696
4399
2725
184
4341
4561
3031
3468
2943
2888
3585
1177
1963
117
2550
133
75
175
78
1369
2476
1380
3209
585
1240
3244
122
3112
3499
2306
4386
76
3481
466
2080
1668
3938
901
595
2711
3065
1669
4382
3834
3243
3836
849
1320
2563
2712
1999
906
1716
1053
3944
2904
4338
176
3827
2089
2977
2828
774
1081
2608
3228
3311
854
1787
3935
1710
2946
979
4801
1709
4794
766
2905
1850
4354
1589
3510
1587
4559
767
1696
764
2911
41
3592
1972
1435
3021
780
2350
1360
2348
3490
2842
4390
769
2388
1150
3513
1588
468
2207
895
2301
2639
589
1718
591
1717
2757
3908
1728
2874
543
876
3895
3211
877
2756
1621
1640
1628
3898
2927
1825
878
3212
587
848
1242
651
3210
1872
3899
894
1873
1215
1214
1874
2988
2926
2923
3814
3815
3810
3809
2404
2403
3812
3811
2402
1493
3813
2401
3817
1545
3816
530
531
2400
840
345
2030
839
1488
2843
1489
349
348
346
347
838
4762
837
2925
836
3611
354
2260
3610
316
1345
2261
835
834
2079
334
833
2959
2958
2394
1941
1940
1939
3615
2180
832
2305
1768
3613
2304
1687
4756
517
1658
518
1657
1772
1771
1769
2398
1770
3612
3020
1415
1416
1417
3614
1969
3818
3094
826
827
828
829
830
831
2615
3616
2616
2700
1980
1981
1110
1109
2631
2630
1330
3617
1331
1332
2
3
3618
3619
3620
1333
1334
3622
3632
3627
4732
3623
3626
3625
3630
3628
3621
3624
3629
3631
2899
3076
2898
1335
1336
1337
1338
1339
2968
3660
1918
1340
4811
3652
3654
3653
3656
3655
4327
3642
3646
3643
3659
3658
3657
3651
3648
3650
356
355
3649
3647
3644
3645
4578
3357
3358
3359
2406
2652
3636
3635
3637
3638
3634
3639
535
534
3641
3640
2674
2673
3042
1057
1058
1059
712
713
714
3360
715
2705
147
1532
799
800
2628
2547
2629
4728
124
798
797
1341
3356
4812
2704
3204
1046
3069
763
2464
380
379
762
761
3795
3798
3800
3793
3796
1315
1314
1313
1312
2539
1530
1531
3797
2914
1047
2540
2098
2839
3794
4325
4324
4323
2838
1529
2703
3799
1757
3355
1528
2410
3354
1756
1754
1755
1736
1527
3787
2675
2676
2677
2908
2909
1393
2262
2752
2753
1392
2263
2264
3282
3283
3286
3785
3786
3285
3284
1318
1317
276
277
1732
1733
2834
1735
1734
1526
1525
2702
4439
4440
928
926
2701
3314
13
14
364
3207
3206
274
271
270
3853
377
2903
2777
3352
3350
2982
2577
3854
3164
3165
3161
2772
1896
1438
2471
1847
1848
1004
1003
2773
3067
2962
2963
2774
2208
2578
2775
2776
3351
3353
3160
3186
3187
3188
3802
88
15
16
89
2934
2922
975
2710
976
1232
1231
2138
2137
2749
2750
2965
3064
747
464
746
1548
4878
1549
2767
1329
2768
855
2769
748
4675
4676
4722
4723
2139
4461
4460
2140
2141
1257
1258
1234
440
441
4593
1141
1143
1142
439
1233
4462
2841
2995
4590
2142
2143
2793
2792
4591
2472
2473
2148
2147
1897
2146
2145
2144
1846
1845
2771
4448
2235
2234
1844
4447
4445
4446
2770
4444
1686
1552
4858
1685
2514
1209
1210
2515
4859
1684
1935
1270
1269
965
2466
2465
3858
2743
1793
1794
2537
2538
1661
1662
1407
1061
1062
1663
1822
1821
1664
1820
221
222
1819
647
1119
1818
1842
4443
2665
1120
4669
2894
1616
1617
675
676
648
677
2666
4607
4865
4864
646
1840
1841
521
2052
869
523
522
868
2527
867
866
4509
4508
644
645
1839
2824
1539
2526
1594
2053
2120
2823
2518
2225
63
1166
2028
2029
2864
2331
1102
3106
3079
2078
3103
3102
3108
3107
3105
3104
4659
4667
4658
3318
3316
4660
4661
3319
132
328
3320
131
209
148
3964
149
3123
2586
3968
3969
264
3122
207
208
2855
1472
1473
3960
3961
3962
3958
2167
3959
3963
2737
2166
2169
4541
4542
4543
4540
4544
681
287
4604
4602
4601
4606
1008
1474
3947
3957
3950
3956
3953
2310
3946
3955
3945
3001
3951
3948
3954
3949
2311
3952
1475
4244
4765
4245
4866
4777
4771
4774
4775
4770
4769
4772
4776
4778
4779
4767
4773
4869
4870
4766
4867
4868
4768
4246
4243
4234
4224
4218
4211
4221
4210
4206
4209
4214
4217
4225
4222
4215
4231
4232
4229
4236
4223
4800
1476
1544
1477
930
929
1791
1629
1630
1792
2942
1478
4517
4198
4196
4516
4227
4216
4208
4239
4240
4241
4242
1479
4126
4130
4119
4121
4124
4120
4122
4139
4123
4140
4135
4144
4132
4136
4142
4137
4138
4145
4147
4146
4149
4150
4148
4143
4141
4125
4128
4131
4133
4127
4134
4129
1480
1481
4185
4184
4192
4189
4200
4195
4203
4204
4202
4205
4212
4207
4220
4226
4219
4233
4235
4230
4238
4237
4228
4213
4191
4193
4187
4188
4824
4182
1482
1483
1484
1180
4157
4151
1485
529
4156
4163
4162
4154
4153
4152
4159
1179
2585
4179
4172
4168
4169
4170
4176
4174
4171
4175
4177
4178
4180
4186
4725
4726
4727
4181
1512
791
4190
4183
4194
1511
4199
4197
4201
4247
4254
1510
4248
4249
4250
4259
4251
4252
1196
1197
3869
43
1156
1157
1158
1159
1591
3872
4672
4654
3871
4670
3870
1858
1859
1860
3868
2242
2309
2308
1202
2243
2244
2920
695
2975
694
1857
4656
4671
4655
1160
1506
1507
1505
1504
1501
2001
2325
2326
2002
2003
4032
4033
2679
2561
4009
2336
2409
1970
2921
2727
2728
984
985
1995
1996
3089
986
987
4853
4852
997
998
4708
999
988
989
2185
990
1515
991
1997
438
992
4759
4023
4024
993
994
2206
995
996
4038
4037
4036
4
5
437
37
36
1946
1947
35
3971
3054
3972
2315
85
86
87
2316
2317
2295
2296
107
106
2318
3010
2449
3074
3973
3974
2488
3975
3976
4021
4017
205
204
4697
4018
4020
1249
4022
4019
4710
4709
4711
1971
4011
4010
4008
2335
2890
2334
2333
2332
4035
983
4034
1502
1503
1922
2685
3023
2113
1306
1307
1309
1308
2275
1125
1124
1122
1123
4475
2112
507
505
506
182
183
1982
1508
1509
2827
4673
4871
4253
4255
4256
4257
4258
4260
42
1198
1199
1200
1201
1203
3085
1204
1111
1112
1205
2097
3866
2632
1929
3036
3037
2633
1206
3867
2430
2446
2447
2281
3864
1445
2280
1892
1893
3070
305
304
3071
1891
3865
2595
1894
1895
3862
3863
2216
2594
1432
1433
1418
2133
1419
1420
3401
3410
3388
3408
3399
3390
3404
3398
3405
3397
3396
3395
3393
3403
3400
3402
1421
1259
1260
2952
2953
2954
3086
2974
3875
2159
2368
635
636
1422
3409
3391
3386
3389
3383
3394
3392
3387
3406
3407
3384
3382
3385
262
263
363
362
470
469
385
3880
3882
3884
3883
3885
4729
4730
4731
3878
1425
1424
1423
754
4007
318
317
753
3876
1925
1926
1924
2453
1923
2741
31
32
1134
3877
2254
2255
2256
2706
2253
2848
2252
2930
2251
3879
2328
1403
3881
4013
2438
4015
94
4014
4012
4016
163
164
1870
1871
2114
2854
4530
189
190
1810
4531
1385
1384
1389
1390
2482
2483
1779
1780
1781
1782
2782
900
2783
899
898
2723
897
2484
2485
2193
4603
4605
2856
1598
3967
3970
265
3111
3121
3120
3317
1614
3119
3110
3117
2801
824
825
308
309
4619
368
3090
2964
3078
2152
2151
721
720
2150
367
4618
4617
2149
4620
4621
1615
4805
4806
3446
3445
2761
2762
1988
2276
2021
2646
922
4612
924
925
2284
1547
3693
3046
2847
2049
2048
2818
2817
923
4614
4613
4609
4611
4610
2277
2022
2647
2763
3039
1016
1706
1707
2764
4118
4112
4113
4111
4109
4110
4104
4106
4107
4117
4114
4116
4115
4105
4108
4103
4102
4100
3784
4091
4101
4095
4096
4099
4097
4098
4093
4092
4094
2765
4090
4088
4089
4087
1453
616
617
4845
618
619
620
526
621
1806
405
404
407
889
2303
2178
2179
623
622
1667
624
2386
2387
2714
1280
1284
1885
1886
2288
1175
1176
1283
1517
1281
1282
2840
2715
2272
2273
2707
1883
1884
2967
1882
1881
1952
3761
3762
3764
1953
3760
3765
3763
3766
1954
1955
1471
3575
1466
1467
2985
2891
3380
243
3381
1469
2039
716
3734
717
718
719
2443
1783
3735
1470
3609
3608
3767
3770
3768
3769
3775
3773
3772
3774
3776
3771
1020
1021
2460
982
2970
2461
524
525
4846
2385
2172
527
406
528
4155
4161
4158
4160
1513
4165
4173
4167
4166
4164
4682
4681
4685
4686
4684
4683
792
2512
193
24
194
25
1968
3893
3888
3886
3874
3873
333
332
4680
4679
4678
4677
4736
4737
2805
2649
3887
2650
3045
2602
1165
52
53
54
55
2648
3091
1765
1495
3891
360
359
1494
1764
3061
2808
3082
2809
790
789
2604
2603
2664
2861
2810
1356
1355
2635
2634
3048
2811
2672
2671
2047
2046
3892
2605
2812
3889
3890
4080
4077
4078
4082
4081
4079
2298
2299
2859
2860
2297
2796
4789
2857
2858
1428
4065
4064
4758
4073
4072
4071
4070
4069
4068
4060
4062
4063
4059
4061
4066
3986
3987
4067
378
1427
4790
3059
2194
2947
1212
1213
2509
2789
823
822
3682
3681
3683
2025
1932
1931
1372
1371
2788
2195
296
1211
1429
297
298
1430
1431
58
1659
57
1620
49
48
1577
2219
2626
2220
1056
1055
2221
2218
3040
2217
56
1887
314
313
1576
756
755
4003
4002
4000
4001
4005
4004
1747
1746
4006
1745
1888
267
266
3050
4674
3051
4698
2314
2879
168
169
166
167
3049
1118
1880
343
342
2895
4877
1136
890
203
1135
202
1391
177
1546
2096
2095
4849
2227
113
4847
111
4848
109
110
112
2226
101
4026
4027
4030
4029
2248
258
3132
3100
3131
4366
254
253
4364
256
255
252
257
4365
223
224
4031
4028
4025
229
228
327
2247
454
3997
3996
455
3993
3992
3994
3995
3991
3990
3989
3988
3999
3998
288
301
300
299
102
1889
1879
4850
4851
2667
2754
2668
710
709
2611
2610
123
2599
2669
3081
3029
3027
3028
2689
386
165
1451
140
139
371
138
137
136
369
303
273
272
2171
302
1974
1692
235
234
233
232
1691
1690
1975
230
231
237
236
4879
238
3098
3927
3133
1452
3134
2978
400
2979
3099
1454
3062
2939
445
444
2506
399
398
434
433
1455
214
213
1456
1976
1698
1457
2370
2369
1105
4735
1108
1107
1458
1106
153
152
151
150
1426
4084
4086
4085
2865
4083
1459
1153
1152
4074
4075
4076
2937
1460
582
581
2322
2103
2104
2678
858
859
860
1461
4712
1641
1514
4863
1463
1462
2820
2598
2597
3063
3044
2589
2173
2174
2560
457
456
2175
2176
2177
1413
1414
1412
2999
2998
1411
1285
1286
2135
2102
2906
3047
2101
856
2100
2099
857
1464
1465
3687
3686
3691
3685
3690
3689
3688
3692
3684
1262
1261
914
2117
915
759
760
1619
4589
2337
2896
1994
1763
1993
1992
1991
814
1808
1807
3737
3736
2444
2407
1714
1713
1468
2408
2153
2873
793
2543
2154
2026
2027
1618
916
917
2307
2134
919
918
920
921
2431
3748
3739
3752
3743
3753
3738
3744
3742
3746
4574
4573
4572
3745
3751
3749
3740
3750
3741
2699
3747
2990
4469
744
745
3733
816
815
1951
2851
1950
3778
3777
3928
3757
3758
3755
3754
3756
3759
707
1949
2915
1397
706
1396
290
289
2083
2880
2082
1948
692
691
2499
310
2498
2437
671
335
218
216
72
71
215
217
70
2327
69
68
67
640
3985
670
293
292
2830
3322
4615
4616
2204
2203
2202
669
880
668
863
667
2293
1310
2596
1311
142
141
143
2294
666
665
144
3321
4471
4470
2198
664
146
4518
663
3033
352
145
2246
1030
1031
2245
351
2989
4627
4624
1796
4628
1090
4625
3092
4626
4629
4464
4630
662
537
4457
350
4522
4521
4520
4519
3118
3109
4804
4803
4662
4663
4666
4665
4664
3531
1957
701
700
1723
1632
1724
3532
1631
476
475
474
473
472
135
134
1816
1722
699
2822
2580
1956
4587
4586
4588
2448
1743
341
340
1744
660
548
536
547
546
661
813
47
659
45
44
480
481
46
658
1250
657
1973
479
698
478
477
1721
656
655
654
653
652
1633
3205
708
1634
649
172
171
674
2071
1843
471
3155
3154
2814
2076
2077
3153
1958
4466
4467
2023
2024
4505
2223
4585
3156
4545
1101
4527
4581
4668
1100
4580
4465
2224
1593
2519
2259
2804
549
2258
2257
540
4746
4747
3006
1137
4638
705
1138
4633
4649
4642
4635
4640
4636
583
891
892
893
2929
1365
3043
1139
4643
2222
4648
4641
4632
4645
4639
3168
3167
4646
3166
1164
4634
4637
4647
4644
3965
1140
3005
2587
2168
2870
3966
4780
2576
2035
2034
2588
2575
1299
1298
2347
2352
2353
937
938
1366
2036
2037
1749
2916
2932
1296
8
9
1297
516
84
2622
515
514
83
2836
82
513
1500
4506
2231
2197
2196
2620
2907
2621
2980
2981
2624
2623
2625
1235
2420
1738
1739
1254
1063
1253
2806
1252
1251
2544
2545
1638
1064
1740
2821
2726
4826
1737
1600
1599
2285
2287
2286
1601
2944
1602
1603
4570
3128
90
1900
1901
2073
1035
1034
2074
1835
4706
4705
4582
4583
1834
4472
4523
4473
4525
4502
3152
3147
4503
4501
4442
23
4477
4584
4524
2573
2574
2837
2230
2229
81
512
1295
1294
7
1145
704
703
1748
702
2931
2651
1183
1182
1144
1293
6
511
2170
510
509
508
2412
881
882
2045
693
2212
607
2211
2044
2232
4763
2042
2041
1597
3199
3201
3200
496
497
2040
1786
2043
2210
606
611
610
609
608
498
1071
1072
499
4539
574
1570
1571
4264
4265
4261
4263
4268
4270
4269
1805
2692
1065
4266
875
1066
4267
4273
4274
4275
4278
4277
1067
4262
1068
2324
4297
4296
4292
4289
4294
4301
2323
4293
4280
4284
1069
4691
1070
4692
3135
3143
3149
3148
4757
3136
3144
3145
3137
3150
3151
4809
3138
3139
3140
3142
3141
4575
4576
684
373
275
3169
3171
4526
329
3170
22
21
330
156
3448
3449
3441
733
870
1815
1983
2213
4479
4480
3438
3439
2951
242
3436
1984
3422
1985
4719
4718
687
3443
4716
4717
1961
1054
4482
1012
1013
4483
1011
1010
395
99
100
394
396
397
1666
1665
491
492
1837
2949
381
382
735
1836
4836
4835
1902
4829
4830
4832
4831
1938
4834
4833
4487
4488
4489
4490
4494
4496
4498
4500
4499
4497
4495
4493
4492
4491
1937
393
389
4827
4828
392
391
4861
4862
390
4754
4752
91
4753
4755
571
572
1491
1604
1605
1227
4751
1224
1225
4529
1226
4058
4056
4057
4694
4693
4696
4695
1606
1093
1092
520
519
1228
1607
1049
4700
1050
1608
1853
2559
1942
1943
3129
2367
3925
3926
3924
737
2366
3922
3923
1610
1611
1612
4042
4040
4039
4041
4043
4045
4044
4046
1613
2411
2867
1609
736
3921
4050
4053
4054
4055
4049
4048
4047
4051
4052
384
383
188
187
186
211
210
212
934
1775
1169
1170
1774
2738
935
936
1535
1534
374
375
376
2654
1533
4378
4379
4377
4380
2878
1986
1041
1042
1344
2122
3730
3725
3726
3727
1343
1342
1040
4507
1350
2068
1987
3095
4485
3096
4369
4373
2069
2070
2993
4484
1351
4367
4368
4370
4372
4371
4374
1043
1352
4376
2236
2237
4375
4701
4702
944
3097
1044
2670
3425
3427
161
158
1045
1635
1636
421
1121
2399
2582
2019
2018
245
244
3729
3030
2779
2087
2086
2780
2020
159
160
3424
3426
2241
3442
4815
338
281
282
283
284
285
286
319
320
321
322
323
324
325
3379
280
279
278
178
326
179
3432
1091
3423
3431
3433
1962
3435
3434
4721
4720
4713
3421
4714
4715
3428
4724
3429
4481
3430
3437
4840
4839
3440
1814
686
685
734
3919
3918
3172
3173
154
3174
157
3180
155
3915
3175
3181
3916
3182
3179
3183
3372
126
127
3371
372
682
584
711
3146
683
1575
1574
1573
1572
949
2721
950
4288
874
4295
4290
4285
4283
4286
4302
4303
4307
4311
4319
4308
4313
4315
4310
4305
4298
4287
4282
4271
29
30
573
500
2794
4272
3195
1911
1910
4538
4537
3002
2067
1928
4652
1927
4653
2066
844
2065
2064
1563
401
402
956
2164
2163
2118
1518
1519
1520
1521
957
403
1865
1866
958
2680
2868
2119
2795
4533
4534
1809
2869
4837
2781
2525
2524
2523
2522
2521
2270
2271
959
1867
1730
2766
2165
2614
955
2389
2613
1184
1784
2057
1185
1186
1187
1878
1785
62
61
60
59
2807
2945
2062
2390
1147
2063
1146
2642
847
846
845
2214
4761
1564
4760
1565
1566
1567
4441
2643
1908
2075
1148
2391
3022
1188
1909
3101
1189
539
495
4631
2686
1569
1568
4276
4279
4281
4291
4304
4300
4299
3197
3196
4314
4312
4318
3198
1912
2157
4317
4309
4306
4316
4320
1913
1967
1914
3052
422
4745
423
424
4744
3346
3339
3344
3347
4807
3345
3340
3338
4808
3349
3348
3343
3341
3337
3342
1965
1964
1930
1645
3982
3983
1646
3177
3178
3370
3373
3375
2004
3917
3378
1798
1797
3699
1499
1348
1349
1799
1800
1695
3720
862
219
128
129
3710
220
1208
1207
1801
3014
2092
3712
3713
3444
2008
3004
2009
1190
199
162
1191
2010
3715
3718
206
2364
2365
3708
315
358
357
3084
632
631
2556
630
1919
3723
463
3717
3724
3719
462
461
460
1117
459
458
1221
2618
2192
1104
1103
250
249
2191
2846
2319
1222
2698
1223
2617
2697
2696
2313
2108
1936
2011
2012
2684
2013
1220
1219
2816
2014
2015
2016
2653
3732
3731
2017
312
311
977
978
2289
2290
3728
4381
1300
1301
2426
2427
336
337
2583
2584
2469
2470
2292
2291
4703
4704
2445
4699
3722
3709
1990
3703
3714
3711
3704
192
191
4876
246
247
248
1553
1554
1555
3705
3706
3707
0
