0
3898
349
1759
4819
1161
3300
1076
1873
365
3267
2571
2988
1127
1622
3184
2875
2441
2758
4551
588
1402
2274
3486
1214
2938
2158
4408
879
2187
3806
2887
1241
612
3805
3674
3804
1831
3000
688
3815
3979
3606
2442
1545
2050
3811
2107
2400
3326
3809
3668
345
175
2030
122
840
3499
2927
1825
878
3212
587
848
1242
651
894
1053
3944
2904
1215
3210
1872
176
1628
1640
1621
2756
877
3211
3895
876
543
2874
1728
3908
2757
1717
591
1718
589
2639
2301
895
2207
468
1588
3513
1150
2388
769
4390
2842
3490
2348
1360
2350
780
3021
1435
1972
3592
41
2911
764
1696
767
4559
1587
3510
1589
4354
1850
2905
766
4794
1709
4801
979
2946
1710
3935
1787
854
3311
3228
2608
1081
774
2828
2977
2089
3812
2563
2926
3481
3817
2080
3814
906
1999
2712
2404
4386
531
76
3810
1716
3827
4338
1874
1668
3938
901
595
2711
3065
1669
4382
3834
3243
1320
849
3836
2402
4799
839
3899
836
78
2843
2476
1380
3209
3813
3112
466
2306
3816
1369
838
1813
837
1240
3244
1488
585
346
75
133
2550
117
1963
1177
3585
2888
2943
3468
3031
4561
4341
184
2725
4399
696
3505
3932
3305
1652
3232
1032
3842
1907
3847
295
4458
4453
4787
3572
2489
4454
1700
3017
3587
1026
1154
180
3579
2884
3576
225
3580
3053
1370
3482
2357
2381
2568
1777
3447
818
1132
817
673
4857
1288
415
552
3551
730
3536
2321
3535
2644
2866
4592
1648
1440
1217
4821
1256
4788
416
4690
1699
1854
1368
1361
604
1761
451
4689
3515
412
1516
3219
913
2115
3234
3216
1443
3221
1001
908
873
1239
1767
2131
1449
411
4361
783
2555
2038
3450
904
3329
1051
1644
4564
485
4562
2638
3469
3524
3502
493
3472
1742
4478
2553
3473
2863
4405
3327
3475
2636
3516
2094
566
486
3562
2637
3467
3588
1436
3586
567
2552
2090
1890
3483
3584
198
409
4403
3595
104
2457
3190
3525
2382
1271
3476
1273
3914
1741
4563
1275
10
1272
105
3596
3191
689
2091
408
3670
3593
27
3589
1358
2124
4528
690
4571
3590
4435
488
502
1037
442
3851
3547
2249
418
4875
3549
1363
2592
4355
3555
1726
3556
2233
884
4816
1255
1304
3540
1289
2957
2562
3599
2188
3548
1305
240
3242
3222
3235
1671
291
3263
4359
3553
4356
3224
3930
3223
4792
3550
1817
3554
1038
3418
3521
4456
2694
4546
3520
3125
1131
447
1383
1637
1362
2414
3241
2799
3528
501
795
3981
2397
116
3454
4511
2950
3058
731
453
725
353
1725
361
794
4553
3529
3026
1133
4409
3597
3230
1977
503
3530
565
796
4514
1387
562
3522
2419
2924
4512
1039
4552
2645
3500
4336
4431
1556
3667
4335
173
4343
2798
1697
448
3113
553
4340
948
4348
3315
3130
174
3115
446
4334
1762
4623
3558
3413
2320
4342
1876
4823
4344
4351
4345
2417
4339
728
3456
946
2910
605
727
3539
3849
449
4822
450
1303
1496
413
947
3072
1497
2713
3546
4872
3534
2785
2500
2996
1719
2093
3194
489
121
74
2961
2853
2570
2735
2569
1647
2228
2415
1827
1194
3226
2494
2059
784
3506
903
4413
2130
2088
3838
1347
1920
2060
2731
2268
3215
650
3220
4463
79
4422
2358
2619
2081
3208
3034
1852
1583
1753
2912
1357
775
118
842
3913
4577
564
4594
4854
239
1752
2973
3896
2181
970
2346
1353
4566
1998
952
3333
1265
2742
4400
1448
4568
3940
4555
3941
98
1450
2380
3328
3541
3848
4547
3455
3417
1354
443
3247
4554
802
4786
3567
912
953
600
4385
1766
4387
2502
1751
2849
954
3573
3504
2312
3933
2688
3229
4410
598
4764
1022
4569
2363
260
2000
2116
1487
97
1838
4326
3159
2189
1906
3291
741
3019
2819
3252
1099
2190
1167
2278
1409
3275
538
1017
3377
3701
20
3041
2663
3702
3374
2450
1023
1019
2659
3698
2657
3088
4733
4844
2530
2845
4749
2267
757
3264
1060
1128
1098
887
2825
18
2815
130
758
17
3859
3276
1096
1238
2329
1672
2283
1673
1218
1129
2535
3265
2533
1237
2534
3266
885
3600
2590
2111
2913
3292
1267
3310
738
3308
1266
3601
1075
942
739
3288
50
980
3158
981
742
1833
1126
3312
740
3297
1079
1048
4321
4389
2826
2418
3591
570
2850
2374
2123
1319
4486
3495
4347
2200
4337
3661
4450
3512
4449
4549
3781
4426
2832
1702
2833
2377
639
504
1540
4417
1639
2462
2695
2835
2877
1701
2987
2736
2425
1322
1007
2755
1945
2474
4333
3570
490
3501
3458
3470
637
1586
4349
3904
4782
3900
1382
3602
1682
974
1683
3255
1268
3901
1758
1720
3249
4412
1002
65
1596
4394
2503
2051
4329
3496
494
3566
4331
4428
2490
1400
3662
2601
4856
2717
821
1828
3666
811
3498
3003
2882
4476
2467
638
4855
2567
3073
2439
108
697
3583
4796
1171
4416
4330
251
3083
2885
3093
3287
484
2375
1905
3306
1077
3289
4650
3309
483
1367
3411
3303
1869
80
1933
3984
966
3038
961
3801
2627
3272
4743
3788
1523
1323
2744
4532
200
3700
3376
2435
2655
1018
2239
1898
331
1899
2528
2436
388
2433
1024
933
2005
3015
4734
3016
4750
2432
436
3366
2660
3365
435
2434
3075
2496
4740
1083
4742
1246
4741
3298
426
3259
3157
3296
4608
3290
51
3307
4651
3791
967
1086
1328
3279
4739
1193
1326
1084
853
3361
19
592
3278
1325
2787
425
3299
1681
1245
1522
2058
2872
2542
1660
2803
1538
1678
2661
3012
2531
2933
1536
96
3008
3176
2786
95
1578
3281
1579
3792
1582
1562
1679
3273
428
1394
429
1264
1868
3257
1327
1674
430
1561
2536
752
865
4459
864
2497
962
1192
4738
4322
2682
2279
2683
1244
1230
3294
1229
3790
852
3274
1410
1087
465
3604
2136
2641
1966
3251
2681
3256
1550
3280
1934
2802
726
3261
963
3258
851
1675
2928
2986
964
3060
2330
972
1408
3807
641
3032
427
1405
1960
1406
3009
1670
2201
1082
3414
3293
559
3313
3416
3301
3857
1560
1776
3270
1097
1324
2529
3087
2656
2451
886
3262
2282
4841
2935
4842
3860
2184
593
971
3861
1404
643
1085
1537
1677
2658
3697
642
888
1025
3057
201
2452
960
1263
1073
3277
1581
3260
1580
786
1731
1543
1693
1243
1074
4810
1680
3271
850
3295
743
3808
1694
785
482
3789
1172
2541
410
33
1490
2109
2759
2508
2209
4560
3574
3484
1033
3477
2579
4433
3035
3664
4346
1863
3116
3680
3457
3509
3594
1864
294
1851
3977
3676
4332
568
4452
227
4328
2405
2897
181
4474
3679
3978
4427
2960
4557
625
3677
2359
3493
1395
1388
2360
3912
2549
1130
2548
259
1558
4432
3080
4429
2748
3673
580
3485
1028
3514
1149
1492
1559
2110
1027
4393
2546
4579
2901
3663
2557
1173
1163
4814
2160
3466
1162
3461
2161
4504
2558
4407
2056
3671
2055
3669
1276
3560
1277
4813
2162
3537
579
3471
2790
3665
2791
3464
2747
3463
2902
3672
1029
3492
2454
2376
626
3465
4825
3675
2205
3494
627
1095
4451
3462
487
103
2361
3460
629
2883
4622
1178
555
3487
1541
2983
2486
4415
941
4421
3779
2199
1248
3325
1386
2918
613
4423
3782
34
3780
4401
3783
3238
810
196
909
66
812
3231
3055
4388
808
3193
2054
4391
2831
4392
4707
3236
3980
2690
809
3323
628
3905
1830
3565
2106
4434
911
2984
614
3910
3024
4558
2745
195
910
1811
943
4425
3025
2127
2746
2379
2105
1978
2440
896
1823
3907
2459
2372
1399
1778
1398
3237
544
940
3162
1181
2720
541
3856
1401
577
2504
1316
2128
3803
542
4820
1903
905
3336
2475
1524
819
2564
603
732
3552
1078
3824
3248
2517
3419
3828
678
2948
597
2739
1000
2976
3934
2339
1595
772
3503
770
3192
2340
2729
2345
2730
601
3903
1015
2491
4817
672
2941
2487
2183
2716
3605
2889
3822
3415
1014
4397
776
554
1875
2516
2551
1711
1861
3829
2421
4597
4360
3254
1855
2940
2936
185
1826
1089
39
2740
1829
2182
1688
307
1705
634
38
2343
1651
1279
3420
777
3840
2501
3225
1788
2468
773
4424
779
3489
4468
3491
841
2881
4600
615
1862
1979
4595
2969
768
4438
2609
2876
765
1302
1708
3571
1712
2511
1278
4398
3825
4404
4596
4567
3823
4384
4598
1274
93
3931
3826
1624
3819
387
3831
4550
1287
3911
40
467
771
73
2338
4418
2265
3218
787
28
2520
1824
2455
1094
1590
4402
2862
557
1626
1654
92
1655
12
3011
3203
1653
1627
3189
907
3332
902
3233
3185
4802
778
1795
2342
1584
2344
969
2085
801
3607
2607
1088
599
633
2640
602
1760
4818
723
2084
2778
3334
1052
2031
576
1916
3202
2479
2971
872
2991
1623
3821
197
843
3563
4599
4797
3633
339
3820
2829
788
3846
3269
1005
3362
4358
3830
4353
306
722
2972
2413
366
4657
4838
551
2395
3239
2121
4352
3544
170
2458
1364
1151
3127
2606
2302
3488
1493
751
2923
3511
2403
1689
590
2612
2401
679
2396
749
3678
530
2355
2392
750
3568
724
871
596
3474
77
11
3577
261
3578
2383
1375
561
2155
563
2156
4396
3240
945
3598
3839
3519
2917
4436
2428
1704
4411
1377
1174
1376
578
1374
3163
4362
1290
3214
3451
3068
1346
1727
2269
1729
1381
431
3250
432
1292
545
1379
1921
2691
2129
1944
3837
1195
2072
4383
3213
1115
3217
4515
2760
1585
2852
586
1321
803
3833
2371
2732
3909
2733
3523
2734
3517
2478
1917
4455
2992
931
3943
2709
3939
2416
3937
3897
1441
4395
1080
4548
3335
4406
3518
370
2480
3852
2032
1849
1378
2955
3906
3855
1116
2719
3453
1439
3330
3564
3066
4419
1446
3561
560
4798
1447
3479
2505
3845
2956
3843
3542
2813
2784
4874
2215
4785
1649
4784
414
3850
1650
1773
3557
4781
1216
3227
820
4791
2751
1856
3559
344
939
2591
883
1113
2900
1114
1676
2919
3268
968
3253
1006
973
2687
2593
1551
3302
1168
3920
3716
3013
3721
932
4860
3695
2007
3367
2238
3364
2532
3369
4748
3363
2240
3368
2662
4843
861
3056
125
1790
806
1803
2844
1802
804
1789
805
550
1
1804
1989
3696
1498
3694
2006
2266
2061
1877
4350
3304
2572
3545
4873
3538
4687
241
556
2800
3018
3543
4357
3603
4793
1656
1155
2797
729
452
2492
417
4688
1036
2250
2393
4783
3533
3841
1236
3929
2378
680
2708
2354
2125
2510
3508
2356
4795
807
3894
1247
3478
1557
1959
3582
4556
2456
3497
2186
2373
3581
115
1832
4430
2600
4535
3412
119
3114
4510
3452
951
1642
3832
1904
1703
3245
3835
3526
2132
3902
782
2033
3844
1915
3124
3936
3569
1444
2886
1442
268
2966
2384
3331
4363
3246
1437
3527
226
781
569
3459
3126
2362
2507
1009
269
2493
2566
2722
2565
2495
2481
2718
1715
420
1373
419
558
26
2994
4414
1486
120
1592
2351
2724
4565
2892
2126
2423
3507
3077
1750
2693
3480
1643
4513
2554
3324
2424
2429
2300
1359
2422
1434
2997
114
2513
2925
4536
347
1542
1489
4420
4762
2581
2463
575
2349
594
2477
348
4437
3007
3942
927
2893
2871
1291
2341
1625
532
64
533
1812
3611
354
2260
3610
316
1345
2261
835
834
2079
334
833
2959
2958
2394
1941
1940
1939
3615
2180
832
2305
1768
3613
2304
1687
4756
517
1658
518
1657
1772
1771
1769
2398
1770
3612
3020
1415
1416
1417
3614
1969
3818
3094
826
827
828
829
830
831
2615
3616
2616
2700
1980
1981
1110
1109
2631
2630
1330
3617
1331
1332
2
3
3618
3619
3620
1333
1334
3622
3632
3627
4732
3623
3626
3625
3630
3628
3621
3624
3629
3631
2899
3076
2898
1335
1336
1337
1338
1339
2968
3660
1918
1340
4811
3652
3654
3653
3656
3655
4327
3642
3646
3643
3659
3658
3657
3651
3648
3650
356
355
3649
3647
3644
3645
4578
3357
3358
3359
2406
2652
3636
3635
3637
3638
3634
3639
535
534
3641
3640
2674
2673
3042
1057
1058
1059
712
713
714
3360
715
2705
147
1532
799
800
2628
2547
2629
4728
124
798
797
1341
3356
4812
2704
3204
1046
3069
763
2464
380
379
762
761
3795
3798
3800
3793
3796
1315
1314
1313
1312
2539
1530
1531
3797
2914
1047
2540
2098
2839
3794
4325
4324
4323
2838
1529
2703
3799
1757
3355
1528
2410
3354
1756
1754
1755
1736
1527
3787
2675
2676
2677
2908
2909
1393
2262
2752
2753
1392
2263
2264
3282
3283
3286
3785
3786
3285
3284
1318
1317
276
277
1732
1733
2834
1735
1734
1526
1525
2702
4439
4440
928
926
2701
3314
13
14
364
3207
3206
274
271
270
3853
377
2903
2777
3352
3350
2982
2577
3854
3164
3165
3161
2772
1896
1438
2471
1847
1848
1004
1003
2773
3067
2962
2963
2774
2208
2578
2775
2776
3351
3353
3160
3186
3187
3188
3802
88
15
16
89
2934
2922
975
2710
976
1232
1231
2138
2137
2749
2750
2965
3064
747
464
746
1548
4878
1549
2767
1329
2768
855
2769
748
4675
4676
4722
4723
2139
4461
4460
2140
2141
1257
1258
1234
440
441
4593
1141
1143
1142
439
1233
4462
2841
2995
4590
2142
2143
2793
2792
4591
2472
2473
2148
2147
1897
2146
2145
2144
1846
1845
2771
4448
2235
2234
1844
4447
4445
4446
2770
4444
1686
1552
4858
1685
2514
1209
1210
2515
4859
1684
1935
1270
1269
965
2466
2465
3858
2743
1793
1794
2537
2538
1661
1662
1407
1061
1062
1663
1822
1821
1664
1820
221
222
1819
647
1119
1818
1842
4443
2665
1120
4669
2894
1616
1617
675
676
648
677
2666
4607
4865
4864
646
1840
1841
521
2052
869
523
522
868
2527
867
866
4509
4508
644
645
1839
2824
1539
2526
1594
2053
2120
2823
2518
2225
63
1166
2028
2029
2864
2331
1102
3106
3079
2078
3103
3102
3108
3107
3105
3104
4659
4667
4658
3318
3316
4660
4661
3319
132
328
3320
131
209
148
3964
149
3123
2586
3968
3969
264
3122
207
208
2855
1472
1473
3960
3961
3962
3958
2167
3959
3963
2737
2166
2169
4541
4542
4543
4540
4544
681
287
4604
4602
4601
4606
1008
1474
3947
3957
3950
3956
3953
2310
3946
3955
3945
3001
3951
3948
3954
3949
2311
3952
1475
4244
4765
4245
4866
4777
4771
4774
4775
4770
4769
4772
4776
4778
4779
4767
4773
4869
4870
4766
4867
4868
4768
4246
4243
4234
4224
4218
4211
4221
4210
4206
4209
4214
4217
4225
4222
4215
4231
4232
4229
4236
4223
4800
1476
1544
1477
930
929
1791
1629
1630
1792
2942
1478
4517
4198
4196
4516
4227
4216
4208
4239
4240
4241
4242
1479
4126
4130
4119
4121
4124
4120
4122
4139
4123
4140
4135
4144
4132
4136
4142
4137
4138
4145
4147
4146
4149
4150
4148
4143
4141
4125
4128
4131
4133
4127
4134
4129
1480
1481
4185
4184
4192
4189
4200
4195
4203
4204
4202
4205
4212
4207
4220
4226
4219
4233
4235
4230
4238
4237
4228
4213
4191
4193
4187
4188
4824
4182
1482
1483
1484
1180
4157
4151
1485
529
4156
4163
4162
4154
4153
4152
4159
1179
2585
4179
4172
4168
4169
4170
4176
4174
4171
4175
4177
4178
4180
4186
4725
4726
4727
4181
1512
791
4190
4183
4194
1511
4199
4197
4201
4247
4254
1510
4248
4249
4250
4259
4251
4252
1196
1197
3869
43
1156
1157
1158
1159
1591
3872
4672
4654
3871
4670
3870
1858
1859
1860
3868
2242
2309
2308
1202
2243
2244
2920
695
2975
694
1857
4656
4671
4655
1160
1506
1507
1505
1504
1501
2001
2325
2326
2002
2003
4032
4033
2679
2561
4009
2336
2409
1970
2921
2727
2728
984
985
1995
1996
3089
986
987
4853
4852
997
998
4708
999
988
989
2185
990
1515
991
1997
438
992
4759
4023
4024
993
994
2206
995
996
4038
4037
4036
4
5
437
37
36
1946
1947
35
3971
3054
3972
2315
85
86
87
2316
2317
2295
2296
107
106
2318
3010
2449
3074
3973
3974
2488
3975
3976
4021
4017
205
204
4697
4018
4020
1249
4022
4019
4710
4709
4711
1971
4011
4010
4008
2335
2890
2334
2333
2332
4035
983
4034
1502
1503
1922
2685
3023
2113
1306
1307
1309
1308
2275
1125
1124
1122
1123
4475
2112
507
505
506
182
183
1982
1508
1509
2827
4673
4871
4253
4255
4256
4257
4258
4260
42
1198
1199
1200
1201
1203
3085
1204
1111
1112
1205
2097
3866
2632
1929
3036
3037
2633
1206
3867
2430
2446
2447
2281
3864
1445
2280
1892
1893
3070
305
304
3071
1891
3865
2595
1894
1895
3862
3863
2216
2594
1432
1433
1418
2133
1419
1420
3401
3410
3388
3408
3399
3390
3404
3398
3405
3397
3396
3395
3393
3403
3400
3402
1421
1259
1260
2952
2953
2954
3086
2974
3875
2159
2368
635
636
1422
3409
3391
3386
3389
3383
3394
3392
3387
3406
3407
3384
3382
3385
262
263
363
362
470
469
385
3880
3882
3884
3883
3885
4729
4730
4731
3878
1425
1424
1423
754
4007
318
317
753
3876
1925
1926
1924
2453
1923
2741
31
32
1134
3877
2254
2255
2256
2706
2253
2848
2252
2930
2251
3879
2328
1403
3881
4013
2438
4015
94
4014
4012
4016
163
164
1870
1871
2114
2854
4530
189
190
1810
4531
1385
1384
1389
1390
2482
2483
1779
1780
1781
1782
2782
900
2783
899
898
2723
897
2484
2485
2193
4603
4605
2856
1598
3967
3970
265
3111
3121
3120
3317
1614
3119
3110
3117
2801
824
825
308
309
4619
368
3090
2964
3078
2152
2151
721
720
2150
367
4618
4617
2149
4620
4621
1615
4805
4806
3446
3445
2761
2762
1988
2276
2021
2646
922
4612
924
925
2284
1547
3693
3046
2847
2049
2048
2818
2817
923
4614
4613
4609
4611
4610
2277
2022
2647
2763
3039
1016
1706
1707
2764
4118
4112
4113
4111
4109
4110
4104
4106
4107
4117
4114
4116
4115
4105
4108
4103
4102
4100
3784
4091
4101
4095
4096
4099
4097
4098
4093
4092
4094
2765
4090
4088
4089
4087
1453
616
617
4845
618
619
620
526
621
1806
405
404
407
889
2303
2178
2179
623
622
1667
624
2386
2387
2714
1280
1284
1885
1886
2288
1175
1176
1283
1517
1281
1282
2840
2715
2272
2273
2707
1883
1884
2967
1882
1881
1952
3761
3762
3764
1953
3760
3765
3763
3766
1954
1955
1471
3575
1466
1467
2985
2891
3380
243
3381
1469
2039
716
3734
717
718
719
2443
1783
3735
1470
3609
3608
3767
3770
3768
3769
3775
3773
3772
3774
3776
3771
1020
1021
2460
982
2970
2461
524
525
4846
2385
2172
527
406
528
4155
4161
4158
4160
1513
4165
4173
4167
4166
4164
4682
4681
4685
4686
4684
4683
792
2512
193
24
194
25
1968
3893
3888
3886
3874
3873
333
332
4680
4679
4678
4677
4736
4737
2805
2649
3887
2650
3045
2602
1165
52
53
54
55
2648
3091
1765
1495
3891
360
359
1494
1764
3061
2808
3082
2809
790
789
2604
2603
2664
2861
2810
1356
1355
2635
2634
3048
2811
2672
2671
2047
2046
3892
2605
2812
3889
3890
4080
4077
4078
4082
4081
4079
2298
2299
2859
2860
2297
2796
4789
2857
2858
1428
4065
4064
4758
4073
4072
4071
4070
4069
4068
4060
4062
4063
4059
4061
4066
3986
3987
4067
378
1427
4790
3059
2194
2947
1212
1213
2509
2789
823
822
3682
3681
3683
2025
1932
1931
1372
1371
2788
2195
296
1211
1429
297
298
1430
1431
58
1659
57
1620
49
48
1577
2219
2626
2220
1056
1055
2221
2218
3040
2217
56
1887
314
313
1576
756
755
4003
4002
4000
4001
4005
4004
1747
1746
4006
1745
1888
267
266
3050
4674
3051
4698
2314
2879
168
169
166
167
3049
1118
1880
343
342
2895
4877
1136
890
203
1135
202
1391
177
1546
2096
2095
4849
2227
113
4847
111
4848
109
110
112
2226
101
4026
4027
4030
4029
2248
258
3132
3100
3131
4366
254
253
4364
256
255
252
257
4365
223
224
4031
4028
4025
229
228
327
2247
454
3997
3996
455
3993
3992
3994
3995
3991
3990
3989
3988
3999
3998
288
301
300
299
102
1889
1879
4850
4851
2667
2754
2668
710
709
2611
2610
123
2599
2669
3081
3029
3027
3028
2689
386
165
1451
140
139
371
138
137
136
369
303
273
272
2171
302
1974
1692
235
234
233
232
1691
1690
1975
230
231
237
236
4879
238
3098
3927
3133
1452
3134
2978
400
2979
3099
1454
3062
2939
445
444
2506
399
398
434
433
1455
214
213
1456
1976
1698
1457
2370
2369
1105
4735
1108
1107
1458
1106
153
152
151
150
1426
4084
4086
4085
2865
4083
1459
1153
1152
4074
4075
4076
2937
1460
582
581
2322
2103
2104
2678
858
859
860
1461
4712
1641
1514
4863
1463
1462
2820
2598
2597
3063
3044
2589
2173
2174
2560
457
456
2175
2176
2177
1413
1414
1412
2999
2998
1411
1285
1286
2135
2102
2906
3047
2101
856
2100
2099
857
1464
1465
3687
3686
3691
3685
3690
3689
3688
3692
3684
1262
1261
914
2117
915
759
760
1619
4589
2337
2896
1994
1763
1993
1992
1991
814
1808
1807
3737
3736
2444
2407
1714
1713
1468
2408
2153
2873
793
2543
2154
2026
2027
1618
916
917
2307
2134
919
918
920
921
2431
3748
3739
3752
3743
3753
3738
3744
3742
3746
4574
4573
4572
3745
3751
3749
3740
3750
3741
2699
3747
2990
4469
744
745
3733
816
815
1951
2851
1950
3778
3777
3928
3757
3758
3755
3754
3756
3759
707
1949
2915
1397
706
1396
290
289
2083
2880
2082
1948
692
691
2499
310
2498
2437
671
335
218
216
72
71
215
217
70
2327
69
68
67
640
3985
670
293
292
2830
3322
4615
4616
2204
2203
2202
669
880
668
863
667
2293
1310
2596
1311
142
141
143
2294
666
665
144
3321
4471
4470
2198
664
146
4518
663
3033
352
145
2246
1030
1031
2245
351
2989
4627
4624
1796
4628
1090
4625
3092
4626
4629
4464
4630
662
537
4457
350
4522
4521
4520
4519
3118
3109
4804
4803
4662
4663
4666
4665
4664
3531
1957
701
700
1723
1632
1724
3532
1631
476
475
474
473
472
135
134
1816
1722
699
2822
2580
1956
4587
4586
4588
2448
1743
341
340
1744
660
548
536
547
546
661
813
47
659
45
44
480
481
46
658
1250
657
1973
479
698
478
477
1721
656
655
654
653
652
1633
3205
708
1634
649
172
171
674
2071
1843
471
3155
3154
2814
2076
2077
3153
1958
4466
4467
2023
2024
4505
2223
4585
3156
4545
1101
4527
4581
4668
1100
4580
4465
2224
1593
2519
2259
2804
549
2258
2257
540
4746
4747
3006
1137
4638
705
1138
4633
4649
4642
4635
4640
4636
583
891
892
893
2929
1365
3043
1139
4643
2222
4648
4641
4632
4645
4639
3168
3167
4646
3166
1164
4634
4637
4647
4644
3965
1140
3005
2587
2168
2870
3966
4780
2576
2035
2034
2588
2575
1299
1298
2347
2352
2353
937
938
1366
2036
2037
1749
2916
2932
1296
8
9
1297
516
84
2622
515
514
83
2836
82
513
1500
4506
2231
2197
2196
2620
2907
2621
2980
2981
2624
2623
2625
1235
2420
1738
1739
1254
1063
1253
2806
1252
1251
2544
2545
1638
1064
1740
2821
2726
4826
1737
1600
1599
2285
2287
2286
1601
2944
1602
1603
4570
3128
90
1900
1901
2073
1035
1034
2074
1835
4706
4705
4582
4583
1834
4472
4523
4473
4525
4502
3152
3147
4503
4501
4442
23
4477
4584
4524
2573
2574
2837
2230
2229
81
512
1295
1294
7
1145
704
703
1748
702
2931
2651
1183
1182
1144
1293
6
511
2170
510
509
508
2412
881
882
2045
693
2212
607
2211
2044
2232
4763
2042
2041
1597
3199
3201
3200
496
497
2040
1786
2043
2210
606
611
610
609
608
498
1071
1072
499
4539
574
1570
1571
4264
4265
4261
4263
4268
4270
4269
1805
2692
1065
4266
875
1066
4267
4273
4274
4275
4278
4277
1067
4262
1068
2324
4297
4296
4292
4289
4294
4301
2323
4293
4280
4284
1069
4691
1070
4692
3135
3143
3149
3148
4757
3136
3144
3145
3137
3150
3151
4809
3138
3139
3140
3142
3141
4575
4576
684
373
275
3169
3171
4526
329
3170
22
21
330
156
3448
3449
3441
733
870
1815
1983
2213
4479
4480
3438
3439
2951
242
3436
1984
3422
1985
4719
4718
687
3443
4716
4717
1961
1054
4482
1012
1013
4483
1011
1010
395
99
100
394
396
397
1666
1665
491
492
1837
2949
381
382
735
1836
4836
4835
1902
4829
4830
4832
4831
1938
4834
4833
4487
4488
4489
4490
4494
4496
4498
4500
4499
4497
4495
4493
4492
4491
1937
393
389
4827
4828
392
391
4861
4862
390
4754
4752
91
4753
4755
571
572
1491
1604
1605
1227
4751
1224
1225
4529
1226
4058
4056
4057
4694
4693
4696
4695
1606
1093
1092
520
519
1228
1607
1049
4700
1050
1608
1853
2559
1942
1943
3129
2367
3925
3926
3924
737
2366
3922
3923
1610
1611
1612
4042
4040
4039
4041
4043
4045
4044
4046
1613
2411
2867
1609
736
3921
4050
4053
4054
4055
4049
4048
4047
4051
4052
384
383
188
187
186
211
210
212
934
1775
1169
1170
1774
2738
935
936
1535
1534
374
375
376
2654
1533
4378
4379
4377
4380
2878
1986
1041
1042
1344
2122
3730
3725
3726
3727
1343
1342
1040
4507
1350
2068
1987
3095
4485
3096
4369
4373
2069
2070
2993
4484
1351
4367
4368
4370
4372
4371
4374
1043
1352
4376
2236
2237
4375
4701
4702
944
3097
1044
2670
3425
3427
161
158
1045
1635
1636
421
1121
2399
2582
2019
2018
245
244
3729
3030
2779
2087
2086
2780
2020
159
160
3424
3426
2241
3442
4815
338
281
282
283
284
285
286
319
320
321
322
323
324
325
3379
280
279
278
178
326
179
3432
1091
3423
3431
3433
1962
3435
3434
4721
4720
4713
3421
4714
4715
3428
4724
3429
4481
3430
3437
4840
4839
3440
1814
686
685
734
3919
3918
3172
3173
154
3174
157
3180
155
3915
3175
3181
3916
3182
3179
3183
3372
126
127
3371
372
682
584
711
3146
683
1575
1574
1573
1572
949
2721
950
4288
874
4295
4290
4285
4283
4286
4302
4303
4307
4311
4319
4308
4313
4315
4310
4305
4298
4287
4282
4271
29
30
573
500
2794
4272
3195
1911
1910
4538
4537
3002
2067
1928
4652
1927
4653
2066
844
2065
2064
1563
401
402
956
2164
2163
2118
1518
1519
1520
1521
957
403
1865
1866
958
2680
2868
2119
2795
4533
4534
1809
2869
4837
2781
2525
2524
2523
2522
2521
2270
2271
959
1867
1730
2766
2165
2614
955
2389
2613
1184
1784
2057
1185
1186
1187
1878
1785
62
61
60
59
2807
2945
2062
2390
1147
2063
1146
2642
847
846
845
2214
4761
1564
4760
1565
1566
1567
4441
2643
1908
2075
1148
2391
3022
1188
1909
3101
1189
539
495
4631
2686
1569
1568
4276
4279
4281
4291
4304
4300
4299
3197
3196
4314
4312
4318
3198
1912
2157
4317
4309
4306
4316
4320
1913
1967
1914
3052
422
4745
423
424
4744
3346
3339
3344
3347
4807
3345
3340
3338
4808
3349
3348
3343
3341
3337
3342
1965
1964
1930
1645
3982
3983
1646
3177
3178
3370
3373
3375
2004
3917
3378
1798
1797
3699
1499
1348
1349
1799
1800
1695
3720
862
219
128
129
3710
220
1208
1207
1801
3014
2092
3712
3713
3444
2008
3004
2009
1190
199
162
1191
2010
3715
3718
206
2364
2365
3708
315
358
357
3084
632
631
2556
630
1919
3723
463
3717
3724
3719
462
461
460
1117
459
458
1221
2618
2192
1104
1103
250
249
2191
2846
2319
1222
2698
1223
2617
2697
2696
2313
2108
1936
2011
2012
2684
2013
1220
1219
2816
2014
2015
2016
2653
3732
3731
2017
312
311
977
978
2289
2290
3728
4381
1300
1301
2426
2427
336
337
2583
2584
2469
2470
2292
2291
4703
4704
2445
4699
3722
3709
1990
3703
3714
3711
3704
192
191
4876
246
247
248
1553
1554
1555
3705
3706
3707
0
