0
4867
4427
4870
3360
1027
1683
1149
1268
3978
2641
3952
2136
3949
1966
4245
3251
4244
1322
490
713
1558
465
4774
3604
4777
2380
4770
3602
3080
3069
4333
2464
1007
2695
2835
2359
3493
2748
1388
2360
4549
625
4417
1540
800
2549
1130
1395
2462
4452
1639
4812
3458
1341
4412
4772
3255
1559
974
2747
1682
580
3485
1028
3514
2546
4413
2901
4554
2557
1173
1163
4814
2160
4555
1162
2973
4669
1492
2161
1382
2548
4349
4332
271
4661
504
639
3457
2877
1701
2987
2736
2425
1057
637
1059
1758
1532
3900
4728
1586
3204
3570
1400
1719
2439
3073
2567
4855
638
2467
4476
2882
3003
4439
3666
1525
811
3498
2093
3194
489
3506
2996
2500
2785
3534
4872
3546
2713
1497
3072
947
413
1496
1303
450
4822
449
3849
3539
727
605
2910
946
3456
728
4339
2417
4345
4351
4344
4823
1876
4342
2320
3413
3558
4623
1762
4334
446
3115
174
3130
3315
4348
948
4340
553
3113
448
1697
2798
4343
173
4335
896
910
3787
4438
1736
1811
2676
2745
276
4558
1732
943
762
596
2263
3898
3286
2356
2540
724
1754
1915
3355
1813
2753
871
3282
3911
2675
195
3796
807
4325
3899
1528
65
1757
66
4324
3838
3794
3582
2704
2456
797
2186
2629
3581
715
2600
3785
3225
1314
1823
2908
3907
1393
2440
1978
2105
2379
2746
1318
4425
3285
3025
1734
3667
2834
3024
2127
1828
821
2717
2701
2601
928
3662
3207
4856
810
3894
1531
3832
2539
1642
2652
4363
3358
3124
3357
3587
1338
2513
2925
3929
1236
3841
3533
4783
2393
2250
1036
4688
417
2492
452
729
2797
1155
1656
4793
3603
4357
3543
3018
2800
556
241
4687
3538
4873
3545
2572
3304
4350
1877
2061
2266
2006
3694
1498
3696
1989
1804
1
550
805
1789
804
1802
2844
1803
806
1790
125
3056
861
4843
2662
3368
2240
3363
4748
3369
2532
3364
2238
3367
2007
3695
4860
932
3721
3013
3716
3920
1168
3302
1551
2593
2687
973
1006
3253
968
3268
2919
1676
1114
2900
1113
883
2591
939
344
3559
1856
2751
4791
820
3227
1216
4781
3557
1773
1650
3850
414
4784
1649
4785
2215
4874
2784
2813
3542
3843
2956
3845
2505
3479
1447
4798
560
3561
1446
4419
3066
3564
3330
1439
3453
2719
1116
3855
3906
2955
1378
1849
2032
3852
2480
370
3518
4406
3335
4548
1080
4395
1441
3897
3937
2416
3939
2709
3943
931
2992
4455
1917
2478
3517
2734
3523
2733
3909
2732
2371
3833
803
1321
586
2852
1585
2760
4515
3217
1115
3213
4383
2072
1195
3837
1944
2129
2691
1921
1379
545
1292
432
3250
431
1381
1729
2269
1727
1346
3068
3451
3214
1290
4362
3163
1374
578
1376
1174
1377
4411
1704
2428
4436
2917
3519
3839
3598
945
3240
4396
2156
563
2155
561
1375
2383
3577
11
3578
261
772
3503
770
3192
2340
2729
2345
2730
601
3903
1015
2491
4817
672
2941
2487
2183
2716
3605
2889
3822
3415
1014
4397
776
554
1875
2516
2551
1711
1861
3829
2421
4597
4360
3254
1855
2940
2936
185
1826
1089
39
2740
1829
2182
1688
307
1705
634
38
2343
1651
1279
3420
777
3840
2501
2708
2339
3934
2976
1000
2739
597
2948
678
3828
3419
2517
3248
3824
1078
3552
732
603
2564
819
1524
2475
3336
905
1903
4820
542
3803
2128
2059
2494
3226
1194
1827
2415
2228
1647
2569
2735
2570
2853
2961
74
121
1596
4394
2503
2051
4329
1316
2504
577
1401
3856
541
2720
1181
3162
940
544
3237
784
494
3853
4331
3164
2759
2577
2508
2774
2490
3854
4428
2772
3496
3574
697
1004
1863
464
274
4450
3293
559
3313
3416
3301
3857
1560
1776
3270
1097
1324
2529
3087
2656
2451
886
3262
2282
4841
2935
4842
3860
2184
593
971
3861
1404
643
1085
1537
1677
2658
3697
642
888
1025
3057
201
2452
960
1263
1073
3277
1581
3260
1580
786
1731
1543
1693
1243
1074
4810
1680
3271
850
3295
743
3808
1694
785
482
3789
1172
2541
410
748
33
1742
3536
730
3551
3524
416
4690
1699
1854
1368
1361
1026
493
415
485
1980
3502
3659
1907
1939
2638
451
4689
817
1132
1334
3580
356
3469
3646
225
2
3031
2958
2888
2079
1177
3610
117
837
1240
3244
1488
585
346
75
1345
3468
833
3585
835
1963
836
78
2843
2476
1380
3209
3813
3112
466
2306
3816
1369
838
133
839
4799
2402
3836
849
1320
3243
3834
4382
1669
3065
2711
595
901
3938
1668
1874
4338
3827
1716
3810
76
531
4386
2404
2712
1999
906
3814
2080
3817
3481
2926
2563
3812
2089
2977
2828
774
1081
2608
3228
3311
854
1787
3935
1710
2946
979
4801
1709
4794
766
2905
1850
4354
1589
3510
1587
4559
767
1696
764
2911
41
3592
1972
1435
3021
780
2350
1360
2348
3490
2842
4390
769
2388
1150
3513
1588
468
2207
895
2301
2639
589
1718
591
1717
2757
3908
1728
2874
543
876
3895
3211
877
2756
1621
1640
1628
176
1872
3210
1215
2904
3944
1053
894
651
1242
848
587
3212
878
1825
2927
3499
840
122
2030
175
345
3668
3809
3326
2400
2107
3811
2050
1545
2442
3606
3979
3815
688
3000
1831
3804
3674
3805
612
1241
2887
3806
2187
879
4408
2158
2938
1214
3486
2274
1402
588
4551
2758
2441
2875
3184
1622
1127
2988
2571
3267
365
1873
1076
3300
1161
4819
1759
349
2550
354
4341
3613
2725
517
3505
2305
2943
1941
4561
2180
184
1687
3232
518
4399
1416
1652
3305
3932
1769
3842
1772
696
2615
3515
826
2568
2899
4564
2968
2357
3621
904
3450
411
1449
2131
1767
1239
4361
783
2555
2038
3329
1051
3626
1370
3629
908
3630
1032
1770
1644
1110
3017
4811
1777
3656
180
2898
3579
3618
3053
4732
3482
3614
1001
1330
1154
3654
2381
4327
2884
2631
913
818
3221
1443
3216
3234
2115
1918
3847
3818
873
1331
3447
3632
1440
2616
4453
4458
295
828
2489
1336
4562
2321
1700
4454
3020
3572
830
4787
1648
4592
2866
2644
3535
1761
604
4788
1217
4821
1256
689
4528
4440
2124
3314
690
4388
3055
277
4435
1733
808
1437
3652
2362
1339
2125
1313
1904
3657
552
3644
3245
1337
569
3628
2493
1332
4536
2260
2422
2261
1434
834
2300
334
1359
2959
2424
2394
2429
1940
2554
3615
3324
832
1643
1768
4513
2304
2693
4756
3480
1658
3077
1657
1750
1771
2423
2398
3507
3612
2892
1415
2126
1417
2724
1969
4565
3094
1592
827
2351
829
1486
831
120
348
2994
2700
4414
1981
26
3619
4420
1333
1542
347
2477
594
2349
419
558
2495
1373
420
2630
1715
3617
2718
3616
2722
2463
575
1489
1009
3
2565
3622
3126
3624
269
3625
2566
533
64
532
1625
2341
1291
2871
2893
927
3942
3007
781
535
115
714
4535
2674
2507
3076
119
4578
3936
3647
1444
3650
1442
3658
2966
3642
3331
3653
3246
1340
3527
2406
1288
4857
673
3648
2373
1335
2581
3627
4510
3634
1516
124
3497
3623
2481
3637
3219
3636
412
2628
4556
1046
1959
380
3478
3795
4795
3359
2132
3902
782
763
1557
147
1832
2838
4437
2703
2690
3799
3980
2378
3660
3114
316
680
3645
3569
768
2969
4595
1979
1862
615
4600
2881
841
3491
4468
3489
779
4424
773
2468
1788
3127
1151
1364
2458
170
3544
4352
2121
3239
2395
551
4838
4657
366
2413
2972
722
306
4353
3830
4358
3362
1005
3269
3846
788
2829
3820
339
3633
4797
4599
3563
843
197
3821
1623
2991
872
2971
2479
3202
1916
576
2031
1052
3334
2778
2084
723
4818
1760
602
2640
633
599
1088
2607
3607
801
2085
969
2344
1584
2342
1795
778
4802
3185
3233
902
3332
907
3189
1627
1653
3203
3011
12
1655
92
1654
1626
557
2862
4402
1590
1094
2455
1824
2520
28
787
3218
2265
4418
2338
73
771
467
40
3568
750
1278
2511
1712
3571
1708
1302
2609
2876
765
4398
3825
4404
4596
4567
3823
4384
4598
1274
93
3931
3826
1624
3819
387
3831
4550
1287
3678
530
2355
2392
749
2396
679
2401
2612
590
1689
2403
3511
2923
751
1493
2886
355
3835
2914
1703
3651
268
3643
2384
3655
114
1312
909
3797
1556
1530
951
3635
2033
3639
4430
712
3412
3042
3844
3641
3452
3638
3526
799
3508
2606
2302
3474
1058
2997
3611
2354
1109
1247
3800
3488
1315
108
3798
2474
3793
196
2752
1399
1778
1398
4392
4707
2839
3236
3786
226
3631
2510
4762
2831
4391
2054
3323
628
2410
3905
1756
809
3565
1830
2677
2372
1392
1595
2909
77
3356
3459
2262
1812
3283
3193
2264
2459
3354
2106
1527
911
3284
4434
1317
3910
1755
614
2984
812
4323
3231
1529
488
502
1037
442
3851
3547
2249
418
4875
3549
1363
2592
4355
3555
1726
3556
2233
884
4816
1255
1304
3540
1289
2957
2562
3599
2188
3548
1305
240
3242
3222
3235
1671
291
3263
4359
3553
4356
3224
3930
3223
4792
3550
1817
3554
1038
3418
3521
4456
2694
4546
3520
3125
1131
447
1383
1637
1362
2414
3241
2799
3528
501
795
3981
2397
116
3454
4511
2950
3058
731
453
725
353
1725
361
794
4553
3529
3026
1133
4409
3597
3230
1977
503
3530
565
796
4514
1387
562
3522
2419
2924
4512
1039
4552
2645
3500
4336
3914
2903
3476
3350
2091
2982
4426
3352
3670
2777
1273
377
1741
4563
1275
10
1272
105
3596
1358
270
408
13
14
364
3589
926
3593
2088
2098
1347
1526
3590
1735
4571
2702
1945
2146
3414
1082
2201
1670
3009
1406
1960
1405
427
3032
641
3807
1408
972
2330
3060
964
2986
2928
1675
851
3258
963
3261
1934
3280
967
3791
4651
3307
51
3290
4608
3296
3157
3259
426
3298
4741
1246
4742
1083
4740
2496
3075
2434
435
3365
2660
3366
436
2432
4750
3016
4734
3015
2005
933
1024
2433
388
2436
2528
1899
331
1898
2239
1018
2655
2435
3376
3700
200
4532
2744
1323
1523
3788
4743
3272
2627
3801
961
3038
2579
2578
264
4432
3958
3984
966
1086
1328
3279
4739
1193
1326
1084
853
3361
19
592
3278
1325
2787
425
3299
1681
1245
1522
2058
2872
2542
1660
2803
1538
1678
2661
3012
2531
2933
1536
96
3008
3176
2786
95
1578
3281
1579
3792
1582
1562
1679
3273
428
1394
429
1264
1868
3257
1327
1674
430
1561
2536
752
865
4459
864
2497
962
1192
4738
4322
2682
2279
2683
1244
1230
3294
1229
3790
852
3274
1410
1087
2832
80
3961
2405
4542
2802
4474
1933
2897
726
2790
2841
2619
2052
3472
646
4461
2209
2962
1033
1143
645
4858
2518
3461
63
3460
2028
3466
2225
3671
1539
3165
644
1935
1166
4504
2053
1269
2823
4422
2120
2770
867
3901
2526
4859
4509
4415
1839
1178
4508
1852
2824
2090
1594
3566
2965
3594
4723
3977
2145
294
2473
1490
2776
4330
2148
613
1897
1386
2472
2361
1552
3106
103
2864
2514
2029
3663
2331
4579
1102
2883
3103
2110
3079
4444
3108
1210
629
4447
3102
3679
3107
3676
2078
2234
4622
4446
3782
16
4346
3802
2833
1436
131
2142
4658
4591
1248
2793
4667
746
4660
4557
328
2681
3256
3959
4854
3953
2767
3946
4878
3956
3649
3957
3661
2310
259
3964
2995
2586
1550
3123
3912
3955
3620
1475
3677
1474
3904
4540
2768
681
181
3947
1257
148
251
4606
3191
3960
2235
3962
4448
2167
2983
3963
4445
2166
1851
4541
1438
4543
1864
4544
4433
4601
3471
4604
1549
3001
440
2311
3487
287
2773
4602
2141
4866
3673
2855
3303
1472
227
1473
1869
207
3353
3122
1548
3948
4393
3951
4429
208
855
3969
4675
3968
198
3945
3512
3950
4423
3954
975
2358
2922
4765
2109
149
1209
3105
1846
3104
3325
2137
4769
3516
1008
4593
4779
2382
3083
89
4773
3913
4771
2710
4775
1329
4776
88
2081
2771
3525
1845
761
1171
1847
1541
2144
3238
2792
3781
2147
3320
27
2169
2377
209
3206
4328
379
3583
2140
3576
2139
3160
3035
3187
2769
3501
4460
4796
2737
4449
3316
2934
3783
1844
522
3664
868
3669
523
4590
1820
952
2515
4443
3463
1818
4560
1119
2138
2863
2749
4405
2750
1367
483
3309
4650
3289
1077
3306
1905
2375
484
1120
747
1617
2885
2894
3093
676
3287
1842
3467
675
2705
1616
3464
648
4722
626
3064
2791
1231
1819
3473
2666
1319
647
564
2665
1752
4607
3665
1840
4566
677
2199
4864
3680
221
4462
1061
3465
1663
3475
976
3116
1232
34
1662
1141
1062
4416
4676
4421
2465
3462
2466
3675
2537
4478
2743
4401
1794
3495
965
487
1270
1841
4577
4865
3672
3858
1720
1684
1793
3477
2538
1233
1661
439
1664
1234
521
4568
869
1258
1822
1142
3780
441
1407
1686
3484
4659
1685
3319
2918
3318
568
3779
1702
132
3509
2960
3188
2636
2143
941
15
3411
3190
2457
104
3595
566
486
3562
2637
1265
409
2912
579
3537
2162
4813
1277
3560
1276
98
2055
4403
2527
1357
2056
4407
2558
3161
866
1753
3034
3208
1583
4400
1998
903
2742
2963
3586
2208
2094
3351
3327
3186
3588
2775
2552
3067
1271
239
1450
4594
2000
118
3328
3541
3848
4547
1487
2116
1002
534
4486
2755
4337
2547
4347
79
4451
4782
2205
2200
1029
3492
2454
2376
222
3896
2902
2673
555
97
1838
4326
3159
2189
1906
3291
741
3019
2819
3252
1099
2190
1167
2278
1409
3275
538
1017
3377
3701
20
3041
2663
3702
3374
2450
1023
1019
2659
3698
2657
3088
4733
4844
2530
2845
4749
2267
757
3264
1060
1128
1098
887
2825
18
2815
130
758
17
3859
3276
1096
1238
2329
1672
2283
1673
1218
1129
2535
3265
2533
1237
2534
3266
885
3600
2590
2111
2913
3292
1267
3310
738
3308
1266
3601
1075
942
739
3288
50
980
3158
981
742
1833
1126
3312
740
3297
1079
1048
4321
4389
2826
2123
2486
2374
2850
2418
3591
570
1821
1095
627
3494
4825
3640
3249
260
2363
4569
1022
4764
598
4410
3229
2688
3933
2312
3504
3573
954
2849
1751
2502
4387
1766
4385
600
953
912
3567
4786
802
3483
3247
443
1354
3417
3455
842
2553
775
3940
2181
970
2346
1353
567
3941
2471
1448
1896
1890
1848
3584
1003
3333
2130
2060
2731
2268
3215
650
3220
4463
1920
4766
4431
4767
798
4778
1047
4869
3470
4868
4768
4246
4243
4234
4224
4218
4211
4221
4210
4206
4209
4214
4217
4225
4222
4215
4231
4232
4229
4236
4223
4800
1476
1544
1477
930
929
1791
1629
1630
1792
2942
1478
4517
4198
4196
4516
4227
4216
4208
4239
4240
4241
4242
1479
4126
4130
4119
4121
4124
4120
4122
4139
4123
4140
4135
4144
4132
4136
4142
4137
4138
4145
4147
4146
4149
4150
4148
4143
4141
4125
4128
4131
4133
4127
4134
4129
1480
1481
4185
4184
4192
4189
4200
4195
4203
4204
4202
4205
4212
4207
4220
4226
4219
4233
4235
4230
4238
4237
4228
4213
4191
4193
4187
4188
4824
4182
1482
1483
1484
1180
4157
4151
1485
529
4156
4163
4162
4154
4153
4152
4159
1179
2585
4179
4172
4168
4169
4170
4176
4174
4171
4175
4177
4178
4180
4186
4725
4726
4727
4181
1512
791
4190
4183
4194
1511
4199
4197
4201
4247
4254
1510
4248
4249
4250
4259
4251
4252
1196
1197
3869
43
1156
1157
1158
1159
1591
3872
4672
4654
3871
4670
3870
1858
1859
1860
3868
2242
2309
2308
1202
2243
2244
2920
695
2975
694
1857
4656
4671
4655
1160
1506
1507
1505
1504
1501
2001
2325
2326
2002
2003
4032
4033
2679
2561
4009
2336
2409
1970
2921
2727
2728
984
985
1995
1996
3089
986
987
4853
4852
997
998
4708
999
988
989
2185
990
1515
991
1997
438
992
4759
4023
4024
993
994
2206
995
996
4038
4037
4036
4
5
437
37
36
1946
1947
35
3971
3054
3972
2315
85
86
87
2316
2317
2295
2296
107
106
2318
3010
2449
3074
3973
3974
2488
3975
3976
4021
4017
205
204
4697
4018
4020
1249
4022
4019
4710
4709
4711
1971
4011
4010
4008
2335
2890
2334
2333
2332
4035
983
4034
1502
1503
1922
2685
3023
2113
1306
1307
1309
1308
2275
1125
1124
1122
1123
4475
2112
507
505
506
182
183
1982
1508
1509
2827
4673
4871
4253
4255
4256
4257
4258
4260
42
1198
1199
1200
1201
1203
3085
1204
1111
1112
1205
2097
3866
2632
1929
3036
3037
2633
1206
3867
2430
2446
2447
2281
3864
1445
2280
1892
1893
3070
305
304
3071
1891
3865
2595
1894
1895
3862
3863
2216
2594
1432
1433
1418
2133
1419
1420
3401
3410
3388
3408
3399
3390
3404
3398
3405
3397
3396
3395
3393
3403
3400
3402
1421
1259
1260
2952
2953
2954
3086
2974
3875
2159
2368
635
636
1422
3409
3391
3386
3389
3383
3394
3392
3387
3406
3407
3384
3382
3385
262
263
363
362
470
469
385
3880
3882
3884
3883
3885
4729
4730
4731
3878
1425
1424
1423
754
4007
318
317
753
3876
1925
1926
1924
2453
1923
2741
31
32
1134
3877
2254
2255
2256
2706
2253
2848
2252
2930
2251
3879
2328
1403
3881
4013
2438
4015
94
4014
4012
4016
163
164
1870
1871
2114
2854
4530
189
190
1810
4531
1385
1384
1389
1390
2482
2483
1779
1780
1781
1782
2782
900
2783
899
898
2723
897
2484
2485
2193
4603
4605
2856
1598
3967
3970
265
3111
3121
3120
3317
1614
3119
3110
3117
2801
824
825
308
309
4619
368
3090
2964
3078
2152
2151
721
720
2150
367
4618
4617
2149
4620
4621
1615
4805
4806
3446
3445
2761
2762
1988
2276
2021
2646
922
4612
924
925
2284
1547
3693
3046
2847
2049
2048
2818
2817
923
4614
4613
4609
4611
4610
2277
2022
2647
2763
3039
1016
1706
1707
2764
4118
4112
4113
4111
4109
4110
4104
4106
4107
4117
4114
4116
4115
4105
4108
4103
4102
4100
3784
4091
4101
4095
4096
4099
4097
4098
4093
4092
4094
2765
4090
4088
4089
4087
1453
616
617
4845
618
619
620
526
621
1806
405
404
407
889
2303
2178
2179
623
622
1667
624
2386
2387
2714
1280
1284
1885
1886
2288
1175
1176
1283
1517
1281
1282
2840
2715
2272
2273
2707
1883
1884
2967
1882
1881
1952
3761
3762
3764
1953
3760
3765
3763
3766
1954
1955
1471
3575
1466
1467
2985
2891
3380
243
3381
1469
2039
716
3734
717
718
719
2443
1783
3735
1470
3609
3608
3767
3770
3768
3769
3775
3773
3772
3774
3776
3771
1020
1021
2460
982
2970
2461
524
525
4846
2385
2172
527
406
528
4155
4161
4158
4160
1513
4165
4173
4167
4166
4164
4682
4681
4685
4686
4684
4683
792
2512
193
24
194
25
1968
3893
3888
3886
3874
3873
333
332
4680
4679
4678
4677
4736
4737
2805
2649
3887
2650
3045
2602
1165
52
53
54
55
2648
3091
1765
1495
3891
360
359
1494
1764
3061
2808
3082
2809
790
789
2604
2603
2664
2861
2810
1356
1355
2635
2634
3048
2811
2672
2671
2047
2046
3892
2605
2812
3889
3890
4080
4077
4078
4082
4081
4079
2298
2299
2859
2860
2297
2796
4789
2857
2858
1428
4065
4064
4758
4073
4072
4071
4070
4069
4068
4060
4062
4063
4059
4061
4066
3986
3987
4067
378
1427
4790
3059
2194
2947
1212
1213
2509
2789
823
822
3682
3681
3683
2025
1932
1931
1372
1371
2788
2195
296
1211
1429
297
298
1430
1431
58
1659
57
1620
49
48
1577
2219
2626
2220
1056
1055
2221
2218
3040
2217
56
1887
314
313
1576
756
755
4003
4002
4000
4001
4005
4004
1747
1746
4006
1745
1888
267
266
3050
4674
3051
4698
2314
2879
168
169
166
167
3049
1118
1880
343
342
2895
4877
1136
890
203
1135
202
1391
177
1546
2096
2095
4849
2227
113
4847
111
4848
109
110
112
2226
101
4026
4027
4030
4029
2248
258
3132
3100
3131
4366
254
253
4364
256
255
252
257
4365
223
224
4031
4028
4025
229
228
327
2247
454
3997
3996
455
3993
3992
3994
3995
3991
3990
3989
3988
3999
3998
288
301
300
299
102
1889
1879
4850
4851
2667
2754
2668
710
709
2611
2610
123
2599
2669
3081
3029
3027
3028
2689
386
165
1451
140
139
371
138
137
136
369
303
273
272
2171
302
1974
1692
235
234
233
232
1691
1690
1975
230
231
237
236
4879
238
3098
3927
3133
1452
3134
2978
400
2979
3099
1454
3062
2939
445
444
2506
399
398
434
433
1455
214
213
1456
1976
1698
1457
2370
2369
1105
4735
1108
1107
1458
1106
153
152
151
150
1426
4084
4086
4085
2865
4083
1459
1153
1152
4074
4075
4076
2937
1460
582
581
2322
2103
2104
2678
858
859
860
1461
4712
1641
1514
4863
1463
1462
2820
2598
2597
3063
3044
2589
2173
2174
2560
457
456
2175
2176
2177
1413
1414
1412
2999
2998
1411
1285
1286
2135
2102
2906
3047
2101
856
2100
2099
857
1464
1465
3687
3686
3691
3685
3690
3689
3688
3692
3684
1262
1261
914
2117
915
759
760
1619
4589
2337
2896
1994
1763
1993
1992
1991
814
1808
1807
3737
3736
2444
2407
1714
1713
1468
2408
2153
2873
793
2543
2154
2026
2027
1618
916
917
2307
2134
919
918
920
921
2431
3748
3739
3752
3743
3753
3738
3744
3742
3746
4574
4573
4572
3745
3751
3749
3740
3750
3741
2699
3747
2990
4469
744
745
3733
816
815
1951
2851
1950
3778
3777
3928
3757
3758
3755
3754
3756
3759
707
1949
2915
1397
706
1396
290
289
2083
2880
2082
1948
692
691
2499
310
2498
2437
671
335
218
216
72
71
215
217
70
2327
69
68
67
640
3985
670
293
292
2830
3322
4615
4616
2204
2203
2202
669
880
668
863
667
2293
1310
2596
1311
142
141
143
2294
666
665
144
3321
4471
4470
2198
664
146
4518
663
3033
352
145
2246
1030
1031
2245
351
2989
4627
4624
1796
4628
1090
4625
3092
4626
4629
4464
4630
662
537
4457
350
4522
4521
4520
4519
3118
3109
4804
4803
4662
4663
4666
4665
4664
3531
1957
701
700
1723
1632
1724
3532
1631
476
475
474
473
472
135
134
1816
1722
699
2822
2580
1956
4587
4586
4588
2448
1743
341
340
1744
660
548
536
547
546
661
813
47
659
45
44
480
481
46
658
1250
657
1973
479
698
478
477
1721
656
655
654
653
652
1633
3205
708
1634
649
172
171
674
2071
1843
471
3155
3154
2814
2076
2077
3153
1958
4466
4467
2023
2024
4505
2223
4585
3156
4545
1101
4527
4581
4668
1100
4580
4465
2224
1593
2519
2259
2804
549
2258
2257
540
4746
4747
3006
1137
4638
705
1138
4633
4649
4642
4635
4640
4636
583
891
892
893
2929
1365
3043
1139
4643
2222
4648
4641
4632
4645
4639
3168
3167
4646
3166
1164
4634
4637
4647
4644
3965
1140
3005
2587
2168
2870
3966
4780
2576
2035
2034
2588
2575
1299
1298
2347
2352
2353
937
938
1366
2036
2037
1749
2916
2932
1296
8
9
1297
516
84
2622
515
514
83
2836
82
513
1500
4506
2231
2197
2196
2620
2907
2621
2980
2981
2624
2623
2625
1235
2420
1738
1739
1254
1063
1253
2806
1252
1251
2544
2545
1638
1064
1740
2821
2726
4826
1737
1600
1599
2285
2287
2286
1601
2944
1602
1603
4570
3128
90
1900
1901
2073
1035
1034
2074
1835
4706
4705
4582
4583
1834
4472
4523
4473
4525
4502
3152
3147
4503
4501
4442
23
4477
4584
4524
2573
2574
2837
2230
2229
81
512
1295
1294
7
1145
704
703
1748
702
2931
2651
1183
1182
1144
1293
6
511
2170
510
509
508
2412
881
882
2045
693
2212
607
2211
2044
2232
4763
2042
2041
1597
3199
3201
3200
496
497
2040
1786
2043
2210
606
611
610
609
608
498
1071
1072
499
4539
574
1570
1571
4264
4265
4261
4263
4268
4270
4269
1805
2692
1065
4266
875
1066
4267
4273
4274
4275
4278
4277
1067
4262
1068
2324
4297
4296
4292
4289
4294
4301
2323
4293
4280
4284
1069
4691
1070
4692
3135
3143
3149
3148
4757
3136
3144
3145
3137
3150
3151
4809
3138
3139
3140
3142
3141
4575
4576
684
373
275
3169
3171
4526
329
3170
22
21
330
156
3448
3449
3441
733
870
1815
1983
2213
4479
4480
3438
3439
2951
242
3436
1984
3422
1985
4719
4718
687
3443
4716
4717
1961
1054
4482
1012
1013
4483
1011
1010
395
99
100
394
396
397
1666
1665
491
492
1837
2949
381
382
735
1836
4836
4835
1902
4829
4830
4832
4831
1938
4834
4833
4487
4488
4489
4490
4494
4496
4498
4500
4499
4497
4495
4493
4492
4491
1937
393
389
4827
4828
392
391
4861
4862
390
4754
4752
91
4753
4755
571
572
1491
1604
1605
1227
4751
1224
1225
4529
1226
4058
4056
4057
4694
4693
4696
4695
1606
1093
1092
520
519
1228
1607
1049
4700
1050
1608
1853
2559
1942
1943
3129
2367
3925
3926
3924
737
2366
3922
3923
1610
1611
1612
4042
4040
4039
4041
4043
4045
4044
4046
1613
2411
2867
1609
736
3921
4050
4053
4054
4055
4049
4048
4047
4051
4052
384
383
188
187
186
211
210
212
934
1775
1169
1170
1774
2738
935
936
1535
1534
374
375
376
2654
1533
4378
4379
4377
4380
2878
1986
1041
1042
1344
2122
3730
3725
3726
3727
1343
1342
1040
4507
1350
2068
1987
3095
4485
3096
4369
4373
2069
2070
2993
4484
1351
4367
4368
4370
4372
4371
4374
1043
1352
4376
2236
2237
4375
4701
4702
944
3097
1044
2670
3425
3427
161
158
1045
1635
1636
421
1121
2399
2582
2019
2018
245
244
3729
3030
2779
2087
2086
2780
2020
159
160
3424
3426
2241
3442
4815
338
281
282
283
284
285
286
319
320
321
322
323
324
325
3379
280
279
278
178
326
179
3432
1091
3423
3431
3433
1962
3435
3434
4721
4720
4713
3421
4714
4715
3428
4724
3429
4481
3430
3437
4840
4839
3440
1814
686
685
734
3919
3918
3172
3173
154
3174
157
3180
155
3915
3175
3181
3916
3182
3179
3183
3372
126
127
3371
372
682
584
711
3146
683
1575
1574
1573
1572
949
2721
950
4288
874
4295
4290
4285
4283
4286
4302
4303
4307
4311
4319
4308
4313
4315
4310
4305
4298
4287
4282
4271
29
30
573
500
2794
4272
3195
1911
1910
4538
4537
3002
2067
1928
4652
1927
4653
2066
844
2065
2064
1563
401
402
956
2164
2163
2118
1518
1519
1520
1521
957
403
1865
1866
958
2680
2868
2119
2795
4533
4534
1809
2869
4837
2781
2525
2524
2523
2522
2521
2270
2271
959
1867
1730
2766
2165
2614
955
2389
2613
1184
1784
2057
1185
1186
1187
1878
1785
62
61
60
59
2807
2945
2062
2390
1147
2063
1146
2642
847
846
845
2214
4761
1564
4760
1565
1566
1567
4441
2643
1908
2075
1148
2391
3022
1188
1909
3101
1189
539
495
4631
2686
1569
1568
4276
4279
4281
4291
4304
4300
4299
3197
3196
4314
4312
4318
3198
1912
2157
4317
4309
4306
4316
4320
1913
1967
1914
3052
422
4745
423
424
4744
3346
3339
3344
3347
4807
3345
3340
3338
4808
3349
3348
3343
3341
3337
3342
1965
1964
1930
1645
3982
3983
1646
3177
3178
3370
3373
3375
2004
3917
3378
1798
1797
3699
1499
1348
1349
1799
1800
1695
3720
862
219
128
129
3710
220
1208
1207
1801
3014
2092
3712
3713
3444
2008
3004
2009
1190
199
162
1191
2010
3715
3718
206
2364
2365
3708
315
358
357
3084
632
631
2556
630
1919
3723
463
3717
3724
3719
462
461
460
1117
459
458
1221
2618
2192
1104
1103
250
249
2191
2846
2319
1222
2698
1223
2617
2697
2696
2313
2108
1936
2011
2012
2684
2013
1220
1219
2816
2014
2015
2016
2653
3732
3731
2017
312
311
977
978
2289
2290
3728
4381
1300
1301
2426
2427
336
337
2583
2584
2469
2470
2292
2291
4703
4704
2445
4699
3722
3709
1990
3703
3714
3711
3704
192
191
4876
246
247
248
1553
1554
1555
3705
3706
3707
0
