0
3452
1312
909
3797
1556
1530
3844
3641
2093
3638
2606
2302
2746
1318
1477
4425
4181
3854
3024
2834
4251
3667
4199
951
1792
3285
4202
2474
4212
4756
4195
3124
4189
3358
1630
2982
1791
928
2942
3503
4147
3480
4145
1337
4205
114
4247
3474
4177
3787
910
2701
4201
4430
1511
3355
4197
1341
4236
4427
4168
3496
4172
2772
4179
4428
2585
4392
1179
3657
4152
3476
4159
3617
4182
2260
4188
2959
4228
2351
4238
3832
4171
108
1510
1058
4249
3899
4250
4325
943
3194
4252
196
4174
2417
4178
2384
4170
1004
4725
3236
791
195
4654
3488
4194
1532
4140
3798
1398
3793
3458
3800
1247
1109
2354
3611
697
3042
3412
712
2601
1393
4180
4434
4254
3282
4190
762
1512
2263
4727
3898
1858
896
4169
268
4146
3639
2997
3643
3526
799
807
2753
4248
2091
4204
770
4142
821
3574
3635
2490
4726
2774
4186
1703
1828
3508
3871
1754
3870
3835
2914
2717
1315
4670
3911
2309
3651
2033
355
2886
1493
751
2923
3511
2403
1689
590
2612
2401
679
2396
749
2392
2355
530
3678
1287
4550
3831
387
3819
1624
3826
3931
93
1274
4598
4384
3823
4567
4596
4404
3825
4398
765
2876
2609
1302
1708
3571
1712
2511
1278
750
3568
40
467
771
73
2338
4418
2265
3218
787
28
2520
1824
2455
1094
1590
4402
2862
557
1626
1654
92
1655
12
3011
3203
1653
1627
3189
907
3332
902
3233
3185
4802
778
1795
2342
1584
2344
969
2085
801
3607
2607
1088
599
633
2640
602
1760
4818
723
2084
2778
3334
1052
2031
576
1916
3202
2479
2971
872
2991
1623
3821
197
843
3563
4599
4797
3633
339
3820
2829
788
3846
3269
1005
3362
4358
3830
4353
306
722
2972
2413
366
4657
4838
551
2395
3239
2121
4352
3544
170
2458
1364
1151
3127
1788
2468
773
4424
779
3489
4468
3491
841
2881
4600
615
1862
1979
4595
2969
768
3569
3645
680
316
3114
3660
2378
3980
3799
2690
2703
4437
2838
1832
147
1557
763
782
3902
2132
3359
4795
3795
3478
380
1959
1046
4556
2628
412
3636
3219
3637
2481
3623
3497
124
1516
3634
4510
3627
2581
1335
2373
3648
673
4857
1288
2406
3527
1340
3246
3653
3331
3642
2966
3658
1442
3650
1444
3647
3936
4578
119
3076
2507
2674
4535
714
115
535
781
3007
3942
927
2893
2871
1291
2341
1625
532
1904
2477
1715
1313
4135
1359
1482
569
4128
1339
4241
2493
4123
1969
2724
1415
2892
3612
1643
1657
3077
1658
2693
2304
2423
1771
552
1981
2554
2349
3245
3622
2565
3
1009
1489
2300
834
810
832
4149
347
4333
3069
4221
1388
4162
269
1484
2429
1180
2630
808
3628
4133
1733
1479
420
594
3624
2424
827
1542
1333
4139
1531
529
4435
4124
2463
4210
2464
1481
3477
4153
1417
4156
819
4185
1437
4157
348
4151
3126
4163
2722
4235
1768
4207
4513
4233
4565
4125
1332
4143
3894
1478
3350
4198
4856
4137
1940
4200
4414
4219
2398
4226
3507
4220
2729
4148
3619
1485
2508
4154
4536
4132
3662
4824
4420
4191
334
4120
1434
4230
2539
4136
2394
4187
26
4193
831
4237
3615
4203
261
4138
2125
4184
120
4211
3324
4213
772
4517
3192
4150
2340
4141
2345
4127
2730
4129
601
4144
3094
1592
829
2422
2700
2362
3652
1483
3616
1486
2718
1373
2495
558
419
4192
1015
4130
3903
4134
2261
4119
1750
4131
3644
4121
2126
1480
575
2994
3625
2566
533
64
3786
3231
1529
488
502
1037
442
3851
3547
2249
418
4875
3549
1363
2592
4355
3555
1726
3556
2233
884
4816
1255
1304
3540
1289
2957
2562
3599
2188
3548
1305
240
3242
3222
3235
1671
291
3263
4359
3553
4356
3224
3930
3223
4792
3550
1817
3554
1038
3418
3521
4456
2694
4546
3520
3125
1131
447
1383
1637
1362
2414
3241
2799
3528
501
795
3981
2397
116
3454
4511
2950
3058
731
453
725
353
1725
361
794
4553
3529
3026
1133
4409
3597
3230
1977
503
3530
565
796
4514
1387
562
3522
2419
2924
4512
4336
2645
3914
1039
2903
2060
1735
3590
1526
1661
2098
3858
1720
1684
1793
2088
4865
4577
1841
3495
1794
3589
1270
487
965
2748
2466
1686
2538
4478
4224
2702
4243
1358
3596
105
1272
10
1275
4563
1741
377
1007
2745
276
4223
3670
4232
4439
4215
3666
4231
3352
4222
4426
4229
2676
1476
4558
4800
3462
1544
2380
4770
3602
3080
1233
625
2777
408
270
4234
4571
930
13
1273
14
2636
3188
2960
3509
132
1702
3779
568
3318
2918
3319
1685
4659
3484
2465
4421
4676
4416
1062
1141
1662
34
1232
3116
976
3475
1663
3465
1061
4462
221
3680
4864
2199
677
4566
1840
3665
4607
1752
2665
564
647
1319
2666
3473
1819
1231
2791
3064
626
4722
648
3464
1616
2705
675
3467
1842
3287
676
3093
2894
2885
1617
747
1120
484
2375
1905
3306
1077
3289
4650
3309
483
1367
2750
4405
2749
2863
2138
1119
4560
1818
3463
4443
2515
952
1820
4590
523
3669
868
3664
522
1844
3783
2934
3316
4449
2737
4796
4460
3501
2769
3187
3035
3160
2139
3576
2140
3583
379
4328
3206
209
2377
2169
27
3320
2147
3781
2792
3238
2144
1541
1847
1171
761
1845
3525
2771
2081
88
4776
1329
4775
2710
4771
3913
4773
89
3083
2382
4779
4593
1008
3516
4769
2137
3325
3104
1846
3105
1209
149
2109
4765
2922
2358
975
3954
4423
3950
3512
3945
198
3968
4675
3969
855
208
4429
3951
4393
3948
1548
3122
3353
207
1869
1473
227
1472
3303
2855
3673
4866
2141
4602
2773
287
3487
2311
440
3001
1549
4604
3471
4601
4433
4544
1864
4543
1438
4541
1851
2166
4445
3963
2983
2167
4448
3962
2235
3960
3191
4606
251
148
1257
3947
181
681
2768
4540
3904
1474
3677
1475
3620
3955
3912
3123
1550
2586
2995
3964
259
2310
3661
3957
3649
3956
4878
3946
2767
3953
4854
3959
3256
2681
328
4557
4660
746
4667
2793
1248
4591
4658
2142
131
1436
2833
3802
4346
16
3782
4446
4622
2234
2078
3676
3107
3679
3102
4447
629
1210
3108
4444
3079
2110
3103
2883
1102
4579
2331
3663
2029
2514
2864
103
3106
1552
2361
2472
1386
1897
613
2148
4330
2776
1490
2473
294
2145
3977
4723
3594
2965
3566
1594
2090
2824
1852
4508
1178
1839
4415
4509
4859
2526
3901
867
2770
2120
4422
2823
1269
2053
4504
1166
1935
644
3165
1539
3671
2225
3466
2028
3460
63
3461
2518
4858
645
1143
1033
2962
2209
4461
646
3472
2052
2619
2841
2790
726
2897
1933
4474
2802
4542
2405
3961
80
2832
1087
1410
3274
852
3790
1229
3294
1230
1244
2683
2279
2682
4322
4738
1192
962
2497
864
4459
865
752
2536
1561
430
1674
1327
3257
1868
1264
429
1394
428
3273
1679
1562
1582
3792
1579
3281
1578
95
2786
3176
3008
96
1536
2933
2531
3012
2661
1678
1538
2803
1660
2542
2872
2058
1522
1245
1681
3299
425
2787
1325
3278
592
19
3361
853
1084
1326
1193
4739
3279
1328
1086
966
3984
3958
226
3631
2510
4762
2831
4391
2054
3323
628
2410
3905
1756
809
3565
1830
2677
2372
1392
1595
2909
77
3356
3459
2262
1812
3283
1945
2146
1934
3280
4741
3298
4651
3307
51
3290
4608
3296
3157
3259
426
1246
4742
1083
4740
2496
3075
2434
435
3365
2660
3366
436
2432
4750
3016
4734
3015
2005
933
1024
2433
388
2436
2528
1899
331
1898
2239
1018
2655
2435
3376
3700
200
4532
2744
1323
961
3038
4239
2578
264
2627
4240
3672
4209
3500
4216
439
4516
3470
4208
4432
4242
3801
2579
3272
1523
3788
4743
3791
967
3261
963
3258
851
1675
2928
2986
964
3060
2330
972
1408
3807
641
3032
427
1405
1960
1406
3009
1670
2201
1082
3414
3284
911
1527
2106
3354
2459
2264
3193
277
3055
4388
690
3314
2124
4440
1811
3207
3910
1317
1664
926
2743
4401
2537
4552
4868
3900
4869
1047
4778
798
4767
1920
4766
4417
4870
3360
1027
1234
521
4568
869
1258
3593
441
3780
1142
1822
364
1407
1755
614
2984
812
4323
4463
3220
650
3215
2268
2731
1347
2130
3333
1003
3584
1848
1890
1896
1448
2471
3941
567
1353
2346
970
2181
3940
775
2553
842
3455
3417
1354
443
3247
3483
802
4786
3567
912
953
600
4385
1766
4387
2502
1751
2849
954
3573
3504
2312
3933
2688
3229
4410
598
4764
1022
4569
2363
260
3249
3640
4825
3494
627
1095
1821
570
3591
2418
2850
2374
2486
2123
2826
4389
4321
1048
1079
3297
740
3312
1126
1833
742
981
3158
980
50
3288
739
942
1075
3601
1266
3308
738
3310
1267
3292
2913
2111
2590
3600
885
3266
2534
1237
2533
3265
2535
1129
1218
1673
2283
1672
2329
1238
1096
3276
3859
17
758
130
2815
18
2825
887
1098
1128
1060
3264
757
2267
4749
2845
2530
4844
4733
3088
2657
3698
2659
1019
1023
2450
3374
3702
2663
3041
20
3701
3377
1017
538
3275
1409
2278
1167
2190
1099
3252
2819
3019
741
3291
1906
2189
3159
4326
1838
97
555
2673
2902
3896
222
2376
2454
3492
1029
2200
2205
4782
4451
79
4347
2547
4337
2755
4486
534
1002
2116
1487
4547
3848
3541
3328
118
2000
4594
1450
239
1271
3067
2552
2775
3588
3186
3327
3351
2094
2208
3586
2963
2742
903
1998
4400
1583
3208
3034
1753
866
3161
2558
4407
2056
1357
2527
4403
2055
98
1276
3560
1277
4813
2162
3537
579
2912
409
1265
2637
3562
486
566
3595
104
2457
3190
3411
15
941
2143
3237
544
940
3162
1181
2720
541
3856
1401
577
2504
1316
4329
2051
2503
4394
1596
121
74
2961
2853
2570
2735
2569
1647
2228
2415
1827
1194
3226
2494
2059
784
2759
2577
4196
4397
1014
2487
2941
672
4817
2491
2183
2716
3605
2889
3822
3415
776
554
1875
2516
2551
1711
1861
3829
2421
4597
4360
3254
1855
2940
2936
185
1826
1089
39
2740
1829
2182
1688
307
1705
634
38
2343
1651
1279
3420
777
3840
2501
4383
3213
1115
3217
4515
2760
1585
2852
586
1321
803
3833
3909
2733
3523
2734
1642
2652
4363
3357
3587
1338
2513
2925
3929
1236
3841
3533
4783
2393
2250
1036
4688
417
2492
452
729
2797
1155
1656
4793
3603
4357
3543
3018
2800
556
241
4687
3538
4873
3545
2572
3304
4350
1877
2061
2266
2006
3694
1498
3696
1989
1804
1
550
805
1789
804
1802
2844
1803
806
1790
125
3056
861
4843
2662
3368
2240
3363
4748
3369
2532
3364
2238
3367
2007
3695
4860
932
3721
3013
3716
3920
1168
3302
1551
2593
2687
973
1006
3253
968
3268
2919
1676
1114
2900
1113
883
2591
939
344
3559
1856
2751
4791
820
3227
1216
4781
3557
1773
1650
3850
414
4784
1649
4785
2215
4874
2784
2813
3542
3843
2956
3845
2505
3479
1447
4798
560
3561
1446
4419
3066
3564
3330
1439
3453
2719
1116
3855
3906
2955
1378
1849
2032
3852
2480
370
3518
4406
3335
4548
1080
4395
1441
3897
3937
2416
3939
2709
3943
931
2992
4455
1917
2478
3517
2732
2371
2072
1195
3837
1944
2129
2691
1921
1379
545
1292
432
3250
431
1381
1729
2269
1727
1346
3068
3451
3214
1290
4362
3163
1374
578
1376
1174
1377
4411
1704
2428
4436
2917
3519
3839
3598
945
3240
4396
2156
563
2155
561
1375
2383
3577
11
3578
3552
1078
3824
3248
2517
3419
732
3336
905
1903
4820
542
3803
4331
3164
4227
2128
4126
3853
494
2475
2564
603
1524
3828
678
2948
597
2739
1000
2976
3934
2339
2708
1629
1734
3025
1736
2425
4728
4225
4431
4246
465
4774
3604
4777
3493
4206
3675
4214
3570
1400
1719
2439
3073
2567
4855
3003
2882
4476
2467
638
3204
1639
4452
2462
1395
1130
2549
800
4217
1586
4218
4549
2360
2736
2987
1701
2877
3457
4349
2548
1382
2161
1492
4669
2973
1162
4555
2160
4814
1163
1173
2557
4554
2901
4413
2546
3514
1028
3485
580
1682
2747
974
1559
3255
4772
4412
4867
1683
1149
1268
3978
2641
3952
2136
3949
1966
4245
3251
4244
1322
490
1758
4332
271
4661
504
639
1059
637
1057
2695
2835
2359
4812
1558
713
4768
1863
464
274
4450
3293
559
3313
3416
3301
3857
1560
1776
3270
1097
1324
2529
3087
2656
2451
886
3262
2282
4841
2935
4842
3860
2184
593
971
3861
1404
643
1085
1537
1677
2658
3697
642
888
1025
3057
201
2452
960
1263
1073
3277
1581
3260
1580
786
1731
1543
1693
1243
1074
4810
1680
3271
850
3295
743
3808
1694
785
482
3789
1172
2541
410
748
33
1742
3536
730
3551
3524
416
4690
1699
1854
1368
1361
1026
493
415
485
1980
3502
3659
1907
1939
2638
451
4689
817
1132
1334
3580
356
3469
3646
225
2
3031
2958
2888
2079
1177
3610
117
837
1240
3244
1488
585
346
75
1345
3468
833
3585
835
1963
836
78
2843
2476
1380
3209
3813
3112
466
2306
3816
1369
838
133
839
4799
2402
3836
849
1320
3243
3834
4382
1669
3065
2711
595
901
3938
1668
1874
4338
3827
1716
3810
76
531
4386
2404
2712
1999
906
3814
2080
3817
3481
2926
2563
3812
2089
2977
2828
774
1081
2608
3228
3311
854
1787
3935
1710
2946
979
4801
1709
4794
766
2905
1850
4354
1589
3510
1587
4559
767
1696
764
2911
41
3592
1972
1435
3021
780
2350
1360
2348
3490
2842
4390
769
2388
1150
3513
1588
468
2207
895
2301
2639
589
1718
591
1717
2757
3908
1728
2874
543
876
3895
3211
877
2756
1621
1640
1628
176
1872
3210
1215
2904
3944
1053
894
651
1242
848
587
3212
878
1825
2927
3499
840
122
2030
175
345
3668
3809
3326
2400
2107
3811
2050
1545
2442
3606
3979
3815
688
3000
1831
3804
3674
3805
612
1241
2887
3806
2187
879
4408
2158
2938
1214
3486
2274
1402
588
4551
2758
2441
2875
3184
1622
1127
2988
2571
3267
365
1873
1076
3300
1161
4819
1759
349
2550
354
4341
3613
2725
517
3505
2305
2943
1941
4561
2180
184
1687
3232
518
4399
1416
1652
3305
3932
1769
3842
1772
696
2615
3515
826
2568
2899
4564
2968
2357
3621
904
3450
411
1449
2131
1767
1239
4361
783
2555
2038
3329
1051
3626
1370
3629
908
3630
1032
1770
1644
1110
3017
4811
1777
3656
180
2898
3579
3618
3053
4732
3482
3614
1001
1330
1154
3654
2381
4327
3234
2115
1918
3847
3818
873
1331
3447
3632
1440
2616
4453
4458
295
828
2489
1336
2996
3794
3582
2704
2456
797
2600
3785
724
715
3581
2629
2186
1314
1823
2908
2440
1978
2105
2379
929
4528
553
1497
2713
3546
4872
3534
2785
2500
1399
3315
4175
1876
4122
2839
4707
1778
4176
2752
4335
448
3113
3539
727
605
3456
728
4339
2910
4348
948
4340
173
3130
174
3115
446
4334
1762
4623
3558
3413
2320
4342
946
4344
4351
4345
4823
1697
2798
1540
4343
1525
811
1256
4788
3535
2644
2866
4592
1217
4821
604
1761
1648
4787
689
3849
449
4822
450
1303
1496
413
947
3072
830
3572
3020
4454
1700
2321
4562
4183
1732
871
2540
2356
3286
489
596
3506
43
3225
1591
1813
1156
1757
1196
2127
3869
66
1158
3838
1197
1528
1159
4324
1157
2884
2631
913
818
3221
1443
3216
1915
2242
4438
4259
3796
3872
3498
1860
3907
1859
3655
3868
2675
4672
65
2308
1202
2243
2244
2920
695
2975
694
1857
4656
4671
4655
1160
1506
1507
1505
1504
1501
2001
2325
2326
2002
2003
4032
4033
2679
2561
4009
2336
2409
1970
2921
2727
2728
984
985
1995
1996
3089
986
987
4853
4852
997
998
4708
999
988
989
2185
990
1515
991
1997
438
992
4759
4023
4024
993
994
2206
995
996
4038
4037
4036
4
5
437
37
36
1946
1947
35
3971
3054
3972
2315
85
86
87
2316
2317
2295
2296
107
106
2318
3010
2449
3074
3973
3974
2488
3975
3976
4021
4017
205
204
4697
4018
4020
1249
4022
4019
4710
4709
4711
1971
4011
4010
4008
2335
2890
2334
2333
2332
4035
983
4034
1502
1503
1922
2685
3023
2113
1306
1307
1309
1308
2275
1125
1124
1122
1123
4475
2112
507
505
506
182
183
1982
1508
1509
2827
4673
4871
4253
4255
4256
4257
4258
4260
42
1198
1199
1200
1201
1203
3085
1204
1111
1112
1205
2097
3866
2632
1929
3036
3037
2633
1206
3867
2430
2446
2447
2281
3864
1445
2280
1892
1893
3070
305
304
3071
1891
3865
2595
1894
1895
3862
3863
2216
2594
1432
1433
1418
2133
1419
1420
3401
3410
3388
3408
3399
3390
3404
3398
3405
3397
3396
3395
3393
3403
3400
3402
1421
1259
1260
2952
2953
2954
3086
2974
3875
2159
2368
635
636
1422
3409
3391
3386
3389
3383
3394
3392
3387
3406
3407
3384
3382
3385
262
263
363
362
470
469
385
3880
3882
3884
3883
3885
4729
4730
4731
3878
1425
1424
1423
754
4007
318
317
753
3876
1925
1926
1924
2453
1923
2741
31
32
1134
3877
2254
2255
2256
2706
2253
2848
2252
2930
2251
3879
2328
1403
3881
4013
2438
4015
94
4014
4012
4016
163
164
1870
1871
2114
2854
4530
189
190
1810
4531
1385
1384
1389
1390
2482
2483
1779
1780
1781
1782
2782
900
2783
899
898
2723
897
2484
2485
2193
4603
4605
2856
1598
3967
3970
265
3111
3121
3120
3317
1614
3119
3110
3117
2801
824
825
308
309
4619
368
3090
2964
3078
2152
2151
721
720
2150
367
4618
4617
2149
4620
4621
1615
4805
4806
3446
3445
2761
2762
1988
2276
2021
2646
922
4612
924
925
2284
1547
3693
3046
2847
2049
2048
2818
2817
923
4614
4613
4609
4611
4610
2277
2022
2647
2763
3039
1016
1706
1707
2764
4118
4112
4113
4111
4109
4110
4104
4106
4107
4117
4114
4116
4115
4105
4108
4103
4102
4100
3784
4091
4101
4095
4096
4099
4097
4098
4093
4092
4094
2765
4090
4088
4089
4087
1453
616
617
4845
618
619
620
526
621
1806
405
404
407
889
2303
2178
2179
623
622
1667
624
2386
2387
2714
1280
1284
1885
1886
2288
1175
1176
1283
1517
1281
1282
2840
2715
2272
2273
2707
1883
1884
2967
1882
1881
1952
3761
3762
3764
1953
3760
3765
3763
3766
1954
1955
1471
3575
1466
1467
2985
2891
3380
243
3381
1469
2039
716
3734
717
718
719
2443
1783
3735
1470
3609
3608
3767
3770
3768
3769
3775
3773
3772
3774
3776
3771
1020
1021
2460
982
2970
2461
524
525
4846
2385
2172
527
406
528
4155
4161
4158
4160
1513
4165
4173
4167
4166
4164
4682
4681
4685
4686
4684
4683
792
2512
193
24
194
25
1968
3893
3888
3886
3874
3873
333
332
4680
4679
4678
4677
4736
4737
2805
2649
3887
2650
3045
2602
1165
52
53
54
55
2648
3091
1765
1495
3891
360
359
1494
1764
3061
2808
3082
2809
790
789
2604
2603
2664
2861
2810
1356
1355
2635
2634
3048
2811
2672
2671
2047
2046
3892
2605
2812
3889
3890
4080
4077
4078
4082
4081
4079
2298
2299
2859
2860
2297
2796
4789
2857
2858
1428
4065
4064
4758
4073
4072
4071
4070
4069
4068
4060
4062
4063
4059
4061
4066
3986
3987
4067
378
1427
4790
3059
2194
2947
1212
1213
2509
2789
823
822
3682
3681
3683
2025
1932
1931
1372
1371
2788
2195
296
1211
1429
297
298
1430
1431
58
1659
57
1620
49
48
1577
2219
2626
2220
1056
1055
2221
2218
3040
2217
56
1887
314
313
1576
756
755
4003
4002
4000
4001
4005
4004
1747
1746
4006
1745
1888
267
266
3050
4674
3051
4698
2314
2879
168
169
166
167
3049
1118
1880
343
342
2895
4877
1136
890
203
1135
202
1391
177
1546
2096
2095
4849
2227
113
4847
111
4848
109
110
112
2226
101
4026
4027
4030
4029
2248
258
3132
3100
3131
4366
254
253
4364
256
255
252
257
4365
223
224
4031
4028
4025
229
228
327
2247
454
3997
3996
455
3993
3992
3994
3995
3991
3990
3989
3988
3999
3998
288
301
300
299
102
1889
1879
4850
4851
2667
2754
2668
710
709
2611
2610
123
2599
2669
3081
3029
3027
3028
2689
386
165
1451
140
139
371
138
137
136
369
303
273
272
2171
302
1974
1692
235
234
233
232
1691
1690
1975
230
231
237
236
4879
238
3098
3927
3133
1452
3134
2978
400
2979
3099
1454
3062
2939
445
444
2506
399
398
434
433
1455
214
213
1456
1976
1698
1457
2370
2369
1105
4735
1108
1107
1458
1106
153
152
151
150
1426
4084
4086
4085
2865
4083
1459
1153
1152
4074
4075
4076
2937
1460
582
581
2322
2103
2104
2678
858
859
860
1461
4712
1641
1514
4863
1463
1462
2820
2598
2597
3063
3044
2589
2173
2174
2560
457
456
2175
2176
2177
1413
1414
1412
2999
2998
1411
1285
1286
2135
2102
2906
3047
2101
856
2100
2099
857
1464
1465
3687
3686
3691
3685
3690
3689
3688
3692
3684
1262
1261
914
2117
915
759
760
1619
4589
2337
2896
1994
1763
1993
1992
1991
814
1808
1807
3737
3736
2444
2407
1714
1713
1468
2408
2153
2873
793
2543
2154
2026
2027
1618
916
917
2307
2134
919
918
920
921
2431
3748
3739
3752
3743
3753
3738
3744
3742
3746
4574
4573
4572
3745
3751
3749
3740
3750
3741
2699
3747
2990
4469
744
745
3733
816
815
1951
2851
1950
3778
3777
3928
3757
3758
3755
3754
3756
3759
707
1949
2915
1397
706
1396
290
289
2083
2880
2082
1948
692
691
2499
310
2498
2437
671
335
218
216
72
71
215
217
70
2327
69
68
67
640
3985
670
293
292
2830
3322
4615
4616
2204
2203
2202
669
880
668
863
667
2293
1310
2596
1311
142
141
143
2294
666
665
144
3321
4471
4470
2198
664
146
4518
663
3033
352
145
2246
1030
1031
2245
351
2989
4627
4624
1796
4628
1090
4625
3092
4626
4629
4464
4630
662
537
4457
350
4522
4521
4520
4519
3118
3109
4804
4803
4662
4663
4666
4665
4664
3531
1957
701
700
1723
1632
1724
3532
1631
476
475
474
473
472
135
134
1816
1722
699
2822
2580
1956
4587
4586
4588
2448
1743
341
340
1744
660
548
536
547
546
661
813
47
659
45
44
480
481
46
658
1250
657
1973
479
698
478
477
1721
656
655
654
653
652
1633
3205
708
1634
649
172
171
674
2071
1843
471
3155
3154
2814
2076
2077
3153
1958
4466
4467
2023
2024
4505
2223
4585
3156
4545
1101
4527
4581
4668
1100
4580
4465
2224
1593
2519
2259
2804
549
2258
2257
540
4746
4747
3006
1137
4638
705
1138
4633
4649
4642
4635
4640
4636
583
891
892
893
2929
1365
3043
1139
4643
2222
4648
4641
4632
4645
4639
3168
3167
4646
3166
1164
4634
4637
4647
4644
3965
1140
3005
2587
2168
2870
3966
4780
2576
2035
2034
2588
2575
1299
1298
2347
2352
2353
937
938
1366
2036
2037
1749
2916
2932
1296
8
9
1297
516
84
2622
515
514
83
2836
82
513
1500
4506
2231
2197
2196
2620
2907
2621
2980
2981
2624
2623
2625
1235
2420
1738
1739
1254
1063
1253
2806
1252
1251
2544
2545
1638
1064
1740
2821
2726
4826
1737
1600
1599
2285
2287
2286
1601
2944
1602
1603
4570
3128
90
1900
1901
2073
1035
1034
2074
1835
4706
4705
4582
4583
1834
4472
4523
4473
4525
4502
3152
3147
4503
4501
4442
23
4477
4584
4524
2573
2574
2837
2230
2229
81
512
1295
1294
7
1145
704
703
1748
702
2931
2651
1183
1182
1144
1293
6
511
2170
510
509
508
2412
881
882
2045
693
2212
607
2211
2044
2232
4763
2042
2041
1597
3199
3201
3200
496
497
2040
1786
2043
2210
606
611
610
609
608
498
1071
1072
499
4539
574
1570
1571
4264
4265
4261
4263
4268
4270
4269
1805
2692
1065
4266
875
1066
4267
4273
4274
4275
4278
4277
1067
4262
1068
2324
4297
4296
4292
4289
4294
4301
2323
4293
4280
4284
1069
4691
1070
4692
3135
3143
3149
3148
4757
3136
3144
3145
3137
3150
3151
4809
3138
3139
3140
3142
3141
4575
4576
684
373
275
3169
3171
4526
329
3170
22
21
330
156
3448
3449
3441
733
870
1815
1983
2213
4479
4480
3438
3439
2951
242
3436
1984
3422
1985
4719
4718
687
3443
4716
4717
1961
1054
4482
1012
1013
4483
1011
1010
395
99
100
394
396
397
1666
1665
491
492
1837
2949
381
382
735
1836
4836
4835
1902
4829
4830
4832
4831
1938
4834
4833
4487
4488
4489
4490
4494
4496
4498
4500
4499
4497
4495
4493
4492
4491
1937
393
389
4827
4828
392
391
4861
4862
390
4754
4752
91
4753
4755
571
572
1491
1604
1605
1227
4751
1224
1225
4529
1226
4058
4056
4057
4694
4693
4696
4695
1606
1093
1092
520
519
1228
1607
1049
4700
1050
1608
1853
2559
1942
1943
3129
2367
3925
3926
3924
737
2366
3922
3923
1610
1611
1612
4042
4040
4039
4041
4043
4045
4044
4046
1613
2411
2867
1609
736
3921
4050
4053
4054
4055
4049
4048
4047
4051
4052
384
383
188
187
186
211
210
212
934
1775
1169
1170
1774
2738
935
936
1535
1534
374
375
376
2654
1533
4378
4379
4377
4380
2878
1986
1041
1042
1344
2122
3730
3725
3726
3727
1343
1342
1040
4507
1350
2068
1987
3095
4485
3096
4369
4373
2069
2070
2993
4484
1351
4367
4368
4370
4372
4371
4374
1043
1352
4376
2236
2237
4375
4701
4702
944
3097
1044
2670
3425
3427
161
158
1045
1635
1636
421
1121
2399
2582
2019
2018
245
244
3729
3030
2779
2087
2086
2780
2020
159
160
3424
3426
2241
3442
4815
338
281
282
283
284
285
286
319
320
321
322
323
324
325
3379
280
279
278
178
326
179
3432
1091
3423
3431
3433
1962
3435
3434
4721
4720
4713
3421
4714
4715
3428
4724
3429
4481
3430
3437
4840
4839
3440
1814
686
685
734
3919
3918
3172
3173
154
3174
157
3180
155
3915
3175
3181
3916
3182
3179
3183
3372
126
127
3371
372
682
584
711
3146
683
1575
1574
1573
1572
949
2721
950
4288
874
4295
4290
4285
4283
4286
4302
4303
4307
4311
4319
4308
4313
4315
4310
4305
4298
4287
4282
4271
29
30
573
500
2794
4272
3195
1911
1910
4538
4537
3002
2067
1928
4652
1927
4653
2066
844
2065
2064
1563
401
402
956
2164
2163
2118
1518
1519
1520
1521
957
403
1865
1866
958
2680
2868
2119
2795
4533
4534
1809
2869
4837
2781
2525
2524
2523
2522
2521
2270
2271
959
1867
1730
2766
2165
2614
955
2389
2613
1184
1784
2057
1185
1186
1187
1878
1785
62
61
60
59
2807
2945
2062
2390
1147
2063
1146
2642
847
846
845
2214
4761
1564
4760
1565
1566
1567
4441
2643
1908
2075
1148
2391
3022
1188
1909
3101
1189
539
495
4631
2686
1569
1568
4276
4279
4281
4291
4304
4300
4299
3197
3196
4314
4312
4318
3198
1912
2157
4317
4309
4306
4316
4320
1913
1967
1914
3052
422
4745
423
424
4744
3346
3339
3344
3347
4807
3345
3340
3338
4808
3349
3348
3343
3341
3337
3342
1965
1964
1930
1645
3982
3983
1646
3177
3178
3370
3373
3375
2004
3917
3378
1798
1797
3699
1499
1348
1349
1799
1800
1695
3720
862
219
128
129
3710
220
1208
1207
1801
3014
2092
3712
3713
3444
2008
3004
2009
1190
199
162
1191
2010
3715
3718
206
2364
2365
3708
315
358
357
3084
632
631
2556
630
1919
3723
463
3717
3724
3719
462
461
460
1117
459
458
1221
2618
2192
1104
1103
250
249
2191
2846
2319
1222
2698
1223
2617
2697
2696
2313
2108
1936
2011
2012
2684
2013
1220
1219
2816
2014
2015
2016
2653
3732
3731
2017
312
311
977
978
2289
2290
3728
4381
1300
1301
2426
2427
336
337
2583
2584
2469
2470
2292
2291
4703
4704
2445
4699
3722
3709
1990
3703
3714
3711
3704
192
191
4876
246
247
248
1553
1554
1555
3705
3706
3707
0
